src_user,total_events,success_ratio,fail_ratio,unique_dst,night_ratio,self_user_ratio,iforest_score
U2088@?,9022,0.0,0.0,3,1.0,1.0,0.30240906197009887
U53@DOM1,1835,0.9694822888283379,0.0,3,1.0,0.06430517711171663,0.3006680714560154
C217$@DOM1,3436,1.0,0.0,7,1.0,0.02357392316647264,0.29660441281336136
C467$@DOM1,5861,0.9965876130353182,0.0,94,1.0,0.9645111755673094,0.2954436091081911
U199@DOM1,1293,0.8236658932714617,0.0,27,1.0,0.9040989945862336,0.29181913456144126
C1114$@DOM1,20189,0.9950468076675417,0.0,21,1.0,1.0,0.29055763142496627
C457$@DOM1,5862,0.9911293074036165,0.0,113,1.0,0.9967587853974753,0.289991195363523
U292@DOM1,14716,1.0,0.0,33,1.0,0.9806333242729003,0.2877350338145287
C988$@DOM1,9011,0.9960048829208745,0.0,21,1.0,0.9935634224836312,0.2872781923543781
U22@DOM1,44555,0.9372236561553137,0.0,16,1.0,0.9999775558298732,0.28638634039274025
NETWORK SERVICE@C2496,297,0.936026936026936,0.0,1,1.0,0.0,0.28557761100342005
C104$@DOM1,14920,0.9963806970509383,0.0,21,1.0,1.0,0.28500386451791426
U7800@DOM1,2249,0.0,0.0,1,1.0,1.0,0.2828485027783728
U66@DOM1,33551,1.0,0.0,125,1.0,0.9999105838872164,0.2816429809172346
C599$@DOM1,18461,0.9979957748767673,0.0,21,1.0,1.0,0.28154145445407297
U78@DOM1,3740,1.0,0.0,43,1.0,0.9149732620320855,0.2794607765149806
U1718@?,221,0.0,0.0,215,1.0,1.0,0.27758872476063146
U24@DOM1,2928,0.9993169398907104,0.0,31,1.0,0.9153005464480874,0.2756466881074643
C698$@DOM1,2263,1.0,0.0,8,1.0,0.23066725585505965,0.27409956378365996
C1085$@DOM1,3928,0.9910896130346232,0.0,21,1.0,0.9837067209775967,0.2735404273247639
C1617$@DOM1,15396,1.0,0.0,22,1.0,1.0,0.27233914671261683
C523$@DOM1,4001,0.9927518120469883,0.0,20,1.0,0.9807548112971757,0.2721218803198324
C567$@DOM1,14152,1.0,0.0,22,1.0,1.0,0.27207791385312263
C1527$@DOM1,1625,0.0,0.0,10,1.0,1.0,0.26872538345615293
C538$@DOM1,11855,1.0,0.0,21,1.0,1.0,0.2665481249513537
C1794$@DOM1,11296,1.0,0.0,21,1.0,1.0,0.2659001040522917
U5276@DOM1,13767,1.0,0.0,5,1.0,0.7563013002106487,0.26556037684220646
C1766$@DOM1,10922,1.0,0.0,21,1.0,1.0,0.2652526309741322
C123$@DOM1,10937,1.0,0.0,21,1.0,1.0,0.2652526309741322
U113@DOM1,9675,1.0,0.0,1,1.0,0.8165374677002584,0.260035044560053
U6@DOM1,5634,1.0,0.0,21,1.0,0.9976925807596734,0.2585838144537438
U456@DOM5,14,1.0,0.0,14,1.0,0.0,0.2585796662805504
U9612@DOM1,8,0.5,0.0,2,1.0,0.5,0.25489021517191623
U358@C2521,2,0.5,0.0,2,1.0,0.5,0.25465831861771004
U358@C291,2,0.5,0.0,2,1.0,0.5,0.25465831861771004
U358@C1139,2,0.5,0.0,2,1.0,0.5,0.25465831861771004
U358@C1993,2,0.5,0.0,2,1.0,0.5,0.25465831861771004
U358@C241,2,0.5,0.0,2,1.0,0.5,0.25465831861771004
U358@C2254,2,0.5,0.0,2,1.0,0.5,0.25465831861771004
U358@C742,2,0.5,0.0,2,1.0,0.5,0.25465831861771004
U358@C1382,2,0.5,0.0,2,1.0,0.5,0.25465831861771004
U358@C2057,2,0.5,0.0,2,1.0,0.5,0.25465831861771004
U358@C2039,2,0.5,0.0,2,1.0,0.5,0.25465831861771004
U358@C1089,2,0.5,0.0,2,1.0,0.5,0.25465831861771004
U358@C1503,2,0.5,0.0,2,1.0,0.5,0.25465831861771004
U358@C1567,2,0.5,0.0,2,1.0,0.5,0.25465831861771004
U399@DOM5,279,1.0,0.0,1,1.0,0.0,0.2524994195869864
U358@C1611,3,0.3333333333333333,0.0,2,1.0,0.6666666666666666,0.2505821421683363
U5101@DOM1,3,0.3333333333333333,0.0,2,1.0,0.6666666666666666,0.2505821421683363
C2096$@?,981,0.0,0.0,3,1.0,1.0,0.2501795485041851
C101$@DOM1,4717,1.0,0.0,19,1.0,0.9874920500317999,0.2464066903957518
C2092$@DOM1,4922,1.0,0.0,21,1.0,1.0,0.2455826817837038
U20@DOM1,443,0.9954853273137697,0.0,20,1.0,0.8306997742663657,0.24364104973976075
C1737$@DOM1,1930,1.0,0.0,21,1.0,0.9699481865284975,0.23923121469268227
U94@DOM1,8531,1.0,0.0,3,1.0,0.9345914898605088,0.2386314874071852
U183@DOM5,112,1.0,0.0,1,1.0,0.0,0.23806513506740434
U8@DOM1,3513,1.0,0.0,20,1.0,0.9948761742100769,0.2374534537129792
C1931$@DOM1,3898,1.0,0.0,21,1.0,1.0,0.2362423013978192
U1825@?,365,0.0,0.0,2,1.0,1.0,0.23482301820428353
C553$@DOM1,6640,1.0,0.0,15,1.0,0.9911144578313253,0.23466062415444067
U7@DOM1,8750,1.0,0.0,15,1.0,0.9990857142857142,0.2346350800083391
ANONYMOUS LOGON@C586,68213,1.0,0.0,1,1.0,1.0,0.23434182684219174
U199@?,359,0.0,0.0,2,1.0,1.0,0.23420181692884057
U400@C832,337,1.0,0.0,1,1.0,0.17210682492581603,0.23381383725955285
C1708$@DOM1,6002,1.0,0.0,17,1.0,1.0,0.23356893570505466
C1035$@DOM1,4261,1.0,0.0,7,1.0,0.8319643276226238,0.2326773166006767
C589$@DOM1,263,0.6996197718631179,0.0,5,1.0,0.6996197718631179,0.2323169765420261
U65@C1669,1384,1.0,0.0,1,1.0,0.6026011560693642,0.23135604905831375
U63@DOM1,9157,1.0,0.0,14,1.0,0.9990171453532817,0.2285081381090761
U6668@C14945,205,0.0,0.0,1,1.0,1.0,0.22844978002245508
C885$@DOM1,729,1.0,0.0,6,1.0,0.23593964334705075,0.22828801558932232
U14@DOM1,8372,1.0,0.0,15,1.0,1.0,0.22741091574080174
U7761@DOM1,7,1.0,0.0,2,1.0,0.0,0.2264181781780923
U579@DOM21,5,1.0,0.0,2,1.0,0.0,0.22476771298982567
U9654@DOM1,16,1.0,0.0,1,1.0,0.0,0.22474405341631476
U5236@DOM1,16,1.0,0.0,1,1.0,0.0,0.22474405341631476
U73@?,169,0.0,0.0,1,1.0,1.0,0.22459158911728616
SYSTEM@C793,27,1.0,0.0,1,1.0,0.0,0.2245677722903705
C4858$@DOM1,168,0.0,0.0,1,1.0,1.0,0.22420218319271168
U25@DOM3,2,1.0,0.0,2,1.0,0.0,0.22390495983264058
U6005@DOM1,15,1.0,0.0,1,1.0,0.0,0.22369894166653947
U4514@DOM1,15,1.0,0.0,1,1.0,0.0,0.22369894166653947
C3390$@DOM1,104,0.0,0.0,1,1.0,1.0,0.22273787368205045
C3165$@DOM1,95,0.0,0.0,1,1.0,1.0,0.22269021555510504
C3131$@DOM1,523,0.0038240917782026767,0.0,9,1.0,0.9961759082217974,0.2220820801688005
C2676$@DOM1,179,0.6871508379888268,0.0,5,1.0,0.6871508379888268,0.22200366177483544
U8195@?,163,0.0,0.0,14,1.0,1.0,0.22197456182709507
C9665$@DOM1,124,0.0,0.0,1,1.0,1.0,0.22191107403575616
C2653$@DOM1,524,0.0,0.0,10,1.0,1.0,0.22186340210324051
C1869$@?,235,0.0,0.0,2,1.0,1.0,0.22169403634944607
U1534@C1432,7,0.2857142857142857,0.0,2,1.0,0.8571428571428571,0.2211820842496549
U1829@?,200,0.0,0.0,2,1.0,1.0,0.21969929190988324
U6463@DOM1,9,1.0,0.0,1,1.0,0.0,0.21819203628936745
U7298@?,190,0.0,0.0,2,1.0,1.0,0.21772491147057849
C1710$@DOM1,496,1.0,0.0,10,1.0,0.42943548387096775,0.21655249210764893
C3169$@DOM1,59,0.0,0.0,1,1.0,1.0,0.21566071616571336
U12@DOM1,1331,0.9992486851990984,0.0,27,1.0,0.9977460555972952,0.2152515003118377
ANONYMOUS LOGON@C529,7322,1.0,0.0,1,1.0,1.0,0.21513640665072753
ANONYMOUS LOGON@C612,7255,1.0,0.0,1,1.0,1.0,0.21513640665072753
ANONYMOUS LOGON@C457,6932,1.0,0.0,1,1.0,1.0,0.21477361007759888
U256@DOM1,3917,1.0,0.0,17,1.0,1.0,0.21470278426269063
U3@DOM1,3729,1.0,0.0,16,1.0,0.996781979082864,0.2146479098670515
U6411@C14483,52,0.0,0.0,1,1.0,1.0,0.21450174428765834
C4022$@DOM1,50,0.0,0.0,1,1.0,1.0,0.21438089898266144
C4033$@DOM1,50,0.0,0.0,1,1.0,1.0,0.21438089898266144
U4@DOM1,3877,1.0,0.0,16,1.0,0.9984524116584989,0.21430104243235237
NETWORK SERVICE@C1928,4,1.0,0.0,1,1.0,0.0,0.21417195799449507
NETWORK SERVICE@C1946,4,1.0,0.0,1,1.0,0.0,0.21417195799449507
SYSTEM@C284,4,1.0,0.0,1,1.0,0.0,0.21417195799449507
SYSTEM@C231,4,1.0,0.0,1,1.0,0.0,0.21417195799449507
U589@DOM1,43,0.0,0.0,1,1.0,1.0,0.2139433469613119
C5167$@?,119,0.0,0.0,2,1.0,1.0,0.21277126700313664
C395$@DOM1,6743,1.0,0.0,13,1.0,0.9955509417173365,0.21260169040183674
SYSTEM@C639,1,1.0,0.0,1,1.0,0.0,0.21251501670274575
SYSTEM@C685,1,1.0,0.0,1,1.0,0.0,0.21251501670274575
SYSTEM@C398,1,1.0,0.0,1,1.0,0.0,0.21251501670274575
SYSTEM@C96,1,1.0,0.0,1,1.0,0.0,0.21251501670274575
SYSTEM@C972,1,1.0,0.0,1,1.0,0.0,0.21251501670274575
SYSTEM@C631,1,1.0,0.0,1,1.0,0.0,0.21251501670274575
U6674@DOM29,1,1.0,0.0,1,1.0,0.0,0.21251501670274575
U6835@DOM1,1,1.0,0.0,1,1.0,0.0,0.21251501670274575
U9612@DOM80,1,1.0,0.0,1,1.0,0.0,0.21251501670274575
C5575$@DOM8,1,1.0,0.0,1,1.0,0.0,0.21251501670274575
C798$@DOM1,1,1.0,0.0,1,1.0,0.0,0.21251501670274575
U1830@DOM5,1,1.0,0.0,1,1.0,0.0,0.21251501670274575
C5683$@DOM1,1,1.0,0.0,1,1.0,0.0,0.21251501670274575
C14856$@DOM1,1,1.0,0.0,1,1.0,0.0,0.21251501670274575
U1565@C2125,1,1.0,0.0,1,1.0,0.0,0.21251501670274575
C5655$@DOM8,1,1.0,0.0,1,1.0,0.0,0.21251501670274575
U6942@DOM5,1,1.0,0.0,1,1.0,0.0,0.21251501670274575
SYSTEM@C14319,1,1.0,0.0,1,1.0,0.0,0.21251501670274575
SYSTEM@C1046,1,1.0,0.0,1,1.0,0.0,0.21251501670274575
SYSTEM@C1771,1,1.0,0.0,1,1.0,0.0,0.21251501670274575
SYSTEM@C1599,1,1.0,0.0,1,1.0,0.0,0.21251501670274575
SYSTEM@C310,1,1.0,0.0,1,1.0,0.0,0.21251501670274575
NETWORK SERVICE@C2125,1,1.0,0.0,1,1.0,0.0,0.21251501670274575
U358@C1042,1,1.0,0.0,1,1.0,0.0,0.21251501670274575
U358@C466,1,1.0,0.0,1,1.0,0.0,0.21251501670274575
U358@C1570,1,1.0,0.0,1,1.0,0.0,0.21251501670274575
NETWORK SERVICE@C1786,1,1.0,0.0,1,1.0,0.0,0.21251501670274575
NETWORK SERVICE@C1846,1,1.0,0.0,1,1.0,0.0,0.21251501670274575
C3976$@DOM8,1,1.0,0.0,1,1.0,0.0,0.21251501670274575
C20742$@DOM115,1,1.0,0.0,1,1.0,0.0,0.21251501670274575
NETWORK SERVICE@C2982,1,1.0,0.0,1,1.0,0.0,0.21251501670274575
SYSTEM@C465,1,1.0,0.0,1,1.0,0.0,0.21251501670274575
SYSTEM@C5653,1,1.0,0.0,1,1.0,0.0,0.21251501670274575
SYSTEM@C611,1,1.0,0.0,1,1.0,0.0,0.21251501670274575
SYSTEM@C21301,1,1.0,0.0,1,1.0,0.0,0.21251501670274575
SYSTEM@C20532,1,1.0,0.0,1,1.0,0.0,0.21251501670274575
C1121$@DOM1,1,1.0,0.0,1,1.0,0.0,0.21251501670274575
SYSTEM@C1797,1,1.0,0.0,1,1.0,0.0,0.21251501670274575
C2012$@DOM1,1,1.0,0.0,1,1.0,0.0,0.21251501670274575
SYSTEM@C621,1,1.0,0.0,1,1.0,0.0,0.21251501670274575
U1327@DOM5,1,1.0,0.0,1,1.0,0.0,0.21251501670274575
NETWORK SERVICE@C1628,1,1.0,0.0,1,1.0,0.0,0.21251501670274575
C5185$@DOM8,1,1.0,0.0,1,1.0,0.0,0.21251501670274575
C4827$@DOM1,1,1.0,0.0,1,1.0,0.0,0.21251501670274575
NETWORK SERVICE@C1999,1,1.0,0.0,1,1.0,0.0,0.21251501670274575
C5675$@DOM8,1,1.0,0.0,1,1.0,0.0,0.21251501670274575
NETWORK SERVICE@C3078,1,1.0,0.0,1,1.0,0.0,0.21251501670274575
C3321$@DOM1,1,1.0,0.0,1,1.0,0.0,0.21251501670274575
NETWORK SERVICE@C1678,1,1.0,0.0,1,1.0,0.0,0.21251501670274575
NETWORK SERVICE@C2918,1,1.0,0.0,1,1.0,0.0,0.21251501670274575
NETWORK SERVICE@C3434,1,1.0,0.0,1,1.0,0.0,0.21251501670274575
U5914@DOM116,1,1.0,0.0,1,1.0,0.0,0.21251501670274575
NETWORK SERVICE@C4996,1,1.0,0.0,1,1.0,0.0,0.21251501670274575
SYSTEM@C10,1,1.0,0.0,1,1.0,0.0,0.21251501670274575
NETWORK SERVICE@C2743,1,1.0,0.0,1,1.0,0.0,0.21251501670274575
NETWORK SERVICE@C3058,1,1.0,0.0,1,1.0,0.0,0.21251501670274575
ANONYMOUS LOGON@C467,6709,1.0,0.0,1,1.0,1.0,0.21248940001956862
SYSTEM@C1500,2,1.0,0.0,1,1.0,0.0,0.2120070053412504
SYSTEM@C482,2,1.0,0.0,1,1.0,0.0,0.2120070053412504
SYSTEM@C2768,2,1.0,0.0,1,1.0,0.0,0.2120070053412504
SYSTEM@C2660,2,1.0,0.0,1,1.0,0.0,0.2120070053412504
SYSTEM@C2082,2,1.0,0.0,1,1.0,0.0,0.2120070053412504
SYSTEM@C5618,2,1.0,0.0,1,1.0,0.0,0.2120070053412504
U591@DOM10,2,1.0,0.0,1,1.0,0.0,0.2120070053412504
C3358$@DOM6,2,1.0,0.0,1,1.0,0.0,0.2120070053412504
NETWORK SERVICE@C1720,2,1.0,0.0,1,1.0,0.0,0.2120070053412504
NETWORK SERVICE@C1152,2,1.0,0.0,1,1.0,0.0,0.2120070053412504
SYSTEM@C385,2,1.0,0.0,1,1.0,0.0,0.2120070053412504
NETWORK SERVICE@C2186,5,1.0,0.0,1,1.0,0.0,0.2119677433380306
NETWORK SERVICE@C1929,6,1.0,0.0,1,1.0,0.0,0.2118646299511071
NETWORK SERVICE@C2472,6,1.0,0.0,1,1.0,0.0,0.2118646299511071
C20733$@DOM1,6,1.0,0.0,1,1.0,0.0,0.2118646299511071
NETWORK SERVICE@C3245,6,1.0,0.0,1,1.0,0.0,0.2118646299511071
U10334@DOM30,3,1.0,0.0,1,1.0,0.0,0.21121754362963174
NETWORK SERVICE@C1759,3,1.0,0.0,1,1.0,0.0,0.21121754362963174
NETWORK SERVICE@C2198,3,1.0,0.0,1,1.0,0.0,0.21121754362963174
NETWORK SERVICE@C3108,3,1.0,0.0,1,1.0,0.0,0.21121754362963174
NETWORK SERVICE@C3547,3,1.0,0.0,1,1.0,0.0,0.21121754362963174
C586$@DOM1,6239,0.9964737938772239,0.0,6,1.0,0.990062510017631,0.21096989190219329
U1702@?,47,0.0,0.0,2,1.0,1.0,0.21059851549444653
U6896@DOM1,43,0.0,0.0,2,1.0,1.0,0.21042848535559944
U718@DOM1,34,0.0,0.0,1,1.0,1.0,0.21025325652111215
U200@DOM1,2052,1.0,0.0,1,1.0,0.8576998050682261,0.21015042182275112
U1600@DOM1,390,0.9974358974358974,0.0,27,1.0,0.9743589743589743,0.20941210765601015
U20@?,20,0.0,0.0,12,1.0,1.0,0.20915082530930684
C2075$@DOM1,1800,1.0,0.0,22,1.0,1.0,0.20896823768759298
U202@DOM1,542,1.0,0.0,1,1.0,0.5,0.20891946914329973
U5025@?,33,0.0,0.0,2,1.0,1.0,0.20876775870381548
U2499@?,15,0.0,0.0,2,1.0,1.0,0.20847397216560282
U912@?,15,0.0,0.0,2,1.0,1.0,0.20847397216560282
U3611@?,13,0.0,0.0,2,1.0,1.0,0.20826091594059748
U77@DOM1,9,0.7777777777777778,0.0,3,1.0,0.6666666666666666,0.20823205391416733
U6998@?,21,0.0,0.0,2,1.0,1.0,0.20802275198205478
U1325@?,21,0.0,0.0,2,1.0,1.0,0.20802275198205478
U1235@?,12,0.0,0.0,2,1.0,1.0,0.20800398989673818
U384@?,14,0.0,0.0,2,1.0,1.0,0.20799479049361136
U7522@?,14,0.0,0.0,2,1.0,1.0,0.20799479049361136
U1216@?,20,0.0,0.0,2,1.0,1.0,0.20782111977157036
U1172@?,19,0.0,0.0,2,1.0,1.0,0.20782111977157036
U480@DOM1,18,0.0,0.0,2,1.0,1.0,0.20771916216846642
U162@?,18,0.0,0.0,2,1.0,1.0,0.20771916216846642
U1359@?,10,0.0,0.0,2,1.0,1.0,0.2072410696844057
U633@C3227,10,0.0,0.0,2,1.0,1.0,0.2072410696844057
U63@?,10,0.0,0.0,2,1.0,1.0,0.2072410696844057
U9139@?,10,0.0,0.0,2,1.0,1.0,0.2072410696844057
U42@DOM15,77,1.0,0.0,2,1.0,0.18181818181818182,0.20703451272646767
U5102@?,4,0.0,0.0,2,1.0,1.0,0.2069679496607466
U9303@?,4,0.0,0.0,2,1.0,1.0,0.2069679496607466
C3580$@DOM1,86,0.011627906976744186,0.0,10,1.0,0.9883720930232558,0.2069167182183318
SYSTEM@C4169,28,0.0,0.0,1,1.0,1.0,0.2068515506143912
U8617@?,2,0.0,0.0,2,1.0,1.0,0.20672490519120124
U8494@?,2,0.0,0.0,2,1.0,1.0,0.20672490519120124
U1600@?,8,0.0,0.0,2,1.0,1.0,0.20654460140721176
U7290@?,8,0.0,0.0,2,1.0,1.0,0.20654460140721176
U2740@?,8,0.0,0.0,2,1.0,1.0,0.20654460140721176
U4373@?,17,0.0,0.0,2,1.0,1.0,0.20649830707120687
U3455@?,17,0.0,0.0,2,1.0,1.0,0.20649830707120687
U1347@?,8,0.0,0.0,3,1.0,1.0,0.20619790102056934
U225@?,8,0.0,0.0,3,1.0,1.0,0.20619790102056934
U83@C1747,886,1.0,0.0,1,1.0,0.6467268623024831,0.20604789161163028
U7394@?,3,0.0,0.0,2,1.0,1.0,0.20575024448977353
U1298@?,3,0.0,0.0,2,1.0,1.0,0.20575024448977353
U10077@?,3,0.0,0.0,2,1.0,1.0,0.20575024448977353
U415@?,3,0.0,0.0,2,1.0,1.0,0.20575024448977353
U7941@DOM1,26,0.0,0.0,1,1.0,1.0,0.20553054989499187
U86@?,5,0.0,0.0,3,1.0,1.0,0.2052077723924367
U7319@?,6,0.0,0.0,2,1.0,1.0,0.20510957203420233
U6360@?,6,0.0,0.0,2,1.0,1.0,0.20510957203420233
U1170@?,6,0.0,0.0,2,1.0,1.0,0.20510957203420233
U4639@C11307,7,0.0,0.0,2,1.0,1.0,0.20500458060076443
U4524@?,7,0.0,0.0,2,1.0,1.0,0.20500458060076443
U8478@?,7,0.0,0.0,2,1.0,1.0,0.20500458060076443
U896@?,7,0.0,0.0,2,1.0,1.0,0.20500458060076443
C1972$@DOM1,511,1.0,0.0,8,1.0,0.46966731898238745,0.20438043956979468
C743$@DOM1,19421,1.0,0.0,10,1.0,1.0,0.2031564380515769
U8021@?,31,0.0,0.0,3,1.0,1.0,0.20218620289530054
U79@C1731,843,1.0,0.0,1,1.0,0.6666666666666666,0.20205436160150458
C585$@DOM1,20990,1.0,0.0,9,1.0,1.0,0.20150917338726615
U824@DOM1,1374,1.0,0.0,20,1.0,0.9934497816593887,0.20085886975759026
U6673@DOM1,26,1.0,0.0,3,1.0,0.15384615384615385,0.19979513438278662
C13499$@?,21,0.0,0.0,1,1.0,1.0,0.19938400157749814
U235@DOM1,994,1.0,0.0,23,1.0,0.9889336016096579,0.19920703995500133
SYSTEM@C3598,11,1.0,0.0,1,1.0,0.09090909090909091,0.19917122557446332
U4033@DOM1,1276,1.0,0.0,27,1.0,1.0,0.19916014652763436
U2067@C6336,66,0.0,0.0,3,1.0,1.0,0.19896758081347465
U3303@DOM1,583,1.0,0.0,4,1.0,0.5231560891938251,0.1986202595614659
C2588$@DOM1,367,1.0,0.0,8,1.0,0.3651226158038147,0.1980879206350621
ANONYMOUS LOGON@C1065,4917,1.0,0.0,1,1.0,1.0,0.19806512102290819
ANONYMOUS LOGON@C625,4849,1.0,0.0,1,1.0,1.0,0.19806512102290819
U7353@C1596,17,0.0,0.0,1,1.0,1.0,0.1970651489511709
U4665@DOM1,1322,1.0,0.0,2,1.0,0.7912254160363086,0.19676963000078562
U1840@DOM1,16,0.0,0.0,1,1.0,1.0,0.1965684480323091
U306@DOM1,16,0.0,0.0,1,1.0,1.0,0.1965684480323091
U8077@?,4,0.0,0.0,4,1.0,1.0,0.19630354677851902
U206@DOM1,1090,1.0,0.0,2,1.0,0.7504587155963303,0.19627831940828866
U396@?,6,0.0,0.0,4,1.0,1.0,0.19605798668732877
U6631@?,15,0.0,0.0,4,1.0,1.0,0.19518078882815726
U767@DOM1,2320,1.0,0.0,17,1.0,1.0,0.19509898675504056
ANONYMOUS LOGON@C528,4609,1.0,0.0,1,1.0,1.0,0.19451922340462435
C561$@DOM1,1369,1.0,0.0,13,1.0,0.9276844411979547,0.19439715025495286
SYSTEM@C4924,9,1.0,0.0,1,1.0,0.1111111111111111,0.19439564636654783
U9332@DOM78,12,0.0,0.0,1,1.0,1.0,0.19384409144216808
U9787@DOM1,12,0.0,0.0,1,1.0,1.0,0.19384409144216808
U10770@DOM1,270,0.0,0.0,6,1.0,1.0,0.19298524078188228
U2057@DOM1,19,1.0,0.0,3,1.0,0.21052631578947367,0.19154081208943718
U194@?,30,0.0,0.0,4,1.0,1.0,0.191010146169329
U9649@C20347,10,0.0,0.0,1,1.0,1.0,0.19091220233754158
U6967@C4907,10,0.0,0.0,1,1.0,1.0,0.19091220233754158
U5288@C12652,10,0.0,0.0,1,1.0,1.0,0.19091220233754158
C3811$@DOM1,500,0.24,0.0,6,1.0,1.0,0.19077122278514558
U59@DOM1,1415,1.0,0.0,8,1.0,0.8374558303886925,0.1905373141493567
SYSTEM@C5678,7,1.0,0.0,1,1.0,0.14285714285714285,0.18982257678449577
SYSTEM@C5450,7,1.0,0.0,1,1.0,0.14285714285714285,0.18982257678449577
U7363@C3078,1,0.0,0.0,1,1.0,1.0,0.18960768463384658
C7904$@?,1,0.0,0.0,1,1.0,1.0,0.18960768463384658
C1549$@?,1,0.0,0.0,1,1.0,1.0,0.18960768463384658
U6896@?,1,0.0,0.0,1,1.0,1.0,0.18960768463384658
U2838@?,1,0.0,0.0,1,1.0,1.0,0.18960768463384658
U976@?,1,0.0,0.0,1,1.0,1.0,0.18960768463384658
U10023@C14736,1,0.0,0.0,1,1.0,1.0,0.18960768463384658
U281@?,1,0.0,0.0,1,1.0,1.0,0.18960768463384658
C18052$@?,1,0.0,0.0,1,1.0,1.0,0.18960768463384658
U358@C1914,1,0.0,0.0,1,1.0,1.0,0.18960768463384658
U604@?,1,0.0,0.0,1,1.0,1.0,0.18960768463384658
U7394@DOM1,1,0.0,0.0,1,1.0,1.0,0.18960768463384658
U1867@C3983,1,0.0,0.0,1,1.0,1.0,0.18960768463384658
U7363@C936,1,0.0,0.0,1,1.0,1.0,0.18960768463384658
C6781$@?,1,0.0,0.0,1,1.0,1.0,0.18960768463384658
C1065$@DOM1,8524,1.0,0.0,6,1.0,0.9973017362740497,0.18883978899215959
U207@C3188,4,0.75,0.0,2,1.0,0.75,0.18882819067318057
U8762@C4009,9,0.0,0.0,1,1.0,1.0,0.18782865831065276
U207@?,77,0.0,0.0,10,1.0,1.0,0.18752805242111747
U114@DOM1,221,1.0,0.0,15,1.0,0.7194570135746606,0.1873675054244307
U68@DOM1,1517,1.0,0.0,3,1.0,0.8338826631509558,0.18733748252524707
U34@DOM1,8315,1.0,0.0,6,1.0,0.9995189416716777,0.18606525036949384
C20653$@DOM1,215,0.009302325581395349,0.0,9,1.0,0.9906976744186047,0.18572667100738738
U86@DOM1,320,1.0,0.0,17,1.0,0.859375,0.18480968108260443
C5167$@DOM1,41,0.0,0.0,9,1.0,1.0,0.18468772936984734
U5182@C12425,8,0.0,0.0,1,1.0,1.0,0.1831933778028444
U665@?,8,0.0,0.0,1,1.0,1.0,0.1831933778028444
U6459@C4104,8,0.0,0.0,1,1.0,1.0,0.1831933778028444
U5830@C13503,8,0.0,0.0,1,1.0,1.0,0.1831933778028444
C612$@DOM1,6450,1.0,0.0,7,1.0,0.982170542635659,0.18247471020116046
U1094@DOM1,866,1.0,0.0,25,1.0,0.9976905311778291,0.18200133958227271
U19@DOM1,7178,1.0,0.0,6,1.0,0.9995820562830872,0.1817515901692267
U151@?,41,0.0,0.0,6,1.0,1.0,0.18168493999548296
SYSTEM@C1549,6,1.0,0.0,1,1.0,0.16666666666666666,0.18141527855319484
U6889@?,2,0.0,0.0,1,1.0,1.0,0.1812774712948737
U11106@?,2,0.0,0.0,1,1.0,1.0,0.1812774712948737
U11363@DOM1,2,0.0,0.0,1,1.0,1.0,0.1812774712948737
U334@?,2,0.0,0.0,1,1.0,1.0,0.1812774712948737
C3185$@?,2,0.0,0.0,1,1.0,1.0,0.1812774712948737
C4786$@?,2,0.0,0.0,1,1.0,1.0,0.1812774712948737
C3953$@?,2,0.0,0.0,1,1.0,1.0,0.1812774712948737
U170@C1045,7,0.0,0.0,1,1.0,1.0,0.18110039095939312
U195@?,61,0.0,0.0,4,1.0,1.0,0.1806640893104977
C7298$@DOM1,625,0.3664,0.0,7,1.0,1.0,0.1803837996383273
C1369$@?,4,0.0,0.0,1,1.0,1.0,0.1803541650957322
U491@DOM1,464,1.0,0.0,29,1.0,0.9870689655172413,0.17977177653964627
U13@DOM1,3914,1.0,0.0,13,1.0,0.9994890137966275,0.17967366143526475
U1@DOM1,2502,1.0,0.0,14,1.0,0.996802557953637,0.17927299041271005
U5171@DOM1,5993,1.0,0.0,11,1.0,1.0,0.17919065165450587
U5914@DOM1,3,0.0,0.0,1,1.0,1.0,0.17721806022052589
U7351@C1596,3,0.0,0.0,1,1.0,1.0,0.17721806022052589
U5128@?,3,0.0,0.0,1,1.0,1.0,0.17721806022052589
C20201$@?,3,0.0,0.0,1,1.0,1.0,0.17721806022052589
C742$@DOM1,1040,1.0,0.0,18,1.0,0.9865384615384616,0.17675553814827738
U48@DOM1,6499,1.0,0.0,6,1.0,0.9993845206954917,0.17674854814814445
C3073$@DOM1,174,0.0,0.0,9,1.0,1.0,0.17657213045738318
U5654@C13252,6,0.0,0.0,1,1.0,1.0,0.17629540894797002
U216@DOM1,6,0.0,0.0,1,1.0,1.0,0.17629540894797002
U205@C2625,6,0.0,0.0,1,1.0,1.0,0.17629540894797002
U389@C3042,6,0.0,0.0,1,1.0,1.0,0.17629540894797002
U4690@C11445,6,0.0,0.0,1,1.0,1.0,0.17629540894797002
U54@DOM1,5301,1.0,0.0,4,1.0,0.9994340690435767,0.17550016428344672
C529$@DOM1,6265,1.0,0.0,6,1.0,0.9979249800478851,0.17515989386460307
U415@DOM1,19,1.0,0.0,2,1.0,0.3684210526315789,0.17469184162187168
C480$@DOM1,7085,1.0,0.0,8,1.0,1.0,0.1745616083867898
U861@?,5,0.0,0.0,1,1.0,1.0,0.1741834050213995
SYSTEM@C395,31,1.0,0.0,1,1.0,0.3225806451612903,0.1740191676285695
C2057$@DOM1,787,1.0,0.0,19,1.0,0.9860228716645489,0.17106649679822516
C1382$@DOM1,719,1.0,0.0,16,1.0,0.9582753824756607,0.1705627894118249
C2012$@DOM3,19,1.0,0.0,1,1.0,0.3157894736842105,0.17002353627266198
U33@C832,93,1.0,0.0,1,1.0,0.46236559139784944,0.16998949075272496
U75@DOM1,349,1.0,0.0,3,1.0,0.6332378223495702,0.1690626609642294
U36@C936,349,1.0,0.0,1,1.0,0.667621776504298,0.1686009992860591
C2649$@DOM1,190,0.0,0.0,8,1.0,1.0,0.16833419955900342
C528$@DOM1,4073,1.0,0.0,4,1.0,0.9941075374416892,0.16645845746657217
C1567$@DOM1,792,1.0,0.0,18,1.0,0.9848484848484849,0.16624508304265706
C1611$@DOM1,669,1.0,0.0,18,1.0,0.9820627802690582,0.1650213151238329
C798$@DOM3,22,1.0,0.0,1,1.0,0.36363636363636365,0.16497114823555248
ANONYMOUS LOGON@C2106,2540,1.0,0.0,1,1.0,1.0,0.16489137550218802
C2319$@DOM1,3738,1.0,0.0,3,1.0,1.0,0.16479327175919012
U5361@DOM1,621,1.0,0.0,24,1.0,1.0,0.163088167684459
C17747$@DOM1,369,1.0,0.0,7,1.0,0.6205962059620597,0.16297436580476876
U996@DOM1,3807,1.0,0.0,12,1.0,1.0,0.16283503522198484
U2@DOM1,3501,1.0,0.0,3,1.0,1.0,0.16274904530675705
C3321$@DOM3,21,1.0,0.0,1,1.0,0.38095238095238093,0.16232391998225804
U347@DOM1,83,1.0,0.0,1,1.0,0.4939759036144578,0.16178982430975097
U461@DOM1,146,1.0,0.0,9,1.0,0.5068493150684932,0.16132248989357112
U171@DOM1,36,1.0,0.0,3,1.0,0.3888888888888889,0.16116856021380876
U26@DOM1,25,0.76,0.0,5,1.0,0.92,0.16027701707795272
U10@DOM1,2934,1.0,0.0,12,1.0,0.9993183367416496,0.1592863929596784
U4535@DOM1,3151,1.0,0.0,12,1.0,1.0,0.15775145531899915
U883@C1681,18,1.0,0.0,1,1.0,0.4444444444444444,0.15662425707140915
U119@DOM1,2509,1.0,0.0,2,1.0,0.9992028696691909,0.15573873408196026
U5914@C4666,9,1.0,0.0,1,1.0,0.3333333333333333,0.15512419376018038
U211@C936,9,1.0,0.0,1,1.0,0.3333333333333333,0.15512419376018038
U608@DOM1,888,0.9324324324324325,0.0,10,1.0,0.9876126126126126,0.15502095709040398
U757@DOM1,51,1.0,0.0,2,1.0,0.49019607843137253,0.1549502943619382
U4690@DOM1,32,1.0,0.0,3,1.0,0.46875,0.15452373486674953
U2260@DOM1,4528,1.0,0.0,5,1.0,1.0,0.1542306179894679
C1235$@DOM1,2436,1.0,0.0,12,1.0,0.9983579638752053,0.15345385674213186
U342@DOM1,586,1.0,0.0,22,1.0,1.0,0.15314110349911692
U42@DOM1,896,1.0,0.0,8,1.0,0.8794642857142857,0.15305750665433804
U90@DOM1,1100,1.0,0.0,7,1.0,0.8963636363636364,0.15293393767248953
C1839$@DOM1,425,0.9952941176470588,0.0,14,1.0,0.9670588235294117,0.1523678216002874
C1936$@DOM1,820,1.0,0.0,17,1.0,0.9878048780487805,0.15190967278041878
C1149$@DOM1,76,0.868421052631579,0.0,5,1.0,0.868421052631579,0.15167473254976094
U109@DOM1,3631,1.0,0.0,4,1.0,1.0,0.1515175661177267
C1634$@DOM1,241,1.0,0.0,6,1.0,0.5103734439834025,0.15139339152325615
U803@DOM1,23,1.0,0.0,1,1.0,0.4782608695652174,0.1510457042189267
U379@DOM1,12,1.0,0.0,3,1.0,0.5,0.1508940037383909
C1089$@DOM1,745,1.0,0.0,17,1.0,0.9852348993288591,0.1507625727320987
U188@DOM1,12,1.0,0.0,1,1.0,0.4166666666666667,0.15060202827065106
U6592@C1628,4,1.0,0.0,2,1.0,0.5,0.15017923181672133
U30@DOM3,4,1.0,0.0,2,1.0,0.5,0.15017923181672133
U340@DOM1,38,1.0,0.0,1,1.0,0.5263157894736842,0.1492165434599113
C2982$@DOM1,360,0.9888888888888889,0.0,10,1.0,0.9361111111111111,0.14858804292528516
U694@DOM1,28,1.0,0.0,1,1.0,0.5,0.14841957056773936
C2445$@DOM1,2307,1.0,0.0,2,1.0,1.0,0.14777820440268874
C2273$@DOM1,2316,1.0,0.0,2,1.0,1.0,0.14777820440268874
U947@C565,11,1.0,0.0,1,1.0,0.45454545454545453,0.14764379147972329
U33@C185,11,1.0,0.0,1,1.0,0.45454545454545453,0.14764379147972329
U157@DOM1,3449,1.0,0.0,10,1.0,1.0,0.14740803629622024
C2179$@DOM1,2285,1.0,0.0,2,1.0,1.0,0.14736278366630462
C625$@DOM1,3634,1.0,0.0,6,1.0,0.9966978536048432,0.1473264953550617
C13060$@DOM1,2709,1.0,0.0,11,1.0,0.9977851605758582,0.14678541030627046
U7910@C1720,6,1.0,0.0,1,1.0,0.3333333333333333,0.14675557533424977
U667@DOM1,853,1.0,0.0,19,1.0,1.0,0.14673440319384945
U8616@DOM1,28,1.0,0.0,4,1.0,0.5,0.146597112937506
U671@C3547,3,1.0,0.0,1,1.0,0.3333333333333333,0.14616337494746756
C1992$@DOM1,234,1.0,0.0,4,1.0,0.6025641025641025,0.1457746511945044
C2223$@DOM1,2260,1.0,0.0,2,1.0,1.0,0.1457248128362325
C2477$@DOM1,2248,1.0,0.0,2,1.0,1.0,0.1457248128362325
C2246$@DOM1,2236,1.0,0.0,2,1.0,1.0,0.14539722952890477
C1996$@DOM1,2216,1.0,0.0,2,1.0,1.0,0.14539722952890477
C2441$@DOM1,2210,1.0,0.0,2,1.0,1.0,0.14506981240819583
C1688$@DOM1,2209,1.0,0.0,2,1.0,1.0,0.14506981240819583
U87@DOM1,2100,1.0,0.0,2,1.0,0.9995238095238095,0.14440253083795873
U1038@DOM1,16,1.0,0.0,5,1.0,0.5625,0.14412280744050976
C8431$@DOM1,1960,1.0,0.0,12,1.0,0.996938775510204,0.14401345130491794
C1777$@DOM1,2185,1.0,0.0,2,1.0,1.0,0.1439256646139634
C1827$@DOM1,2180,1.0,0.0,2,1.0,1.0,0.1439256646139634
C1989$@DOM1,2198,1.0,0.0,2,1.0,1.0,0.1439256646139634
C2455$@DOM1,2171,1.0,0.0,2,1.0,1.0,0.1439256646139634
U746@DOM1,18,1.0,0.0,1,1.0,0.5,0.14387168233443337
U499@C4554,18,1.0,0.0,1,1.0,0.5,0.14387168233443337
U422@DOM1,950,1.0,0.0,16,1.0,0.9905263157894737,0.14323037632736002
U390@DOM1,97,1.0,0.0,2,1.0,0.5876288659793815,0.14283773103190345
C1916$@DOM1,2168,1.0,0.0,2,1.0,1.0,0.14238914454113516
C2279$@DOM1,2159,1.0,0.0,2,1.0,1.0,0.14238914454113516
C2096$@DOM1,2167,1.0,0.0,2,1.0,1.0,0.14238914454113516
C2397$@DOM1,2165,1.0,0.0,2,1.0,1.0,0.14238914454113516
C2491$@DOM1,2155,1.0,0.0,2,1.0,1.0,0.14238914454113516
C2443$@DOM1,2164,1.0,0.0,2,1.0,1.0,0.14238914454113516
C1912$@DOM1,2133,1.0,0.0,2,1.0,1.0,0.14238914454113516
C1910$@DOM1,2165,1.0,0.0,2,1.0,1.0,0.14238914454113516
U413@C1644,16,1.0,0.0,1,1.0,0.5,0.14151253928266083
C2425$@DOM1,2127,1.0,0.0,2,1.0,1.0,0.14149796504352619
C1640$@DOM1,3103,1.0,0.0,6,1.0,0.9983886561392201,0.14140549020329507
C2177$@DOM1,2124,1.0,0.0,2,1.0,1.0,0.14138946703374478
C5030$@DOM1,3530,1.0,0.0,7,1.0,0.9997167138810198,0.14085939573878614
C2521$@DOM1,868,1.0,0.0,16,1.0,0.9896313364055299,0.14062667084166303
C2391$@DOM1,2110,1.0,0.0,2,1.0,1.0,0.1404578749171672
C2129$@DOM1,2118,1.0,0.0,2,1.0,1.0,0.1404578749171672
U30@DOM1,23,1.0,0.0,4,1.0,0.5652173913043478,0.13990894027923662
C2111$@DOM1,2098,1.0,0.0,2,1.0,1.0,0.13925717382811076
U738@DOM1,14,1.0,0.0,1,1.0,0.5,0.13863298653575495
U1583@DOM1,14,1.0,0.0,1,1.0,0.5,0.13863298653575495
U227@DOM1,54,1.0,0.0,5,1.0,0.5,0.13859614059274383
C2523$@DOM1,2073,1.0,0.0,2,1.0,1.0,0.13833842450107714
U396@DOM1,629,1.0,0.0,18,1.0,0.9968203497615262,0.1382818637120573
U1439@C2198,5,1.0,0.0,1,1.0,0.4,0.13798930001692933
U1546@C936,5,1.0,0.0,1,1.0,0.4,0.13798930001692933
U683@C2032,5,1.0,0.0,1,1.0,0.4,0.13798930001692933
U8762@DOM1,46,1.0,0.0,2,1.0,0.5869565217391305,0.13760300851612417
U1095@DOM1,134,1.0,0.0,10,1.0,0.664179104477612,0.1372455922415141
U129@DOM1,1714,1.0,0.0,1,1.0,1.0,0.13713877154293908
C2374$@DOM1,2036,1.0,0.0,2,1.0,1.0,0.13618010762839805
U23@DOM1,27,1.0,0.0,6,1.0,0.5555555555555556,0.13616334678519992
U1240@C1929,12,1.0,0.0,1,1.0,0.5,0.13570125341985573
C11309$@DOM1,2460,1.0,0.0,10,1.0,0.9991869918699187,0.13568789446378904
C2100$@DOM1,2012,1.0,0.0,2,1.0,1.0,0.13512087648916937
C1635$@DOM1,1990,1.0,0.0,2,1.0,1.0,0.1349060557806815
U7563@DOM1,1753,1.0,0.0,13,1.0,1.0,0.13484079934036042
C3130$@DOM1,127,0.9133858267716536,0.0,7,1.0,0.905511811023622,0.13467353029287932
C2345$@DOM1,1966,1.0,0.0,2,1.0,1.0,0.13458396094792835
U1174@DOM1,288,1.0,0.0,18,1.0,0.9722222222222222,0.13422764636303386
U9576@DOM1,2433,1.0,0.0,11,1.0,1.0,0.1338271377700575
C2449$@DOM1,1909,1.0,0.0,2,1.0,1.0,0.1328663462722749
C1971$@DOM1,331,1.0,0.0,8,1.0,0.7492447129909365,0.13276507402257476
U141@DOM1,215,1.0,0.0,6,1.0,0.5581395348837209,0.13226471470770418
C1852$@DOM1,1884,1.0,0.0,2,1.0,1.0,0.1321174594694814
U73@DOM1,181,0.3259668508287293,0.0,9,1.0,0.994475138121547,0.13208731995335354
U2452@DOM1,2009,1.0,0.0,12,1.0,1.0,0.1320305254477866
U1978@DOM1,2316,1.0,0.0,11,1.0,1.0,0.13155504486732095
U7254@C3245,13,1.0,0.0,1,1.0,0.5384615384615384,0.1313462055746062
U1315@C2472,13,1.0,0.0,1,1.0,0.5384615384615384,0.1313462055746062
U7539@DOM1,2968,1.0,0.0,7,1.0,1.0,0.13126016754040992
U8677@DOM1,358,1.0,0.0,26,1.0,1.0,0.13103980498100753
U2637@DOM1,1313,1.0,0.0,15,1.0,1.0,0.130947525138015
C1594$@DOM1,1852,1.0,0.0,2,1.0,1.0,0.13034035382899967
U5359@DOM1,58,1.0,0.0,3,1.0,0.5862068965517241,0.12985294835392436
U5815@DOM1,2271,1.0,0.0,11,1.0,1.0,0.12940270513865748
C2119$@DOM1,1804,1.0,0.0,2,1.0,1.0,0.1292750558973963
U2460@DOM1,2679,1.0,0.0,9,1.0,1.0,0.1289135135856988
U633@DOM1,51,1.0,0.0,2,1.0,0.6274509803921569,0.12884697131109313
U815@C2186,11,1.0,0.0,1,1.0,0.5454545454545454,0.12882401351065653
C21838$@DOM1,382,1.0,0.0,15,1.0,0.9502617801047121,0.12881521095483994
U159@DOM1,2509,1.0,0.0,10,1.0,1.0,0.1285119793295756
U210@DOM1,144,1.0,0.0,16,1.0,0.9375,0.12850319185062153
U8406@DOM1,2887,1.0,0.0,8,1.0,1.0,0.12811576617503928
U45@C1504,8,1.0,0.0,1,1.0,0.5,0.12767000741326184
U1765@DOM1,8,1.0,0.0,1,1.0,0.5,0.12767000741326184
C1121$@DOM3,14,1.0,0.0,1,1.0,0.5714285714285714,0.12741635152414377
C2350$@DOM1,1791,1.0,0.0,2,1.0,1.0,0.12718384817428574
C2401$@DOM1,1783,1.0,0.0,2,1.0,1.0,0.12718384817428574
C5580$@DOM1,346,1.0,0.0,11,1.0,0.846820809248555,0.12706225269085936
U583@DOM1,369,1.0,0.0,1,1.0,0.8563685636856369,0.1267911947072219
U818@DOM1,1633,1.0,0.0,13,1.0,1.0,0.12665981676068938
C1850$@DOM1,1767,1.0,0.0,2,1.0,1.0,0.12618494593342933
C2311$@DOM1,1765,1.0,0.0,2,1.0,1.0,0.1260042097104448
C2707$@DOM1,473,1.0,0.0,14,1.0,0.959830866807611,0.125921900464379
U734@DOM1,307,1.0,0.0,26,1.0,1.0,0.1256608212174083
U1566@C1152,2,1.0,0.0,1,1.0,0.5,0.12537026257642614
U1542@C3741,2,1.0,0.0,1,1.0,0.5,0.12537026257642614
U1520@DOM1,2,1.0,0.0,1,1.0,0.5,0.12537026257642614
U1693@DOM1,2,1.0,0.0,1,1.0,0.5,0.12537026257642614
C5727$@DOM2,2,1.0,0.0,1,1.0,0.5,0.12537026257642614
U194@C2356,2,1.0,0.0,1,1.0,0.5,0.12537026257642614
U1819@C1786,2,1.0,0.0,1,1.0,0.5,0.12537026257642614
U648@C3058,2,1.0,0.0,1,1.0,0.5,0.12537026257642614
U670@C3547,2,1.0,0.0,1,1.0,0.5,0.12537026257642614
U1568@DOM1,2,1.0,0.0,1,1.0,0.5,0.12537026257642614
U678@C1678,2,1.0,0.0,1,1.0,0.5,0.12537026257642614
U276@C1846,2,1.0,0.0,1,1.0,0.5,0.12537026257642614
NETWORK SERVICE@C7573,2,1.0,0.0,1,1.0,0.5,0.12537026257642614
U1567@C3434,2,1.0,0.0,1,1.0,0.5,0.12537026257642614
U1562@C4728,2,1.0,0.0,1,1.0,0.5,0.12537026257642614
U10333@C2743,2,1.0,0.0,1,1.0,0.5,0.12537026257642614
U76@DOM1,2,1.0,0.0,1,1.0,0.5,0.12537026257642614
U758@C2765,2,1.0,0.0,1,1.0,0.5,0.12537026257642614
U4231@C4996,2,1.0,0.0,1,1.0,0.5,0.12537026257642614
U1325@DOM1,2,1.0,0.0,1,1.0,0.5,0.12537026257642614
U925@DOM1,2,1.0,0.0,1,1.0,0.5,0.12537026257642614
U486@DOM1,2,1.0,0.0,1,1.0,0.5,0.12537026257642614
U199@C1929,2,1.0,0.0,1,1.0,0.5,0.12537026257642614
U69@C1679,2,1.0,0.0,1,1.0,0.5,0.12537026257642614
C2073$@DOM1,1936,1.0,0.0,3,1.0,1.0,0.1250453155460901
U1348@C2143,4,1.0,0.0,1,1.0,0.5,0.1249775790485913
U137@C2631,4,1.0,0.0,1,1.0,0.5,0.1249775790485913
NETWORK SERVICE@C1444,4,1.0,0.0,1,1.0,0.5,0.1249775790485913
NETWORK SERVICE@C1262,4,1.0,0.0,1,1.0,0.5,0.1249775790485913
U1533@C1999,4,1.0,0.0,1,1.0,0.5,0.1249775790485913
NETWORK SERVICE@C1906,4,1.0,0.0,1,1.0,0.5,0.1249775790485913
U137@C3055,4,1.0,0.0,1,1.0,0.5,0.1249775790485913
U7911@C2982,4,1.0,0.0,1,1.0,0.5,0.1249775790485913
NETWORK SERVICE@C1261,4,1.0,0.0,1,1.0,0.5,0.1249775790485913
U1540@C3740,4,1.0,0.0,1,1.0,0.5,0.1249775790485913
U137@C2707,4,1.0,0.0,1,1.0,0.5,0.1249775790485913
C8375$@DOM1,258,1.0,0.0,7,1.0,0.686046511627907,0.12482375557653891
C2403$@DOM1,1750,1.0,0.0,2,1.0,1.0,0.12472485849785309
C1938$@DOM1,1748,1.0,0.0,2,1.0,1.0,0.12472485849785309
U2944@DOM1,248,1.0,0.0,19,1.0,0.9798387096774194,0.12467622540360679
U603@DOM1,324,1.0,0.0,25,1.0,1.0,0.1245941962184528
C4666$@DOM1,386,1.0,0.0,12,1.0,0.9093264248704663,0.12441302960636025
C39$@DOM2,9,0.8888888888888888,0.0,1,1.0,0.7777777777777778,0.12433957689573583
C2157$@DOM1,1742,1.0,0.0,2,1.0,1.0,0.12419673149409083
C1620$@DOM1,1733,1.0,0.0,2,1.0,1.0,0.12398560572408523
U1055@DOM1,329,1.0,0.0,24,1.0,1.0,0.12328726703271609
C10208$@DOM1,2498,1.0,0.0,7,1.0,0.999599679743795,0.1232729243193097
C2411$@DOM1,1718,1.0,0.0,2,1.0,1.0,0.1232472277268788
U91@DOM1,390,1.0,0.0,2,1.0,0.8461538461538461,0.12312056104574931
U669@C2010,9,1.0,0.0,1,1.0,0.5555555555555556,0.12301827681330468
U622@C1928,9,1.0,0.0,1,1.0,0.5555555555555556,0.12301827681330468
U1230@C1946,9,1.0,0.0,1,1.0,0.5555555555555556,0.12301827681330468
U4454@DOM1,1763,1.0,0.0,12,1.0,1.0,0.12284261953167575
C17552$@DOM1,2454,1.0,0.0,8,1.0,0.9963325183374083,0.12225930859182388
U8891@DOM1,45,1.0,0.0,6,1.0,0.6,0.12207580405229657
U15@DOM1,1963,1.0,0.0,4,1.0,0.9979623025980642,0.12160906748180378
U7020@DOM1,314,1.0,0.0,24,1.0,1.0,0.12146554013372035
U1556@C3108,6,1.0,0.0,1,1.0,0.5,0.12143515764065915
U45@C1106,6,1.0,0.0,1,1.0,0.5,0.12143515764065915
U2554@DOM1,2591,1.0,0.0,7,1.0,1.0,0.1214125798792498
C1664$@DOM1,11,0.9090909090909091,0.0,2,1.0,0.9090909090909091,0.1207885960611278
U33@C2882,15,1.0,0.0,1,1.0,0.6,0.12036199537427428
U3790@DOM1,756,1.0,0.0,17,1.0,1.0,0.12009509542587593
U645@DOM1,316,1.0,0.0,23,1.0,1.0,0.12007530156548574
U699@DOM1,290,1.0,0.0,2,1.0,0.8,0.11998600200185106
U2097@DOM1,2159,1.0,0.0,10,1.0,1.0,0.11988219000720135
U1046@DOM1,312,1.0,0.0,23,1.0,1.0,0.11986556981121799
U1283@DOM1,1532,1.0,0.0,13,1.0,1.0,0.1198541174619806
U311@DOM1,1704,1.0,0.0,12,1.0,1.0,0.11978359771034197
U108@DOM1,2429,1.0,0.0,6,1.0,1.0,0.11955939576438479
U3023@DOM1,2245,1.0,0.0,9,1.0,1.0,0.11927708259594905
U2366@DOM1,2420,1.0,0.0,8,1.0,1.0,0.11897001130328999
U47@DOM1,642,1.0,0.0,3,1.0,0.9127725856697819,0.11896627545618177
C2254$@DOM1,902,1.0,0.0,14,1.0,0.9866962305986696,0.11878168309746462
C21634$@DOM1,1642,1.0,0.0,2,1.0,1.0,0.11871980171891228
U1067@DOM1,1504,1.0,0.0,13,1.0,1.0,0.11838800721357579
U9444@DOM1,294,1.0,0.0,24,1.0,1.0,0.11725131599673255
U6236@DOM1,2318,1.0,0.0,8,1.0,1.0,0.11719025411776562
U4290@DOM1,2107,1.0,0.0,9,1.0,1.0,0.11652503845170958
U1495@DOM1,3,1.0,0.0,2,1.0,0.6666666666666666,0.11630065118958977
U1493@DOM1,3,1.0,0.0,2,1.0,0.6666666666666666,0.11630065118958977
U1485@DOM1,3,1.0,0.0,2,1.0,0.6666666666666666,0.11630065118958977
U1477@DOM1,3,1.0,0.0,2,1.0,0.6666666666666666,0.11630065118958977
U1503@DOM1,3,1.0,0.0,2,1.0,0.6666666666666666,0.11630065118958977
U1505@DOM1,3,1.0,0.0,2,1.0,0.6666666666666666,0.11630065118958977
U1511@DOM1,3,1.0,0.0,2,1.0,0.6666666666666666,0.11630065118958977
U1501@DOM1,3,1.0,0.0,2,1.0,0.6666666666666666,0.11630065118958977
U1514@DOM1,3,1.0,0.0,2,1.0,0.6666666666666666,0.11630065118958977
U302@DOM1,3,1.0,0.0,2,1.0,0.6666666666666666,0.11630065118958977
U1512@DOM1,3,1.0,0.0,2,1.0,0.6666666666666666,0.11630065118958977
U1507@DOM1,3,1.0,0.0,2,1.0,0.6666666666666666,0.11630065118958977
U1504@DOM1,3,1.0,0.0,2,1.0,0.6666666666666666,0.11630065118958977
U6507@DOM1,332,1.0,0.0,22,1.0,1.0,0.11614980874977465
U6447@DOM1,551,1.0,0.0,18,1.0,1.0,0.1159294196084989
U547@DOM1,26,1.0,0.0,2,1.0,0.6923076923076923,0.11497727821195802
U194@DOM1,919,1.0,0.0,16,1.0,1.0,0.11474352417303346
U4553@DOM1,263,1.0,0.0,18,1.0,0.9809885931558935,0.11454165155376195
U45@C2115,7,1.0,0.0,1,1.0,0.5714285714285714,0.11449475839152279
U1195@DOM1,594,1.0,0.0,13,1.0,0.9663299663299664,0.11441847808498096
U5113@DOM1,2256,1.0,0.0,8,1.0,1.0,0.11408363310096525
C1829$@DOM1,213,1.0,0.0,7,1.0,0.6807511737089202,0.11385540327430499
C1503$@DOM1,837,1.0,0.0,14,1.0,0.985663082437276,0.1137077770807231
U316@DOM1,1236,0.9943365695792881,0.0,8,1.0,0.9991909385113269,0.11343610941558746
C1139$@DOM1,780,1.0,0.0,14,1.0,0.9846153846153847,0.11332343959671831
U739@DOM1,513,1.0,0.0,18,1.0,1.0,0.11288382339705771
C1993$@DOM1,811,1.0,0.0,14,1.0,0.9852034525277436,0.11236584829214691
U397@DOM1,1754,1.0,0.0,11,1.0,1.0,0.1123273787357908
C2039$@DOM1,797,1.0,0.0,14,1.0,0.9849435382685069,0.11211305764040358
ANONYMOUS LOGON@C1909,1263,1.0,0.0,1,1.0,1.0,0.11179550709225927
U6276@DOM1,2180,1.0,0.0,7,1.0,1.0,0.11160941074278619
C2322$@DOM1,1547,1.0,0.0,2,1.0,1.0,0.11090650844435568
U6455@DOM1,298,1.0,0.0,22,1.0,1.0,0.11072664591546022
U21@DOM1,24,1.0,0.0,8,1.0,0.75,0.11040487389343667
U1446@DOM1,256,1.0,0.0,23,1.0,1.0,0.11039170358239425
U4492@DOM1,1728,1.0,0.0,11,1.0,1.0,0.11026969498678951
U1486@DOM1,1736,1.0,0.0,10,1.0,0.9994239631336406,0.1101564651931568
U4670@DOM1,165,1.0,0.0,26,1.0,1.0,0.10996266550926226
C16981$@DOM1,255,1.0,0.0,6,1.0,0.7176470588235294,0.10992647731070593
U161@DOM1,31,1.0,0.0,4,1.0,0.6774193548387096,0.10945170879734145
U9386@DOM1,320,1.0,0.0,21,1.0,1.0,0.1090250797484118
U33@C1700,27,1.0,0.0,1,1.0,0.6666666666666666,0.10895436852600515
U2349@DOM1,289,1.0,0.0,22,1.0,1.0,0.10890543303422162
U833@DOM1,218,1.0,0.0,24,1.0,1.0,0.10879122280517661
U6967@DOM1,147,1.0,0.0,2,1.0,0.7414965986394558,0.10824949664106287
C1472$@DOM1,375,1.0,0.0,13,1.0,0.9466666666666667,0.10794863627316309
U52@DOM1,1771,1.0,0.0,9,1.0,0.9994353472614342,0.10734705896649521
U9460@DOM1,194,1.0,0.0,24,1.0,1.0,0.10673791369642083
U8951@DOM1,165,1.0,0.0,25,1.0,1.0,0.10653785456466536
U9623@DOM1,162,1.0,0.0,25,1.0,1.0,0.10622305985868519
U6479@DOM1,303,1.0,0.0,21,1.0,1.0,0.1055389295355853
U296@DOM1,598,1.0,0.0,17,1.0,1.0,0.10549031100826511
U175@DOM1,119,1.0,0.0,13,1.0,0.9243697478991597,0.10537370589543094
U6598@DOM1,163,1.0,0.0,24,1.0,1.0,0.10527113004734767
U4806@DOM1,302,1.0,0.0,21,1.0,1.0,0.1052183288678128
U8455@DOM1,1829,1.0,0.0,9,1.0,1.0,0.10500547657934067
U726@DOM1,1325,1.0,0.0,13,1.0,1.0,0.1050013408601207
U6889@DOM1,1640,1.0,0.0,3,1.0,1.0,0.10499263331743147
U9390@DOM1,165,1.0,0.0,24,1.0,1.0,0.10485932926713415
U5412@DOM1,192,1.0,0.0,23,1.0,1.0,0.1048090220986404
C1570$@DOM1,516,0.998062015503876,0.0,12,1.0,0.9709302325581395,0.10455576793802024
U5822@DOM1,113,1.0,0.0,24,1.0,1.0,0.10439614436474942
U115@DOM1,404,1.0,0.0,11,1.0,0.9306930693069307,0.10426720598005867
C2940$@DOM1,129,0.9457364341085271,0.0,4,1.0,0.937984496124031,0.1042631219161092
U809@DOM1,85,1.0,0.0,14,1.0,0.9411764705882353,0.10375390560538811
U27@DOM1,683,1.0,0.0,15,1.0,0.9941434846266471,0.10342418581334789
U3007@DOM1,1720,1.0,0.0,10,1.0,1.0,0.10286602483271079
U890@DOM1,1933,1.0,0.0,7,1.0,1.0,0.1021965523376972
U4719@DOM1,1922,1.0,0.0,7,1.0,1.0,0.1021965523376972
U1244@DOM1,234,1.0,0.0,22,1.0,1.0,0.10147596461496733
U147@DOM1,222,1.0,0.0,11,1.0,0.8513513513513513,0.10045395345119756
U123@C1984,5,1.0,0.0,1,1.0,0.6,0.1003977116780943
U137@C1848,5,1.0,0.0,1,1.0,0.6,0.1003977116780943
U137@C3413,5,1.0,0.0,1,1.0,0.6,0.1003977116780943
U137@C2841,5,1.0,0.0,1,1.0,0.6,0.1003977116780943
U137@C3430,5,1.0,0.0,1,1.0,0.6,0.1003977116780943
U137@C3561,5,1.0,0.0,1,1.0,0.6,0.1003977116780943
U145@DOM1,719,1.0,0.0,16,1.0,1.0,0.1001996769870026
C1025$@DOM1,1335,1.0,0.0,10,1.0,0.9887640449438202,0.10015554068218113
U4828@DOM1,255,1.0,0.0,19,1.0,0.9921568627450981,0.09983567388082237
U7469@DOM1,56,1.0,0.0,12,1.0,0.9107142857142857,0.09967396278630936
C2023$@DOM1,318,1.0,0.0,12,1.0,0.9339622641509434,0.09945381917532081
U7912@DOM1,1861,1.0,0.0,7,1.0,1.0,0.09935694339974255
U8695@DOM1,1843,1.0,0.0,6,1.0,1.0,0.09878929207155351
U5768@DOM1,116,1.0,0.0,4,1.0,0.7241379310344828,0.09841622822211704
U3692@DOM1,115,1.0,0.0,15,1.0,0.9565217391304348,0.09828985186664996
U8292@DOM1,1730,1.0,0.0,9,1.0,1.0,0.09820365707652035
U281@DOM1,321,0.9968847352024922,0.0,17,1.0,1.0,0.09805124197037407
U625@DOM1,161,1.0,0.0,6,1.0,0.6583850931677019,0.09773327511830221
C3295$@DOM1,522,1.0,0.0,13,1.0,0.9712643678160919,0.09731214134713884
U178@DOM1,133,1.0,0.0,22,1.0,1.0,0.09731045172803265
U2971@DOM1,1718,1.0,0.0,9,1.0,1.0,0.09729369296217028
U537@DOM1,306,1.0,0.0,20,1.0,1.0,0.0971315703146387
U941@DOM1,168,1.0,0.0,14,1.0,0.9464285714285714,0.09699096767201287
U10403@DOM1,402,1.0,0.0,18,1.0,1.0,0.09676889265864219
U155@DOM1,1099,1.0,0.0,1,1.0,1.0,0.09675154736444802
U107@DOM1,1099,1.0,0.0,1,1.0,1.0,0.09675154736444802
U4934@DOM1,137,1.0,0.0,22,1.0,1.0,0.09625649195889674
C2406$@DOM1,141,1.0,0.0,3,1.0,0.75177304964539,0.09457869033023181
U33@C155,12,1.0,0.0,1,1.0,0.6666666666666666,0.09455327931741142
U3246@DOM1,81,1.0,0.0,13,1.0,0.9382716049382716,0.09384886463997266
C8283$@DOM1,1376,1.0,0.0,11,1.0,0.9992732558139535,0.09353012691396756
U571@DOM1,1662,1.0,0.0,9,1.0,1.0,0.09345657748723424
ANONYMOUS LOGON@C2606,1032,1.0,0.0,1,1.0,1.0,0.0932032743378105
U46@DOM1,9,1.0,0.0,4,1.0,0.7777777777777778,0.0926550322028854
U1497@DOM1,4,1.0,0.0,2,1.0,0.75,0.0925387851877465
C3244$@DOM1,374,1.0,0.0,12,1.0,0.946524064171123,0.092504634210542
U7420@DOM1,1592,1.0,0.0,10,1.0,1.0,0.09206648204163204
U441@DOM1,136,1.0,0.0,21,1.0,1.0,0.09164220445818905
U5477@DOM1,108,1.0,0.0,21,1.0,1.0,0.09080881329036139
U3696@DOM1,1574,1.0,0.0,10,1.0,1.0,0.09069540653772723
U5405@DOM1,146,1.0,0.0,21,1.0,1.0,0.09047570167445551
U7739@DOM1,1741,1.0,0.0,7,1.0,1.0,0.09016424183399552
C3429$@DOM3,9,1.0,0.0,1,1.0,0.6666666666666666,0.08928030196562298
U8572@DOM1,79,1.0,0.0,16,1.0,0.9746835443037974,0.08924413787746821
U1431@DOM1,1533,1.0,0.0,10,1.0,1.0,0.08806873447855301
U4839@DOM1,1688,1.0,0.0,8,1.0,1.0,0.0878938268086652
U2483@DOM1,1395,1.0,0.0,11,1.0,1.0,0.08768236299286836
C9332$@DOM1,146,1.0,0.0,12,1.0,0.9246575342465754,0.0876033549472387
U1870@DOM1,74,1.0,0.0,12,1.0,0.9324324324324325,0.08700667857324684
C2861$@DOM1,351,1.0,0.0,12,1.0,0.9487179487179487,0.08696999390569071
U5153@DOM1,1595,1.0,0.0,9,1.0,1.0,0.0869241721238656
U3671@DOM1,1584,1.0,0.0,9,1.0,1.0,0.08622964986125337
U10473@DOM1,371,1.0,0.0,18,1.0,1.0,0.08616550145913537
C2079$@DOM1,913,1.0,0.0,12,1.0,0.9901423877327492,0.08559912209261233
C832$@DOM1,224,1.0,0.0,7,1.0,0.7767857142857143,0.08549017339434317
C15675$@DOM1,276,0.9927536231884058,0.0,7,1.0,0.9492753623188406,0.08546242061357712
C11074$@DOM1,1325,1.0,0.0,10,1.0,0.9962264150943396,0.08500222715180294
U2882@DOM1,36,1.0,0.0,3,1.0,0.75,0.08391196451760463
C3040$@DOM1,187,1.0,0.0,4,1.0,0.7807486631016043,0.08368125202833265
C875$@DOM1,156,0.9871794871794872,0.0,7,1.0,0.9358974358974359,0.08355919011281143
C793$@DOM1,454,1.0,0.0,7,1.0,0.9229074889867841,0.08310970238330906
U1155@DOM1,1548,1.0,0.0,9,1.0,1.0,0.08299240770962624
U4020@DOM1,133,1.0,0.0,20,1.0,1.0,0.08290391972768052
U428@DOM1,258,1.0,0.0,9,1.0,0.8604651162790697,0.08251648319555027
C2802$@DOM1,354,1.0,0.0,12,1.0,0.9519774011299436,0.08244825001143108
C1646$@DOM1,468,0.9978632478632479,0.0,14,1.0,0.9978632478632479,0.08244331454966769
C13211$@DOM1,302,1.0,0.0,12,1.0,0.9437086092715232,0.08209831526863631
C19846$@DOM1,644,1.0,0.0,13,1.0,0.9860248447204969,0.0820430115036509
C1727$@DOM1,695,1.0,0.0,14,1.0,0.9985611510791367,0.08131509802326753
C2438$@DOM1,376,1.0,0.0,10,1.0,0.9388297872340425,0.0812483049577386
C3245$@DOM1,376,1.0,0.0,13,1.0,0.9680851063829787,0.08076339265521715
U3770@DOM1,123,1.0,0.0,14,1.0,0.959349593495935,0.08051395934707273
U3973@DOM1,125,1.0,0.0,14,1.0,0.96,0.08041279527263123
C1978$@DOM1,216,1.0,0.0,4,1.0,0.8055555555555556,0.08029861925799797
U9556@DOM1,631,1.0,0.0,15,1.0,1.0,0.07989235403232298
C291$@DOM1,638,1.0,0.0,12,1.0,0.9827586206896551,0.07988409656548878
U2722@DOM1,1610,1.0,0.0,8,1.0,1.0,0.0794964621156874
U813@C1755,3,1.0,0.0,1,1.0,0.6666666666666666,0.07943245707311042
NETWORK SERVICE@C12897,3,1.0,0.0,1,1.0,0.6666666666666666,0.07943245707311042
ANONYMOUS LOGON@C5450,3,1.0,0.0,1,1.0,0.6666666666666666,0.07943245707311042
U547@C1703,3,1.0,0.0,1,1.0,0.6666666666666666,0.07943245707311042
U81@C2547,3,1.0,0.0,1,1.0,0.6666666666666666,0.07943245707311042
ANONYMOUS LOGON@C3598,3,1.0,0.0,1,1.0,0.6666666666666666,0.07943245707311042
U4414@DOM1,1604,1.0,0.0,6,1.0,1.0,0.07897465903355494
U7304@DOM1,1604,1.0,0.0,7,1.0,1.0,0.07884049392261439
U11025@DOM1,332,1.0,0.0,18,1.0,1.0,0.07842531904740346
U5895@DOM1,332,1.0,0.0,18,1.0,1.0,0.07842531904740346
U10874@DOM1,329,1.0,0.0,18,1.0,1.0,0.07834200017282156
C579$@DOM1,168,0.9940476190476191,0.0,6,1.0,0.9047619047619048,0.07831255921229607
C17408$@DOM1,173,1.0,0.0,9,1.0,0.8323699421965318,0.07824443615729515
U3451@DOM1,1577,1.0,0.0,8,1.0,1.0,0.07802802809822729
U41@DOM1,1290,1.0,0.0,11,1.0,1.0,0.07797882750324514
U6267@DOM1,327,1.0,0.0,18,1.0,1.0,0.07795083423375593
C7006$@DOM1,1500,1.0,0.0,7,1.0,0.9993333333333333,0.07785979534275689
U158@DOM1,1100,1.0,0.0,2,1.0,1.0,0.07781625668988679
U71@DOM1,1101,1.0,0.0,2,1.0,1.0,0.07781625668988679
C365$@DOM1,1381,1.0,0.0,9,1.0,0.999275887038378,0.07748375206453118
U849@DOM1,95,1.0,0.0,7,1.0,0.7789473684210526,0.07723020913284695
U6929@DOM1,1578,1.0,0.0,6,1.0,1.0,0.07704644235168923
C3309$@DOM1,321,1.0,0.0,13,1.0,0.9657320872274143,0.07662359333438429
U32@DOM1,1095,1.0,0.0,5,1.0,0.982648401826484,0.0763879221076128
C20141$@DOM1,10,1.0,0.0,3,1.0,0.8,0.07598024136022408
C21805$@DOM1,338,1.0,0.0,12,1.0,0.9556213017751479,0.07549841586739892
U2464@DOM1,1554,1.0,0.0,7,1.0,1.0,0.07476688733017356
C321$@DOM1,1343,1.0,0.0,9,1.0,0.9992553983618764,0.07450191148863206
C21468$@DOM1,367,1.0,0.0,12,1.0,0.9591280653950953,0.07427594548835992
C6590$@DOM1,1337,1.0,0.0,9,1.0,0.9992520568436799,0.07421046034336021
C18529$@DOM1,1338,1.0,0.0,9,1.0,0.9992526158445441,0.07421046034336021
U2661@DOM1,66,1.0,0.0,11,1.0,0.9242424242424242,0.07344896311832227
U1484@DOM1,5,1.0,0.0,2,1.0,0.8,0.07332810888310248
C5450$@DOM1,438,1.0,0.0,13,1.0,0.9771689497716894,0.07331804091217908
C2167$@DOM1,1359,1.0,0.0,4,1.0,1.0,0.07258688219768106
U1733@DOM1,1503,1.0,0.0,8,1.0,1.0,0.0723586718204331
U5659@DOM1,1507,1.0,0.0,7,1.0,1.0,0.07188713052919726
U6560@DOM1,1458,1.0,0.0,8,1.0,1.0,0.07139136502257104
U1150@DOM1,1430,1.0,0.0,8,1.0,1.0,0.07119809992548187
C3342$@DOM1,1383,1.0,0.0,9,1.0,1.0,0.07116014323623943
U7003@DOM1,293,1.0,0.0,18,1.0,1.0,0.07115409663108896
U9210@DOM1,1444,1.0,0.0,8,1.0,1.0,0.07110149189177017
U198@DOM1,488,1.0,0.0,13,1.0,0.9815573770491803,0.07109550670151765
U1346@DOM1,1315,1.0,0.0,10,1.0,1.0,0.07089251416457931
U4456@DOM1,1417,1.0,0.0,7,1.0,1.0,0.07082405955011262
C6652$@DOM1,1267,1.0,0.0,9,1.0,0.9976322020520916,0.07080391186043533
U8739@DOM1,69,1.0,0.0,11,1.0,0.927536231884058,0.07061309446637432
U5500@DOM1,51,1.0,0.0,10,1.0,0.9019607843137255,0.07006241728096119
C11817$@DOM1,1340,1.0,0.0,8,1.0,0.9985074626865672,0.06999300558256671
C182$@DOM1,1378,1.0,0.0,8,1.0,0.9992743105950653,0.06982034571697104
C14182$@DOM1,1308,1.0,0.0,9,1.0,0.9992354740061162,0.0697303466123328
U1377@DOM1,1368,1.0,0.0,9,1.0,1.0,0.06947934327062577
C11248$@DOM1,1366,1.0,0.0,8,1.0,0.9992679355783309,0.069434943462657
C9545$@DOM1,1258,1.0,0.0,9,1.0,0.9984101748807631,0.06914040279133993
U4816@DOM1,283,1.0,0.0,18,1.0,1.0,0.06858565935008554
U12153@DOM1,283,1.0,0.0,18,1.0,1.0,0.06858565935008554
U8694@DOM1,92,1.0,0.0,12,1.0,0.9456521739130435,0.06822490856126184
U620@DOM1,29,1.0,0.0,2,1.0,0.8275862068965517,0.06820269633747122
U6547@DOM1,279,1.0,0.0,18,1.0,1.0,0.06819904100342733
U12185@DOM1,279,1.0,0.0,18,1.0,1.0,0.06819904100342733
U10476@DOM1,275,1.0,0.0,18,1.0,1.0,0.06819904100342733
U8127@DOM1,277,1.0,0.0,18,1.0,1.0,0.06819904100342733
U179@DOM1,281,1.0,0.0,18,1.0,1.0,0.0680068556650627
C10355$@DOM1,241,1.0,0.0,11,1.0,0.9336099585062241,0.06761442580037336
U8008@DOM1,272,1.0,0.0,18,1.0,1.0,0.0673743012251542
U7602@DOM1,47,1.0,0.0,1,1.0,0.8297872340425532,0.06737150613178489
U9776@DOM1,273,1.0,0.0,18,1.0,1.0,0.06735439824958023
U9228@DOM1,273,1.0,0.0,18,1.0,1.0,0.06735439824958023
U10414@DOM1,273,1.0,0.0,18,1.0,1.0,0.06735439824958023
U4684@DOM1,274,1.0,0.0,18,1.0,1.0,0.06735439824958023
C2470$@DOM1,254,1.0,0.0,13,1.0,0.9645669291338582,0.06733754963472793
U10969@DOM1,269,1.0,0.0,18,1.0,1.0,0.06727833991921317
U8083@DOM1,268,1.0,0.0,18,1.0,1.0,0.06727833991921317
U6372@DOM1,268,1.0,0.0,18,1.0,1.0,0.06727833991921317
U6504@DOM1,269,1.0,0.0,18,1.0,1.0,0.06727833991921317
U6052@DOM1,269,1.0,0.0,18,1.0,1.0,0.06727833991921317
U6730@DOM1,269,1.0,0.0,18,1.0,1.0,0.06727833991921317
U8293@DOM1,268,1.0,0.0,18,1.0,1.0,0.06727833991921317
C9199$@DOM1,1351,1.0,0.0,7,1.0,0.999259807549963,0.06724186945850741
C7595$@DOM1,1353,1.0,0.0,7,1.0,0.9992609016999261,0.06724186945850741
C8799$@DOM15,814,1.0,0.0,1,1.0,1.0,0.0671968025193389
U12104@DOM1,270,1.0,0.0,18,1.0,1.0,0.06718239484342603
U4969@DOM1,1404,1.0,0.0,7,1.0,1.0,0.06711437888695937
C786$@DOM1,1265,1.0,0.0,9,1.0,0.9992094861660079,0.06707165321998765
C16516$@DOM1,1265,1.0,0.0,9,1.0,0.9992094861660079,0.06707165321998765
U8987@DOM1,264,1.0,0.0,18,1.0,1.0,0.06706996703913293
U9830@DOM1,266,1.0,0.0,18,1.0,1.0,0.06690888160965636
U11867@DOM1,260,1.0,0.0,18,1.0,1.0,0.06689238782042606
U2382@DOM1,265,1.0,0.0,18,1.0,1.0,0.06689238782042606
U521@DOM1,260,1.0,0.0,18,1.0,1.0,0.06689238782042606
U7204@DOM1,260,1.0,0.0,18,1.0,1.0,0.06689238782042606
U8320@DOM1,262,1.0,0.0,18,1.0,1.0,0.06679650802159531
U9681@DOM1,263,1.0,0.0,18,1.0,1.0,0.06679650802159531
U9596@DOM1,263,1.0,0.0,18,1.0,1.0,0.06679650802159531
C2230$@DOM1,636,0.9984276729559748,0.0,12,1.0,0.9984276729559748,0.06672107622296886
C8139$@DOM1,1327,1.0,0.0,8,1.0,0.9992464204973625,0.06665832907053493
U96@DOM1,259,1.0,0.0,18,1.0,1.0,0.06642218915094567
U497@DOM1,302,1.0,0.0,7,1.0,0.8940397350993378,0.06623802958326686
C868$@DOM1,1344,1.0,0.0,7,1.0,0.9992559523809523,0.06612941062656008
U8192@DOM1,258,1.0,0.0,18,1.0,1.0,0.06599918229682977
U11425@DOM1,258,1.0,0.0,18,1.0,1.0,0.06599918229682977
U6897@DOM1,257,1.0,0.0,18,1.0,1.0,0.06573607437875628
U8067@DOM1,257,1.0,0.0,18,1.0,1.0,0.06573607437875628
U11483@DOM1,253,1.0,0.0,18,1.0,1.0,0.06538225164311129
C11009$@DOM1,1328,1.0,0.0,7,1.0,0.9992469879518072,0.06531264717484098
U9792@DOM1,251,1.0,0.0,18,1.0,1.0,0.06524589288465721
U5926@DOM1,250,1.0,0.0,18,1.0,1.0,0.06505470640713085
U1450@DOM1,1033,1.0,0.0,12,1.0,1.0,0.06489190271158296
C3598$@DOM1,444,1.0,0.0,11,1.0,0.9684684684684685,0.0648021530079117
U1580@DOM1,881,1.0,0.0,3,1.0,0.9909194097616345,0.06457028979231072
U11195@DOM1,247,1.0,0.0,18,1.0,1.0,0.06444780083311741
U8070@DOM1,247,1.0,0.0,18,1.0,1.0,0.06444780083311741
U1821@DOM1,248,1.0,0.0,18,1.0,1.0,0.06435233449284339
U2899@DOM1,1316,1.0,0.0,9,1.0,1.0,0.06411083121432326
C2933$@DOM1,292,1.0,0.0,11,1.0,0.9417808219178082,0.06409045781688305
U2529@DOM1,76,1.0,0.0,11,1.0,0.9342105263157895,0.06398450572928027
U9862@DOM1,662,1.0,0.0,14,1.0,1.0,0.06378982780827336
C3328$@DOM1,357,1.0,0.0,10,1.0,0.9467787114845938,0.06370899099638239
U5060@DOM1,1381,1.0,0.0,6,1.0,1.0,0.06362428446916346
C20042$@DOM1,1367,1.0,0.0,8,1.0,1.0,0.06340891439203
C12309$@DOM1,1302,1.0,0.0,7,1.0,0.9984639016897081,0.0633864571203614
U7441@DOM1,1370,1.0,0.0,7,1.0,1.0,0.06322427428205524
U1522@DOM1,6,1.0,0.0,3,1.0,0.8333333333333334,0.06321515334412409
U294@DOM1,246,1.0,0.0,18,1.0,1.0,0.06316599360154018
U8060@DOM1,232,1.0,0.0,18,1.0,1.0,0.06306026690998745
U314@DOM1,232,1.0,0.0,18,1.0,1.0,0.06306026690998745
U1627@DOM1,232,1.0,0.0,18,1.0,1.0,0.06306026690998745
C12210$@DOM1,1300,1.0,0.0,8,1.0,0.9992307692307693,0.06302628426383905
C21216$@DOM1,1304,1.0,0.0,8,1.0,0.9992331288343558,0.06293105834789536
U5484@DOM1,1357,1.0,0.0,8,1.0,1.0,0.0627422183304529
U10410@DOM1,241,1.0,0.0,18,1.0,1.0,0.06262554406729248
U8124@DOM1,241,1.0,0.0,18,1.0,1.0,0.06262554406729248
U10203@DOM1,242,1.0,0.0,18,1.0,1.0,0.0625303859294497
U1170@DOM1,127,1.0,0.0,17,1.0,0.9921259842519685,0.06246191992550865
U638@DOM1,115,1.0,0.0,8,1.0,0.8521739130434782,0.06242200874509729
C13309$@DOM1,1280,1.0,0.0,8,1.0,0.9984375,0.062267551070386284
U6596@DOM1,238,1.0,0.0,18,1.0,1.0,0.06224275753326958
U9398@DOM1,59,1.0,0.0,10,1.0,0.9152542372881356,0.062173468168759016
U7316@DOM1,129,1.0,0.0,15,1.0,0.9767441860465116,0.062096414861273375
C6897$@DOM1,1279,1.0,0.0,8,1.0,0.9976544175136826,0.06204027246196586
C20448$@DOM1,227,1.0,0.0,12,1.0,0.9515418502202643,0.06178811409950902
U1853@DOM1,52,1.0,0.0,15,1.0,0.9807692307692307,0.06175108846741095
C9643$@DOM1,1297,1.0,0.0,9,1.0,1.0,0.061701929602119066
C1450$@DOM1,1229,1.0,0.0,9,1.0,0.9991863303498779,0.06169780961863769
C16173$@DOM1,237,1.0,0.0,11,1.0,0.9367088607594937,0.06157084802246415
U8494@DOM1,121,1.0,0.0,16,1.0,0.9834710743801653,0.061068373121991204
C19655$@DOM1,1295,1.0,0.0,7,1.0,0.9976833976833976,0.060915233276513936
U1809@DOM1,99,1.0,0.0,18,1.0,1.0,0.060868158892560253
C296$@DOM1,1309,1.0,0.0,7,1.0,0.9992360580595875,0.060712238897305815
C16814$@DOM1,1281,1.0,0.0,8,1.0,0.9992193598750976,0.060669248317476
U10472@DOM1,98,1.0,0.0,18,1.0,1.0,0.060475970624558895
U5937@DOM1,98,1.0,0.0,18,1.0,1.0,0.060475970624558895
U2228@DOM1,1265,1.0,0.0,9,1.0,1.0,0.06016226350511422
C7057$@DOM1,1318,1.0,0.0,6,1.0,0.9992412746585736,0.06015241418525119
U8861@DOM1,63,1.0,0.0,10,1.0,0.9206349206349206,0.06012712854068214
C8326$@DOM1,1263,1.0,0.0,8,1.0,0.9992082343626286,0.059893459983581976
U9689@DOM1,102,1.0,0.0,18,1.0,1.0,0.05986503439932578
U10271@DOM1,87,1.0,0.0,18,1.0,1.0,0.059679397140852464
C2624$@DOM1,364,1.0,0.0,10,1.0,0.9505494505494505,0.05965179115251518
U12322@DOM1,96,1.0,0.0,18,1.0,1.0,0.0595845585087883
C18$@DOM1,1334,1.0,0.0,7,1.0,1.0,0.05954467901896365
U11756@DOM1,92,1.0,0.0,18,1.0,1.0,0.05929487232380126
C2083$@DOM1,329,1.0,0.0,10,1.0,0.9422492401215805,0.059160566582109886
U1623@DOM1,94,1.0,0.0,18,1.0,1.0,0.05894414338172671
U11152@DOM1,94,1.0,0.0,18,1.0,1.0,0.05894414338172671
U350@DOM1,266,1.0,0.0,14,1.0,0.9774436090225563,0.05887805956608472
C2275$@DOM1,1098,1.0,0.0,3,1.0,1.0,0.05885168275885677
U12257@DOM1,195,1.0,0.0,18,1.0,1.0,0.058835656553258175
U7010@DOM1,194,1.0,0.0,18,1.0,1.0,0.058741139407709864
C21457$@DOM1,197,1.0,0.0,11,1.0,0.934010152284264,0.05854425331962232
U899@DOM1,35,1.0,0.0,2,1.0,0.8571428571428571,0.05810565058150019
C2284$@DOM1,1079,1.0,0.0,3,1.0,1.0,0.058007071459086235
U10464@DOM1,192,1.0,0.0,18,1.0,1.0,0.05800128783758551
U6001@DOM1,176,1.0,0.0,18,1.0,1.0,0.057899058101584355
C10779$@DOM1,1282,1.0,0.0,7,1.0,0.999219968798752,0.05784485571717635
U3923@DOM1,134,1.0,0.0,18,1.0,1.0,0.05777906268384203
U291@DOM1,16,1.0,0.0,4,1.0,0.875,0.057666327475020096
U1836@DOM1,16,1.0,0.0,4,1.0,0.875,0.057666327475020096
U1199@DOM1,7,1.0,0.0,3,1.0,0.8571428571428571,0.05755182007879123
C16197$@DOM1,1278,1.0,0.0,7,1.0,0.9992175273865415,0.057481541268368797
ANONYMOUS LOGON@C6167,698,1.0,0.0,1,1.0,1.0,0.05730784441121117
U561@DOM1,184,1.0,0.0,18,1.0,1.0,0.05725265725443274
U9237@DOM1,183,1.0,0.0,18,1.0,1.0,0.05725265725443274
U550@DOM1,136,1.0,0.0,13,1.0,0.9632352941176471,0.05724108059235666
C20875$@DOM1,246,1.0,0.0,7,1.0,0.8739837398373984,0.05714714914360697
U5324@DOM1,68,1.0,0.0,10,1.0,0.9264705882352942,0.05679174084657268
C9093$@DOM1,1251,1.0,0.0,8,1.0,0.9992006394884093,0.05645129937129001
C1425$@DOM1,1273,1.0,0.0,6,1.0,0.9992144540455616,0.056352759564500476
C14683$@DOM1,813,1.0,0.0,12,1.0,0.997539975399754,0.05616815871330694
U8556@DOM1,1194,1.0,0.0,10,1.0,1.0,0.05552650177306706
U1950@DOM1,1317,1.0,0.0,6,1.0,1.0,0.05521269832960829
C2025$@DOM1,1191,1.0,0.0,10,1.0,1.0,0.05482938989018493
U334@DOM1,169,1.0,0.0,12,1.0,0.9526627218934911,0.0547614739054193
U2534@DOM1,1234,1.0,0.0,9,1.0,1.0,0.054471182327039624
C13352$@DOM1,1236,1.0,0.0,7,1.0,0.9983818770226537,0.054467439632001846
C3070$@DOM1,312,0.9935897435897436,0.0,12,1.0,0.9935897435897436,0.05430182288433161
U9292@DOM1,1230,1.0,0.0,9,1.0,1.0,0.0542558658146719
C2149$@DOM1,335,0.9940298507462687,0.0,12,1.0,0.9940298507462687,0.05383803516451857
C1935$@DOM1,385,1.0,0.0,9,1.0,0.9506493506493506,0.0534097186956467
U4626@DOM1,1195,1.0,0.0,4,1.0,1.0,0.053369573704433626
C5170$@DOM1,255,0.996078431372549,0.0,9,1.0,0.9607843137254902,0.05300479788779533
C19479$@DOM1,1238,1.0,0.0,7,1.0,0.9991922455573505,0.052392882522102724
U5151@DOM1,1289,1.0,0.0,7,1.0,1.0,0.052063648653974504
C1042$@DOM1,645,1.0,0.0,9,1.0,0.9782945736434109,0.051958531585800105
C5362$@DOM1,1235,1.0,0.0,7,1.0,0.9991902834008097,0.05183255470550974
U1552@DOM1,17,1.0,0.0,2,1.0,0.8823529411764706,0.05107803579672332
C20777$@DOM1,290,1.0,0.0,10,1.0,0.9413793103448276,0.050960251262409995
C1712$@DOM1,1154,1.0,0.0,10,1.0,1.0,0.05093491007269968
U698@DOM1,98,1.0,0.0,12,1.0,0.9591836734693877,0.050673635097597924
C20197$@DOM1,1259,1.0,0.0,7,1.0,1.0,0.05064457992844462
C19632$@DOM1,1217,1.0,0.0,8,1.0,0.9991783073130649,0.050322161776978236
C10823$@DOM1,1246,1.0,0.0,8,1.0,1.0,0.050194231801531375
U110@C1665,8,1.0,0.0,1,1.0,0.75,0.04998920554369457
C3953$@DOM1,207,1.0,0.0,5,1.0,0.8647342995169082,0.04985117433091446
U808@DOM1,117,1.0,0.0,12,1.0,0.9572649572649573,0.049806842976347965
U3362@DOM1,75,1.0,0.0,10,1.0,0.9333333333333333,0.049265424674708846
U156@DOM1,1205,1.0,0.0,9,1.0,1.0,0.04909685386449236
U908@DOM1,4,1.0,0.0,1,1.0,0.75,0.04903472378093143
C5053$@DOM1,110,0.9727272727272728,0.0,4,1.0,0.9727272727272728,0.04901407300997784
C3690$@DOM1,446,1.0,0.0,15,1.0,1.0,0.04892228266411769
C3459$@DOM1,174,0.9942528735632183,0.0,9,1.0,0.9655172413793104,0.04876256490756503
U124@DOM1,18,1.0,0.0,4,1.0,0.8888888888888888,0.048639672909568166
C6151$@DOM1,1244,1.0,0.0,8,1.0,1.0,0.04853071572527823
C821$@DOM1,1249,1.0,0.0,7,1.0,1.0,0.04812682711452221
C16249$@DOM1,1217,1.0,0.0,7,1.0,0.9991783073130649,0.04800041057679172
C6449$@DOM1,1185,1.0,0.0,8,1.0,0.99915611814346,0.04755334871967254
U70@DOM1,1179,1.0,0.0,9,1.0,1.0,0.04741336039335886
C1914$@DOM1,712,1.0,0.0,13,1.0,1.0,0.047379082778388315
U3058@DOM1,40,1.0,0.0,4,1.0,0.875,0.04701615685273386
U3646@DOM1,1227,1.0,0.0,8,1.0,1.0,0.0469480843244634
C2559$@DOM1,385,1.0,0.0,8,1.0,0.948051948051948,0.046884970035334095
C7804$@DOM1,870,1.0,0.0,11,1.0,0.9977011494252873,0.04688077876409247
U72@DOM1,1174,1.0,0.0,9,1.0,1.0,0.0468718055062185
U3280@DOM1,43,1.0,0.0,7,1.0,0.8837209302325582,0.046867337687875654
U4547@DOM1,43,1.0,0.0,7,1.0,0.8837209302325582,0.046867337687875654
C10688$@DOM1,1243,1.0,0.0,7,1.0,1.0,0.04646956185068074
U1179@DOM1,436,1.0,0.0,15,1.0,1.0,0.04634815930268832
C2892$@DOM1,300,0.9933333333333333,0.0,13,1.0,1.0,0.045536856611193666
U1228@DOM1,94,1.0,0.0,11,1.0,0.9468085106382979,0.045481873300228126
U3976@DOM1,45,1.0,0.0,7,1.0,0.8888888888888888,0.04445465847384533
C14850$@DOM1,1076,1.0,0.0,4,1.0,1.0,0.04424015629557276
C6990$@DOM1,1163,1.0,0.0,7,1.0,0.999140154772141,0.04416050960532858
C2783$@DOM1,523,1.0,0.0,14,1.0,1.0,0.044123289577544855
C1848$@DOM1,369,1.0,0.0,12,1.0,0.975609756097561,0.044112260568869965
U187@DOM1,9,1.0,0.0,3,1.0,0.8888888888888888,0.043781745123285365
U225@DOM1,106,1.0,0.0,13,1.0,0.9716981132075472,0.04362096520476999
C2943$@DOM1,245,1.0,0.0,10,1.0,0.9387755102040817,0.04350521856466638
U25@DOM1,82,1.0,0.0,7,1.0,0.8780487804878049,0.04331500586007819
U2165@DOM1,1212,1.0,0.0,8,1.0,1.0,0.043271789486402756
C3419$@DOM1,154,1.0,0.0,4,1.0,0.8766233766233766,0.04285401096431496
U4223@DOM1,1205,1.0,0.0,8,1.0,1.0,0.04256776908347437
C4419$@DOM1,422,1.0,0.0,15,1.0,1.0,0.042293855770428435
U2404@DOM1,1144,1.0,0.0,9,1.0,1.0,0.042052833120767796
C3027$@DOM1,361,1.0,0.0,16,1.0,1.0,0.04199694006311672
C2385$@DOM1,333,1.0,0.0,12,1.0,0.972972972972973,0.041733026073631496
C2257$@DOM1,357,1.0,0.0,14,1.0,0.988795518207283,0.04168156370444931
U1145@DOM1,132,1.0,0.0,12,1.0,0.9621212121212122,0.04165087642984222
C12814$@DOM1,198,0.8838383838383839,0.0,8,1.0,0.9848484848484849,0.04159191676612506
C1867$@DOM1,249,1.0,0.0,10,1.0,0.9397590361445783,0.041552488590712255
U111@DOM1,1209,1.0,0.0,7,1.0,1.0,0.04096063736438982
U540@DOM1,103,1.0,0.0,11,1.0,0.9514563106796117,0.04019566474971559
U102@DOM1,1188,1.0,0.0,6,1.0,1.0,0.03996994288325961
U1760@DOM1,77,1.0,0.0,15,1.0,0.987012987012987,0.03970622704876525
U2211@DOM1,1188,1.0,0.0,7,1.0,1.0,0.03950932281805897
C1261$@DOM1,349,1.0,0.0,15,1.0,0.994269340974212,0.03948555520072805
U1070@DOM1,89,1.0,0.0,8,1.0,0.898876404494382,0.03944048042814596
C337$@DOM1,231,1.0,0.0,11,1.0,0.9523809523809523,0.039161705941848424
U1328@DOM1,26,1.0,0.0,6,1.0,0.8846153846153846,0.03877740267855423
C97$@DOM1,1159,1.0,0.0,8,1.0,1.0,0.038343750277278765
C1801$@DOM1,1016,1.0,0.0,10,1.0,1.0,0.03815697251281924
U7694@DOM1,926,1.0,0.0,11,1.0,1.0,0.038023478545945455
U49@DOM1,926,1.0,0.0,11,1.0,1.0,0.038023478545945455
U2322@DOM1,937,1.0,0.0,11,1.0,1.0,0.038023478545945455
U7856@DOM1,932,1.0,0.0,11,1.0,1.0,0.038023478545945455
U2640@DOM1,39,1.0,0.0,6,1.0,0.8717948717948718,0.03795201656813019
C2233$@DOM1,1112,1.0,0.0,5,1.0,1.0,0.03776582161268993
C1888$@DOM1,769,1.0,0.0,12,1.0,1.0,0.03759594378966624
C21493$@DOM1,135,1.0,0.0,7,1.0,0.8814814814814815,0.03752149116774073
U7784@DOM1,105,1.0,0.0,11,1.0,0.9523809523809523,0.03749770816655096
U1516@DOM1,72,1.0,0.0,9,1.0,0.9305555555555556,0.036718190082229096
U1466@DOM1,10,1.0,0.0,3,1.0,0.9,0.03664620194526935
U6411@DOM1,77,1.0,0.0,2,1.0,0.922077922077922,0.036540981288941676
U630@DOM1,617,1.0,0.0,13,1.0,1.0,0.03636086804639593
C13676$@DOM1,532,1.0,0.0,1,1.0,1.0,0.03633393918197292
C466$@DOM1,749,1.0,0.0,8,1.0,0.9826435246995995,0.03606581392532404
U867@DOM1,382,1.0,0.0,15,1.0,1.0,0.03601158798406223
C1750$@DOM1,826,0.9987893462469734,0.0,8,1.0,0.9903147699757869,0.03530118748150057
U1604@DOM1,20,1.0,0.0,5,1.0,0.9,0.035275295335687296
U74@DOM1,1152,1.0,0.0,7,1.0,1.0,0.035125505260252154
U1592@DOM1,180,1.0,0.0,13,1.0,0.9722222222222222,0.03488284294284605
U4401@DOM1,1130,1.0,0.0,8,1.0,1.0,0.03455917019013055
U180@DOM1,326,1.0,0.0,16,1.0,1.0,0.03419751057950704
C5443$@DOM1,286,1.0,0.0,11,1.0,0.965034965034965,0.034158764715003787
C20779$@DOM1,301,1.0,0.0,9,1.0,0.946843853820598,0.03405653458180369
C1953$@DOM1,217,1.0,0.0,11,1.0,0.9539170506912442,0.03400889186882261
C4291$@DOM1,234,1.0,0.0,8,1.0,0.9230769230769231,0.03372293762607981
C1847$@DOM1,797,1.0,0.0,10,1.0,0.9924717691342535,0.03355981360495619
C1157$@DOM1,284,1.0,0.0,10,1.0,0.954225352112676,0.03343114107031153
U2149@DOM1,42,1.0,0.0,6,1.0,0.8809523809523809,0.03337564456343167
U1157@DOM1,29,1.0,0.0,5,1.0,0.896551724137931,0.03315086423725766
C19600$@DOM1,179,1.0,0.0,10,1.0,0.9385474860335196,0.03289358885030291
C2650$@DOM1,306,1.0,0.0,11,1.0,0.9673202614379085,0.03268659606317681
U1193@DOM1,11,1.0,0.0,3,1.0,0.9090909090909091,0.03244705823468408
U7056@DOM1,715,1.0,0.0,12,1.0,1.0,0.032419717462283115
U17@DOM3,494,1.0,0.0,1,1.0,1.0,0.03241260635278631
U2667@DOM1,162,1.0,0.0,10,1.0,0.9382716049382716,0.03236394744346405
U3241@DOM1,51,1.0,0.0,7,1.0,0.9019607843137255,0.032360009500266296
C2835$@DOM1,303,1.0,0.0,10,1.0,0.9570957095709571,0.032034124382052
U5@DOM1,634,1.0,0.0,11,1.0,0.9952681388012619,0.0315640004228529
U7435@DOM1,61,1.0,0.0,8,1.0,0.9180327868852459,0.03150384291330133
U289@DOM1,168,1.0,0.0,15,1.0,0.9880952380952381,0.031464634431710214
U1099@DOM1,168,1.0,0.0,15,1.0,0.9880952380952381,0.031464634431710214
C12992$@DOM1,22,1.0,0.0,4,1.0,0.9090909090909091,0.03133876778535771
C2277$@DOM1,259,1.0,0.0,11,1.0,0.9613899613899614,0.03128361242541744
C540$@DOM1,1070,1.0,0.0,6,1.0,1.0,0.029834943139745662
C2762$@DOM1,265,0.9924528301886792,0.0,11,1.0,0.9924528301886792,0.02969960725140186
C7893$@DOM1,1059,1.0,0.0,8,1.0,1.0,0.02882075289283914
C16671$@DOM1,273,1.0,0.0,8,1.0,0.9377289377289377,0.02854668205838906
C1763$@DOM1,1050,1.0,0.0,6,1.0,1.0,0.02808407300544913
C19564$@DOM1,1041,1.0,0.0,6,1.0,1.0,0.02808407300544913
C2975$@DOM1,954,1.0,0.0,4,1.0,1.0,0.027790257602189783
U3316@DOM1,113,1.0,0.0,10,1.0,0.9469026548672567,0.027766103923896335
C2631$@DOM1,369,0.997289972899729,0.0,12,1.0,0.997289972899729,0.027659437449933155
U143@DOM1,557,1.0,0.0,13,1.0,1.0,0.027454700035139723
U2472@DOM1,97,1.0,0.0,10,1.0,0.9484536082474226,0.02726056112179287
C3543$@DOM1,127,1.0,0.0,8,1.0,0.9133858267716536,0.027212333566089653
C12194$@DOM1,67,1.0,0.0,6,1.0,0.8805970149253731,0.026808937944894362
U1400@DOM1,13,1.0,0.0,4,1.0,0.9230769230769231,0.02663595062126589
U118@DOM1,13,1.0,0.0,4,1.0,0.9230769230769231,0.02663595062126589
C5024$@DOM1,131,1.0,0.0,4,1.0,0.9007633587786259,0.026197546586606113
C3211$@DOM1,285,1.0,0.0,10,1.0,0.9578947368421052,0.026064597361483033
C919$@DOM1,357,1.0,0.0,11,1.0,0.9747899159663865,0.025901782730885947
C2344$@DOM1,360,0.9972222222222222,0.0,12,1.0,0.9972222222222222,0.025828046122691184
U3457@DOM1,929,1.0,0.0,10,1.0,1.0,0.025803072398226767
U1153@DOM1,283,1.0,0.0,16,1.0,1.0,0.025415568920804765
C21$@DOM1,920,1.0,0.0,10,1.0,1.0,0.025358571435255106
U3962@DOM1,64,1.0,0.0,8,1.0,0.921875,0.025205491845925465
C545$@DOM1,361,1.0,0.0,14,1.0,0.9944598337950139,0.025182150923494517
C5917$@DOM1,35,1.0,0.0,4,1.0,0.9142857142857143,0.02512462405140825
C18619$@DOM1,194,1.0,0.0,10,1.0,0.9432989690721649,0.025057951206831186
C2189$@DOM1,116,0.9396551724137931,0.0,5,1.0,0.9827586206896551,0.024605349236630825
C3583$@DOM1,171,0.7719298245614035,0.0,5,1.0,1.0,0.024498077602904345
U1296@DOM1,14,1.0,0.0,4,1.0,0.9285714285714286,0.024366527030414642
U4216@DOM1,781,1.0,0.0,11,1.0,1.0,0.024281031320591895
C2072$@DOM1,894,1.0,0.0,4,1.0,1.0,0.024164171884733632
U2876@DOM1,67,1.0,0.0,8,1.0,0.9253731343283582,0.023366674842562718
U1469@DOM1,30,1.0,0.0,2,1.0,0.9333333333333333,0.023186641425618548
C1717$@DOM1,1010,1.0,0.0,8,1.0,1.0,0.022809293256315755
U9407@DOM1,425,1.0,0.0,14,1.0,1.0,0.02269900119712276
U3585@DOM1,354,1.0,0.0,15,1.0,1.0,0.022686756951753262
U5325@DOM1,69,1.0,0.0,8,1.0,0.927536231884058,0.02193144089209198
U442@DOM1,252,1.0,0.0,16,1.0,1.0,0.021887811156194537
U1545@DOM1,14,1.0,0.0,3,1.0,0.9285714285714286,0.02166775257672071
C243$@DOM3,5,1.0,0.0,1,1.0,0.8,0.02151868592924333
C486$@DOM1,694,1.0,0.0,5,1.0,0.9870317002881844,0.02110574521228714
U1298@DOM1,124,1.0,0.0,14,1.0,0.9838709677419355,0.020902268072935715
U10678@DOM1,55,1.0,0.0,16,1.0,1.0,0.020555029389555446
C2008$@DOM1,174,1.0,0.0,5,1.0,0.9022988505747126,0.020048738926483956
C46$@DOM1,867,1.0,0.0,9,1.0,0.9988465974625144,0.020007504763906336
U884@DOM1,15,1.0,0.0,3,1.0,0.9333333333333333,0.019661130750596834
U1564@DOM1,15,1.0,0.0,3,1.0,0.9333333333333333,0.019661130750596834
U1554@DOM1,15,1.0,0.0,3,1.0,0.9333333333333333,0.019661130750596834
U1550@DOM1,15,1.0,0.0,3,1.0,0.9333333333333333,0.019661130750596834
U1642@DOM1,138,1.0,0.0,12,1.0,0.9710144927536232,0.019622033765606117
C4773$@DOM1,224,1.0,0.0,11,1.0,0.9642857142857143,0.01953253758397111
C1984$@DOM1,241,1.0,0.0,4,1.0,0.941908713692946,0.019367946781104428
U1770@DOM1,419,1.0,0.0,1,1.0,1.0,0.018941927296551864
U1539@DOM1,99,1.0,0.0,16,1.0,1.0,0.018738791009365485
U3406@DOM1,175,1.0,0.0,12,1.0,0.9714285714285714,0.018611209178081567
U11242@DOM1,85,1.0,0.0,16,1.0,1.0,0.018418757860951485
U1172@DOM1,233,1.0,0.0,16,1.0,1.0,0.018417489442779877
C241$@DOM1,700,1.0,0.0,7,1.0,0.9842857142857143,0.018406352479877097
U1579@DOM1,89,1.0,0.0,16,1.0,1.0,0.018400057221997113
C1726$@DOM1,984,1.0,0.0,8,1.0,1.0,0.018000209031579395
U4424@DOM1,63,1.0,0.0,5,1.0,0.9047619047619048,0.017900794797377162
U5987@DOM1,96,1.0,0.0,16,1.0,1.0,0.01779727245945839
U164@DOM1,119,1.0,0.0,4,1.0,0.9159663865546218,0.017702779374111022
U1528@DOM1,506,1.0,0.0,13,1.0,1.0,0.017604485635624778
U7994@DOM1,92,1.0,0.0,16,1.0,1.0,0.0175292187503725
U896@DOM1,118,0.9745762711864406,0.0,11,1.0,1.0,0.016862768558760233
U1989@DOM1,110,1.0,0.0,16,1.0,1.0,0.01670171476700255
C1586$@DOM1,974,1.0,0.0,6,1.0,1.0,0.016406964068103935
U7317@DOM1,33,1.0,0.0,11,1.0,0.9696969696969697,0.016190670059791912
C2626$@DOM1,677,1.0,0.0,11,1.0,1.0,0.016190591090154638
U138@DOM1,29,1.0,0.0,3,1.0,0.9310344827586207,0.01615211063933497
C4386$@DOM1,380,1.0,0.0,14,1.0,1.0,0.015971173412546946
ANONYMOUS LOGON@C743,402,1.0,0.0,1,1.0,1.0,0.015792130633717982
U1289@DOM1,204,1.0,0.0,16,1.0,1.0,0.015601913714498372
U5233@DOM1,293,0.9795221843003413,0.0,9,1.0,1.0,0.015414705595940048
U4516@DOM1,322,1.0,0.0,15,1.0,1.0,0.015199175267649911
C18603$@DOM1,203,1.0,0.0,11,1.0,0.9655172413793104,0.015046086751849486
C842$@DOM1,176,1.0,0.0,8,1.0,0.9318181818181818,0.014597405907123329
U307@DOM1,61,1.0,0.0,8,1.0,0.9344262295081968,0.014282391027460872
U1002@DOM1,385,1.0,0.0,1,1.0,1.0,0.014205877601255357
U8660@DOM1,899,1.0,0.0,9,1.0,1.0,0.014095060166824158
C3277$@DOM1,575,1.0,0.0,12,1.0,1.0,0.013980671353186591
C1713$@DOM1,910,1.0,0.0,7,1.0,0.9956043956043956,0.013963542293789377
U653@DOM1,176,1.0,0.0,16,1.0,1.0,0.013390343433750007
U1190@DOM1,317,1.0,0.0,15,1.0,1.0,0.013332154716365618
C3037$@DOM1,210,1.0,0.0,11,1.0,0.9666666666666667,0.012654841190870125
U7865@DOM1,129,1.0,0.0,16,1.0,1.0,0.01239100849627306
U2195@DOM1,881,1.0,0.0,9,1.0,1.0,0.012108735905038026
U9557@DOM1,880,1.0,0.0,9,1.0,1.0,0.012108735905038026
U5294@DOM1,876,1.0,0.0,9,1.0,1.0,0.011762367329827939
C6454$@DOM1,265,1.0,0.0,9,1.0,0.9547169811320755,0.011727285363360096
C2683$@DOM1,632,1.0,0.0,11,1.0,1.0,0.011559299649694155
U1491@DOM1,850,1.0,0.0,8,1.0,0.9988235294117647,0.011495752107171797
C1015$@DOM1,236,0.9745762711864406,0.0,7,1.0,0.9872881355932204,0.011303732503571418
U1164@DOM1,150,1.0,0.0,16,1.0,1.0,0.011235765833572553
U176@DOM1,865,1.0,0.0,5,1.0,1.0,0.011225988174644264
U1397@DOM1,17,1.0,0.0,4,1.0,0.9411764705882353,0.01079601813866049
C1703$@DOM1,781,1.0,0.0,6,1.0,0.9935979513444302,0.010580237020944683
U2066@DOM1,947,1.0,0.0,7,1.0,1.0,0.010223260576621374
U8016@DOM1,888,1.0,0.0,6,1.0,1.0,0.010019522830809313
U365@DOM1,223,1.0,0.0,12,1.0,0.9775784753363229,0.009790519461337466
C1453$@DOM1,237,1.0,0.0,8,1.0,0.9409282700421941,0.009500161213121028
U975@DOM1,15,1.0,0.0,6,1.0,0.9333333333333333,0.009481620743225894
U600@DOM1,118,0.9830508474576272,0.0,11,1.0,1.0,0.009425405534903009
U794@DOM1,63,1.0,0.0,6,1.0,0.9047619047619048,0.009326032416197005
C3796$@DOM1,626,1.0,0.0,11,1.0,1.0,0.009257603844875506
U4559@DOM1,462,0.9956709956709957,0.0,7,1.0,1.0,0.00891165260774407
C8373$@DOM1,532,1.0,0.0,11,1.0,0.9962406015037594,0.008757773163989846
C15077$@DOM1,285,0.9894736842105263,0.0,6,1.0,0.9894736842105263,0.008495222463303365
C2572$@DOM1,370,1.0,0.0,1,1.0,1.0,0.008285373461966117
C294$@DOM1,185,0.9945945945945946,0.0,5,1.0,0.972972972972973,0.008229594295135922
C4165$@DOM1,127,1.0,0.0,4,1.0,0.9291338582677166,0.007851784709181797
U2064@DOM1,908,1.0,0.0,8,1.0,1.0,0.0075509718215098776
U1854@DOM1,920,1.0,0.0,7,1.0,1.0,0.007538878607499688
U9196@DOM1,921,1.0,0.0,7,1.0,1.0,0.007538878607499688
C15648$@DOM1,162,1.0,0.0,4,1.0,0.9320987654320988,0.007513815054804085
U7728@DOM1,64,1.0,0.0,8,1.0,0.9375,0.007511044990083038
U2740@DOM1,77,0.974025974025974,0.0,10,1.0,1.0,0.007445676359446263
C19656$@DOM1,18,1.0,0.0,4,1.0,0.9444444444444444,0.007429037841672703
U1156@DOM1,45,1.0,0.0,4,1.0,0.9333333333333333,0.007416398976063832
C7470$@DOM1,286,1.0,0.0,12,1.0,0.9825174825174825,0.007369414564935561
C768$@DOM1,833,1.0,0.0,7,1.0,0.9987995198079231,0.006941192561104592
U1613@DOM1,7,1.0,0.0,1,1.0,0.8571428571428571,0.006659822709501273
C5675$@DOM7,7,1.0,0.0,1,1.0,0.8571428571428571,0.006659822709501273
C3976$@DOM7,7,1.0,0.0,1,1.0,0.8571428571428571,0.006659822709501273
C15952$@DOM1,96,1.0,0.0,8,1.0,0.9375,0.006387976530941253
U212@DOM1,279,1.0,0.0,15,1.0,1.0,0.006317113538548469
U1563@DOM1,19,1.0,0.0,4,1.0,0.9473684210526315,0.006252143083212425
C2980$@DOM1,293,1.0,0.0,8,1.0,0.9556313993174061,0.006179117218007568
C3677$@DOM1,340,0.9970588235294118,0.0,11,1.0,0.9970588235294118,0.006091934711617952
U9629@DOM1,909,1.0,0.0,7,1.0,1.0,0.005901050785479867
C3310$@DOM1,319,1.0,0.0,11,1.0,0.9780564263322884,0.005855584068535924
C1649$@DOM1,891,1.0,0.0,8,1.0,1.0,0.005724912742366639
C2087$@DOM1,622,1.0,0.0,10,1.0,0.9983922829581994,0.005592617537642175
C2368$@DOM1,363,1.0,0.0,14,1.0,1.0,0.005592081583434827
C2900$@DOM1,580,1.0,0.0,3,1.0,1.0,0.005210773837181271
U181@DOM1,273,1.0,0.0,15,1.0,1.0,0.005124550237862513
U2919@DOM1,894,1.0,0.0,7,1.0,1.0,0.004992312542209443
U651@DOM1,270,1.0,0.0,15,1.0,1.0,0.004971412898236438
C20274$@DOM1,160,1.0,0.0,7,1.0,0.925,0.004458280760118782
C3510$@DOM1,442,1.0,0.0,12,1.0,0.997737556561086,0.004401954932457097
C946$@DOM1,793,1.0,0.0,8,1.0,0.9987389659520807,0.0043191321585658304
U4624@DOM1,707,1.0,0.0,10,1.0,1.0,0.004311409122818577
C5500$@DOM1,148,1.0,0.0,9,1.0,0.9459459459459459,0.00426916947885958
C5439$@DOM1,193,1.0,0.0,8,1.0,0.9378238341968912,0.003739016721681643
U4795@DOM1,259,1.0,0.0,15,1.0,1.0,0.0033836780191942584
U3680@DOM1,802,1.0,0.0,9,1.0,1.0,0.0030978617556207677
U2338@DOM1,797,1.0,0.0,9,1.0,1.0,0.0030978617556207677
C2721$@DOM1,153,1.0,0.0,5,1.0,0.9215686274509803,0.0030152105456846545
C21442$@DOM1,264,1.0,0.0,8,1.0,0.9507575757575758,0.0030088632206677346
C534$@DOM1,775,1.0,0.0,9,1.0,1.0,0.0028476171912206194
C11506$@DOM1,387,1.0,0.0,12,1.0,0.9922480620155039,0.0021075723813644975
C2882$@DOM1,82,1.0,0.0,5,1.0,0.926829268292683,0.0020074195653654314
C21174$@DOM1,266,1.0,0.0,9,1.0,0.9586466165413534,0.0019281887787364616
U1600@DOM9,43,1.0,0.0,15,1.0,1.0,0.0009651116171188745
U5099@DOM1,602,1.0,0.0,11,1.0,1.0,0.0008083827014757627
C306$@DOM1,735,1.0,0.0,6,1.0,0.998639455782313,0.0007767456627547631
C1576$@DOM1,737,1.0,0.0,8,1.0,0.9972862957937585,0.0007303394919668804
U649@DOM1,347,1.0,0.0,14,1.0,1.0,0.0006160271074797663
U1612@DOM1,71,1.0,0.0,11,1.0,0.971830985915493,0.0003986766812442699
C5655$@DOM7,9,1.0,0.0,1,1.0,0.8888888888888888,0.00021653737418469987
C21643$@DOM1,226,1.0,0.0,8,1.0,0.9424778761061947,0.0002158407753316549
U3000@DOM1,729,1.0,0.0,9,1.0,1.0,-0.0008972072046729562
U526@DOM1,85,1.0,0.0,8,1.0,0.9411764705882353,-0.0010543912756982299
C53$@DOM1,87,1.0,0.0,9,1.0,0.9540229885057471,-0.0011619128141702184
U1117@DOM1,788,1.0,0.0,6,1.0,1.0,-0.001619661537549888
U150@DOM1,231,1.0,0.0,15,1.0,1.0,-0.0016796267770671225
U103@DOM1,125,0.984,0.0,9,1.0,0.992,-0.0017990750126731792
C1509$@DOM1,827,1.0,0.0,8,1.0,1.0,-0.001951640717608616
C1319$@DOM1,658,1.0,0.0,6,1.0,0.993920972644377,-0.0020108010361100104
C3547$@DOM1,336,1.0,0.0,14,1.0,1.0,-0.002221878026956059
C1487$@DOM1,333,1.0,0.0,14,1.0,1.0,-0.0030149907951218524
ANONYMOUS LOGON@C2743,342,1.0,0.0,1,1.0,1.0,-0.003419189547150925
C3064$@DOM1,326,1.0,0.0,14,1.0,1.0,-0.004067293290923368
C9053$@DOM1,216,1.0,0.0,13,1.0,0.9861111111111112,-0.004361548799662551
U2310@DOM1,27,1.0,0.0,9,1.0,0.9629629629629629,-0.004390174950722636
U673@DOM1,106,1.0,0.0,15,1.0,1.0,-0.004513378082945496
U4235@DOM1,106,1.0,0.0,15,1.0,1.0,-0.004513378082945496
C3206$@DOM1,207,1.0,0.0,8,1.0,0.9468599033816425,-0.004530599838332872
C19078$@DOM1,231,1.0,0.0,11,1.0,0.974025974025974,-0.00455696260248184
C4924$@DOM1,123,1.0,0.0,6,1.0,0.9186991869918699,-0.0046138630577363116
C1720$@DOM1,277,1.0,0.0,11,1.0,0.9783393501805054,-0.004756072788377863
U9413@DOM1,81,1.0,0.0,15,1.0,1.0,-0.004896132518695473
U604@DOM1,215,1.0,0.0,15,1.0,1.0,-0.005009426587945509
U466@DOM1,211,1.0,0.0,15,1.0,1.0,-0.005100988630253156
C7414$@DOM1,151,1.0,0.0,4,1.0,0.9403973509933775,-0.0056417295618240715
C1486$@DOM1,408,1.0,0.0,12,1.0,0.9975490196078431,-0.005788295421935152
C2908$@DOM1,319,1.0,0.0,4,1.0,0.9780564263322884,-0.006522601611221979
U4977@DOM1,92,1.0,0.0,6,1.0,0.9239130434782609,-0.0069381556587678195
C17564$@DOM1,207,1.0,0.0,5,1.0,0.9420289855072463,-0.006986737421484368
C1546$@DOM1,212,1.0,0.0,10,1.0,0.9669811320754716,-0.007037554698303861
C13007$@DOM1,137,1.0,0.0,5,1.0,0.9343065693430657,-0.007524934349834145
C2614$@DOM1,667,1.0,0.0,9,1.0,1.0,-0.007761290960704381
U785@DOM1,195,1.0,0.0,15,1.0,1.0,-0.007835585421997582
U6256@DOM1,36,0.9166666666666666,0.0,4,1.0,1.0,-0.00798053181821945
C521$@DOM1,162,1.0,0.0,4,1.0,0.9444444444444444,-0.008096017587070348
U244@C2769,322,1.0,0.0,1,1.0,1.0,-0.00861502808159359
U5007@DOM1,164,1.0,0.0,15,1.0,1.0,-0.008648011781633325
U983@DOM1,163,1.0,0.0,15,1.0,1.0,-0.008648011781633325
U8761@DOM1,135,1.0,0.0,15,1.0,1.0,-0.008780627252668871
U3839@DOM1,134,1.0,0.0,15,1.0,1.0,-0.008780627252668871
C4245$@DOM1,532,1.0,0.0,11,1.0,1.0,-0.008924282758704438
U3760@DOM1,646,1.0,0.0,9,1.0,1.0,-0.009203820349469927
C1644$@DOM1,183,1.0,0.0,9,1.0,0.9562841530054644,-0.009204293746412961
U5593@DOM1,183,1.0,0.0,15,1.0,1.0,-0.009279780252849479
U1839@DOM1,137,1.0,0.0,13,1.0,0.9854014598540146,-0.009314184608955
C2390$@DOM1,527,1.0,0.0,11,1.0,1.0,-0.009598039561462712
C9343$@DOM1,747,1.0,0.0,7,1.0,1.0,-0.009775543977196877
U5053@DOM1,141,1.0,0.0,15,1.0,1.0,-0.009831715924507156
U426@DOM1,142,1.0,0.0,15,1.0,1.0,-0.009831715924507156
C8524$@DOM1,71,1.0,0.0,3,1.0,0.9577464788732394,-0.009892982163872688
U679@DOM1,449,1.0,0.0,11,1.0,0.9977728285077951,-0.009938775315328885
C2240$@DOM1,281,1.0,0.0,8,1.0,0.9608540925266904,-0.01001943171337083
C12051$@DOM1,120,1.0,0.0,6,1.0,0.925,-0.01005880181324198
U650@DOM1,145,1.0,0.0,15,1.0,1.0,-0.010070619154189553
U6134@DOM1,152,1.0,0.0,15,1.0,1.0,-0.010277487590673096
C1484$@DOM1,245,1.0,0.0,9,1.0,0.963265306122449,-0.010394816811149232
U1198@DOM1,447,1.0,0.0,11,1.0,0.9977628635346756,-0.011263290760175404
C1933$@DOM1,444,1.0,0.0,12,1.0,1.0,-0.01134815076013046
C19324$@DOM1,279,1.0,0.0,13,1.0,0.992831541218638,-0.011369682587222596
C1929$@DOM1,142,1.0,0.0,6,1.0,0.9295774647887324,-0.011474644733967365
U1782@DOM1,5,0.8,0.0,1,1.0,1.0,-0.011660665528312186
C18690$@DOM1,278,1.0,0.0,13,1.0,0.9928057553956835,-0.011709825583908595
U2265@DOM1,607,1.0,0.0,10,1.0,1.0,-0.011725127266640989
C1628$@DOM1,517,1.0,0.0,11,1.0,1.0,-0.01192463882659639
C542$@DOM1,73,1.0,0.0,3,1.0,0.958904109589041,-0.012038507452542035
C3524$@DOM1,126,1.0,0.0,5,1.0,0.9365079365079365,-0.012119494846304424
C3380$@DOM3,288,1.0,0.0,6,1.0,0.9618055555555556,-0.012445041218711428
C19302$@DOM1,283,1.0,0.0,6,1.0,0.9611307420494699,-0.012594277780081597
C8200$@DOM1,315,1.0,0.0,12,1.0,0.9904761904761905,-0.012969999677763688
C3155$@DOM1,237,1.0,0.0,7,1.0,0.9535864978902954,-0.013092014428691623
C13528$@DOM1,164,1.0,0.0,12,1.0,0.9817073170731707,-0.013132702648541938
U840@DOM1,282,1.0,0.0,14,1.0,1.0,-0.013663905475710225
U5547@DOM1,632,1.0,0.0,5,1.0,1.0,-0.013864762253758045
U5834@DOM1,591,1.0,0.0,10,1.0,1.0,-0.013949756810875402
U1900@DOM1,588,1.0,0.0,10,1.0,1.0,-0.013949756810875402
C13467$@DOM1,173,1.0,0.0,12,1.0,0.9826589595375722,-0.013957612310289191
U6251@DOM1,582,1.0,0.0,10,1.0,1.0,-0.014196335450918696
C19398$@DOM1,231,1.0,0.0,7,1.0,0.9523809523809523,-0.014547080904486198
C1432$@DOM1,607,1.0,0.0,6,1.0,0.9983525535420099,-0.014607740260043689
C2290$@DOM1,192,1.0,0.0,9,1.0,0.9583333333333334,-0.014971503943714493
C1770$@DOM1,201,1.0,0.0,7,1.0,0.945273631840796,-0.01530293759922069
C6165$@DOM1,163,1.0,0.0,11,1.0,0.9754601226993865,-0.016179487782422952
C2198$@DOM1,76,1.0,0.0,6,1.0,0.9342105263157895,-0.016205208600393595
C11451$@DOM1,296,1.0,0.0,7,1.0,0.9662162162162162,-0.016288015101128928
U9199@DOM1,489,1.0,0.0,11,1.0,1.0,-0.016772938079749056
C1655$@DOM1,559,1.0,0.0,9,1.0,0.998211091234347,-0.016918232483388917
C1164$@DOM1,145,0.993103448275862,0.0,6,1.0,0.9793103448275862,-0.01693703102683103
C1143$@DOM1,351,1.0,0.0,12,1.0,0.9943019943019943,-0.017070524733882375
C4681$@DOM1,109,0.9357798165137615,0.0,6,1.0,1.0,-0.017170678300670872
C10$@DOM1,120,0.975,0.0,6,1.0,0.9916666666666667,-0.01749001339979539
C231$@DOM1,73,1.0,0.0,5,1.0,0.9452054794520548,-0.018243036831668724
C1549$@DOM1,164,1.0,0.0,8,1.0,0.9512195121951219,-0.018244465854279024
U6184@DOM1,653,1.0,0.0,7,1.0,1.0,-0.018397025759034624
C135$@DOM1,184,1.0,0.0,7,1.0,0.9456521739130435,-0.018823967354390014
C4095$@DOM1,190,1.0,0.0,7,1.0,0.9473684210526315,-0.01883259085232336
C8649$@DOM1,170,1.0,0.0,11,1.0,0.9764705882352941,-0.019219089744268447
C3283$@DOM1,190,1.0,0.0,6,1.0,0.9368421052631579,-0.019260636161359312
C4554$@DOM1,166,1.0,0.0,7,1.0,0.9457831325301205,-0.019462142315445352
C307$@DOM1,149,0.9932885906040269,0.0,6,1.0,0.9798657718120806,-0.019560151380289492
U10437@DOM1,46,1.0,0.0,14,1.0,1.0,-0.01974791481247551
C185$@DOM1,93,1.0,0.0,6,1.0,0.9354838709677419,-0.01980166541503503
ANONYMOUS LOGON@C14132,278,1.0,0.0,1,1.0,1.0,-0.01990013161359755
U234@C2769,278,1.0,0.0,1,1.0,1.0,-0.01990013161359755
ANONYMOUS LOGON@C9469,278,1.0,0.0,1,1.0,1.0,-0.01990013161359755
U1464@C4025,277,1.0,0.0,1,1.0,1.0,-0.02006251864524705
C5594$@DOM1,104,1.0,0.0,10,1.0,0.9711538461538461,-0.020086906981903574
U555@DOM1,351,1.0,0.0,13,1.0,1.0,-0.02036160056298658
C9941$@DOM1,268,1.0,0.0,13,1.0,0.996268656716418,-0.020461662560586624
C8970$@DOM1,169,0.9940828402366864,0.0,4,1.0,0.9881656804733728,-0.020733323502313716
C19859$@DOM1,598,1.0,0.0,8,1.0,0.9983277591973244,-0.020776631159529657
U1940@DOM1,241,1.0,0.0,14,1.0,1.0,-0.020871847418206302
C12913$@DOM1,198,1.0,0.0,6,1.0,0.9393939393939394,-0.020977147251657058
C2379$@DOM1,591,1.0,0.0,8,1.0,0.9966159052453468,-0.021194474992462964
C5028$@DOM1,232,1.0,0.0,6,1.0,0.9525862068965517,-0.021383322190814014
C6635$@DOM1,194,1.0,0.0,12,1.0,0.9845360824742269,-0.021448334883550857
U1868@DOM1,52,1.0,0.0,11,1.0,0.9807692307692307,-0.02151831279644051
C616$@DOM1,407,1.0,0.0,12,1.0,1.0,-0.02155756144078036
C6001$@DOM1,485,1.0,0.0,10,1.0,0.9979381443298969,-0.02172111165422519
NETWORK SERVICE@C1832,271,1.0,0.0,1,1.0,1.0,-0.022001174650992272
C12927$@DOM1,193,1.0,0.0,12,1.0,0.9844559585492227,-0.02200518680667707
C17385$@DOM1,59,1.0,0.0,9,1.0,0.9661016949152542,-0.022034392576970485
C565$@DOM1,115,1.0,0.0,5,1.0,0.9478260869565217,-0.02211644084712583
U7335@DOM1,225,1.0,0.0,14,1.0,1.0,-0.022269634312918396
C2162$@DOM1,245,0.9877551020408163,0.0,8,1.0,1.0,-0.022415166709654988
C1771$@DOM1,544,1.0,0.0,9,1.0,0.9981617647058824,-0.02249323933878361
U243@DOM1,223,1.0,0.0,14,1.0,1.0,-0.022567224130434382
C2511$@DOM1,543,1.0,0.0,10,1.0,1.0,-0.022828432092391715
C5041$@DOM1,349,1.0,0.0,13,1.0,1.0,-0.02294709916684884
C14988$@DOM1,323,1.0,0.0,12,1.0,0.9938080495356038,-0.022950234962936633
C4998$@DOM1,400,1.0,0.0,12,1.0,1.0,-0.02309639838737393
C5457$@DOM1,347,1.0,0.0,13,1.0,1.0,-0.023108455604555156
U9303@DOM1,37,0.972972972972973,0.0,4,1.0,1.0,-0.023336000207152263
C2976$@DOM1,611,1.0,0.0,6,1.0,1.0,-0.02363989806442407
C1789$@DOM1,141,1.0,0.0,4,1.0,0.9574468085106383,-0.023845177719246435
U902@DOM1,219,1.0,0.0,14,1.0,1.0,-0.023929491742160136
C5678$@DOM1,216,1.0,0.0,10,1.0,0.9722222222222222,-0.02396926115268566
U5116@DOM1,97,1.0,0.0,14,1.0,1.0,-0.023990401785604354
C12427$@DOM1,40,1.0,0.0,6,1.0,0.95,-0.02418986262003825
U1411@DOM1,457,1.0,0.0,11,1.0,1.0,-0.024220999910347485
U2049@DOM1,93,1.0,0.0,14,1.0,1.0,-0.024302280291982226
U5813@DOM1,93,1.0,0.0,14,1.0,1.0,-0.024302280291982226
C3276$@DOM1,203,1.0,0.0,5,1.0,0.9556650246305419,-0.024422615454877394
C1102$@DOM1,452,1.0,0.0,9,1.0,0.9911504424778761,-0.024506572639470536
U5693@DOM1,109,1.0,0.0,14,1.0,1.0,-0.02451494009342131
C5426$@DOM1,125,0.936,0.0,5,1.0,1.0,-0.024522956129263307
C1247$@DOM1,534,1.0,0.0,9,1.0,0.99812734082397,-0.02457799832754587
C5349$@DOM1,451,1.0,0.0,11,1.0,1.0,-0.024623211755053886
U3825@DOM1,527,1.0,0.0,10,1.0,1.0,-0.024709796960667274
C4181$@DOM1,343,1.0,0.0,13,1.0,1.0,-0.02481169382515286
C12558$@DOM1,574,1.0,0.0,7,1.0,0.9982578397212544,-0.024870008147941824
C19715$@DOM1,205,1.0,0.0,6,1.0,0.9463414634146341,-0.024928458480459825
U4034@DOM1,110,1.0,0.0,14,1.0,1.0,-0.02505742039158443
C8412$@DOM1,213,1.0,0.0,12,1.0,0.9859154929577465,-0.025146061447338275
C8857$@DOM1,209,1.0,0.0,12,1.0,0.9856459330143541,-0.02542433363129082
U700@DOM1,90,1.0,0.0,12,1.0,0.9888888888888889,-0.025522704265798613
C1909$@DOM1,388,1.0,0.0,12,1.0,1.0,-0.025534635102389902
C1871$@DOM1,158,0.9810126582278481,0.0,7,1.0,0.9936708860759493,-0.02553875222090546
U1499@DOM1,339,1.0,0.0,12,1.0,0.9970501474926253,-0.025541266606165236
C5435$@DOM1,336,1.0,0.0,13,1.0,1.0,-0.025583091984144768
C4633$@DOM1,205,1.0,0.0,12,1.0,0.9853658536585366,-0.02585362338687297
C1961$@DOM1,568,1.0,0.0,8,1.0,0.9964788732394366,-0.025916226035253953
C21067$@DOM1,136,1.0,0.0,10,1.0,0.9705882352941176,-0.02596896823281647
C1841$@DOM1,601,1.0,0.0,6,1.0,1.0,-0.026078147266394958
U174@DOM1,382,1.0,0.0,12,1.0,1.0,-0.026443247965872385
U724@DOM1,202,1.0,0.0,14,1.0,1.0,-0.026586248677850033
SYSTEM@C8799,59,1.0,0.0,1,1.0,0.9830508474576272,-0.026648337435027203
C2159$@DOM1,523,1.0,0.0,10,1.0,1.0,-0.02665084344867552
U1388@DOM1,380,1.0,0.0,12,1.0,1.0,-0.02668048350909663
U3638@DOM1,85,1.0,0.0,6,1.0,0.9411764705882353,-0.02706060895841572
U930@DOM1,198,1.0,0.0,14,1.0,1.0,-0.027234113387071546
C16040$@DOM1,66,1.0,0.0,7,1.0,0.9545454545454546,-0.027535749043044178
C1985$@DOM1,320,1.0,0.0,13,1.0,1.0,-0.028110772592607747
C18270$@DOM1,228,1.0,0.0,13,1.0,0.9956140350877193,-0.02811619535410126
C19805$@DOM1,292,1.0,0.0,12,1.0,0.9931506849315068,-0.02828225181576388
C3801$@DOM1,250,1.0,0.0,7,1.0,0.964,-0.0283408696580133
U18@DOM1,440,1.0,0.0,11,1.0,1.0,-0.028409903683924764
C4915$@DOM1,323,1.0,0.0,12,1.0,0.9969040247678018,-0.028431323843726874
U250@DOM1,171,1.0,0.0,14,1.0,1.0,-0.028753704753455067
U9506@DOM1,190,1.0,0.0,14,1.0,1.0,-0.028887483953842163
U5710@DOM1,559,1.0,0.0,9,1.0,1.0,-0.028916742226741676
U3779@DOM1,560,1.0,0.0,9,1.0,1.0,-0.028916742226741676
U928@DOM1,117,1.0,0.0,14,1.0,1.0,-0.028979660139384855
U4519@DOM1,176,1.0,0.0,14,1.0,1.0,-0.02906502800834848
U2816@DOM1,165,1.0,0.0,14,1.0,1.0,-0.02947291316003442
C833$@DOM1,176,1.0,0.0,6,1.0,0.9431818181818182,-0.02951641380351433
C21819$@DOM1,564,1.0,0.0,6,1.0,1.0,-0.029862709175399293
C2475$@DOM1,567,1.0,0.0,6,1.0,1.0,-0.029862709175399293
C443$@DOM1,54,1.0,0.0,4,1.0,0.9629629629629629,-0.02988269138215971
U6546@DOM1,119,1.0,0.0,14,1.0,1.0,-0.029955256514235917
U1506@DOM1,158,1.0,0.0,13,1.0,0.9936708860759493,-0.030035797008655496
C3568$@DOM1,500,1.0,0.0,10,1.0,1.0,-0.030264127930290485
U3293@DOM1,126,1.0,0.0,14,1.0,1.0,-0.030286359033583676
C15518$@DOM1,117,1.0,0.0,8,1.0,0.9572649572649573,-0.030312958829697256
C4106$@DOM1,168,1.0,0.0,6,1.0,0.9404761904761905,-0.030326466781110784
C1879$@DOM1,376,1.0,0.0,12,1.0,1.0,-0.030326763743458718
C3552$@DOM1,600,1.0,0.0,8,1.0,1.0,-0.030438926794892518
U1480@DOM1,154,1.0,0.0,13,1.0,0.9935064935064936,-0.030741283250476426
U6672@DOM1,27,1.0,0.0,7,1.0,0.9629629629629629,-0.03076792246460358
U5437@DOM1,155,1.0,0.0,14,1.0,1.0,-0.030855417306088206
U8049@DOM1,155,1.0,0.0,14,1.0,1.0,-0.030855417306088206
U4450@DOM1,155,1.0,0.0,14,1.0,1.0,-0.030855417306088206
U834@DOM1,149,1.0,0.0,14,1.0,1.0,-0.03087907558101277
C1970$@DOM1,597,1.0,0.0,7,1.0,1.0,-0.030904296118533736
U9077@DOM1,147,1.0,0.0,14,1.0,1.0,-0.03108272863033945
U1226@DOM1,586,1.0,0.0,7,1.0,1.0,-0.03114227353410759
U6442@DOM1,145,1.0,0.0,14,1.0,1.0,-0.031162037674901
U1589@DOM1,145,1.0,0.0,14,1.0,1.0,-0.031162037674901
U355@DOM1,146,1.0,0.0,14,1.0,1.0,-0.031162037674901
U337@DOM1,148,1.0,0.0,14,1.0,1.0,-0.031178484085131686
C11188$@DOM1,84,1.0,0.0,4,1.0,0.9642857142857143,-0.03128227030755881
C5693$@DOM1,205,1.0,0.0,8,1.0,0.9609756097560975,-0.031348850569965
C1721$@DOM1,582,1.0,0.0,7,1.0,1.0,-0.031380130221118296
C8506$@DOM1,126,1.0,0.0,4,1.0,0.9603174603174603,-0.03146615153257998
C20450$@DOM1,276,1.0,0.0,12,1.0,0.9927536231884058,-0.031834436913854736
C15886$@DOM1,260,1.0,0.0,12,1.0,0.9923076923076923,-0.03212121845071786
C18810$@DOM1,277,0.9963898916967509,0.0,6,1.0,0.9891696750902527,-0.03232395876060612
C7281$@DOM1,247,1.0,0.0,12,1.0,0.9919028340080972,-0.03281525015066872
C20130$@DOM1,184,0.9836956521739131,0.0,7,1.0,1.0,-0.03309479089567857
C6173$@DOM1,470,1.0,0.0,9,1.0,0.9957446808510638,-0.033166081483126275
C8943$@DOM1,226,0.995575221238938,0.0,4,1.0,0.995575221238938,-0.033597831175609216
C3640$@DOM1,133,1.0,0.0,4,1.0,0.9624060150375939,-0.033648040092503606
C1608$@DOM1,133,1.0,0.0,5,1.0,0.9548872180451128,-0.033772844416328884
U9394@DOM1,429,1.0,0.0,11,1.0,1.0,-0.03404478584565651
C14698$@DOM1,127,1.0,0.0,6,1.0,0.9448818897637795,-0.03407910148187787
C15300$@DOM1,127,1.0,0.0,6,1.0,0.9448818897637795,-0.03407910148187787
C19752$@DOM1,198,1.0,0.0,12,1.0,0.98989898989899,-0.03440273941298927
C6135$@DOM1,571,1.0,0.0,8,1.0,1.0,-0.034629280639188686
U8617@DOM1,150,1.0,0.0,9,1.0,0.9666666666666667,-0.034638305003928005
C20688$@DOM1,151,1.0,0.0,10,1.0,0.9735099337748344,-0.034904798048254804
C11421$@DOM1,134,1.0,0.0,7,1.0,0.9552238805970149,-0.034977303257932746
C5022$@DOM1,190,0.9842105263157894,0.0,7,1.0,1.0,-0.03500276064943958
C3019$@DOM1,146,0.9931506849315068,0.0,5,1.0,0.9863013698630136,-0.035002942253118396
C5944$@DOM1,208,1.0,0.0,12,1.0,0.9903846153846154,-0.03502544393709578
C5323$@DOM1,131,0.9923664122137404,0.0,4,1.0,0.9923664122137404,-0.03534279018107778
C3393$@DOM1,106,0.9716981132075472,0.0,5,1.0,1.0,-0.035614320843482206
U6360@DOM1,53,0.9811320754716981,0.0,7,1.0,1.0,-0.03568536357603125
C15520$@DOM1,137,1.0,0.0,5,1.0,0.9562043795620438,-0.03571389739875269
C6951$@DOM1,132,0.9772727272727273,0.0,6,1.0,1.0,-0.03575268287982408
U2962@DOM1,533,1.0,0.0,9,1.0,1.0,-0.0358262233751534
C5568$@DOM1,225,1.0,0.0,12,1.0,0.9911111111111112,-0.03585501399789365
C14901$@DOM1,56,1.0,0.0,8,1.0,0.9642857142857143,-0.03587295140378982
C3636$@DOM1,183,1.0,0.0,12,1.0,0.9890710382513661,-0.03624993328443604
U6065@DOM1,64,1.0,0.0,6,1.0,0.953125,-0.03632255886752017
C1313$@DOM1,218,1.0,0.0,12,1.0,0.9908256880733946,-0.03637454146773278
C21674$@DOM1,215,1.0,0.0,12,1.0,0.9906976744186047,-0.0364218276061159
C2103$@DOM1,547,1.0,0.0,6,1.0,1.0,-0.03656042606977494
U1918@DOM1,419,1.0,0.0,11,1.0,1.0,-0.03669900283488886
U4699@DOM1,466,1.0,0.0,10,1.0,1.0,-0.03682813875813401
C17303$@DOM1,285,0.9964912280701754,0.0,9,1.0,0.9964912280701754,-0.03698397644269774
U140@DOM1,165,1.0,0.0,10,1.0,0.9757575757575757,-0.03713418368525917
C2245$@DOM1,363,1.0,0.0,12,1.0,1.0,-0.03721677430363435
C14884$@DOM1,429,1.0,0.0,10,1.0,0.9976689976689976,-0.03730062351863905
C10788$@DOM1,151,1.0,0.0,11,1.0,0.9801324503311258,-0.0373577231346357
C3478$@DOM1,200,1.0,0.0,6,1.0,0.955,-0.03736175808243025
C2719$@DOM1,151,0.9933774834437086,0.0,4,1.0,0.9933774834437086,-0.03741043871015787
C1268$@DOM1,278,1.0,0.0,13,1.0,1.0,-0.03763409617083702
C16484$@DOM1,159,1.0,0.0,10,1.0,0.9748427672955975,-0.03780807689938931
C1846$@DOM1,147,0.9931972789115646,0.0,4,1.0,0.9931972789115646,-0.03799553597077909
C15713$@DOM1,223,1.0,0.0,6,1.0,0.9596412556053812,-0.03809897646205185
U8807@DOM1,523,1.0,0.0,9,1.0,1.0,-0.038199920354934525
C2448$@DOM1,359,1.0,0.0,12,1.0,1.0,-0.038299784324109354
U7760@DOM1,116,1.0,0.0,7,1.0,0.9568965517241379,-0.03837973800813066
C4146$@DOM1,353,1.0,0.0,12,1.0,1.0,-0.038914398119885285
C4605$@DOM1,352,1.0,0.0,12,1.0,1.0,-0.03905878809942581
C2814$@DOM1,120,1.0,0.0,6,1.0,0.95,-0.03909530563626612
C155$@DOM1,141,1.0,0.0,5,1.0,0.9574468085106383,-0.03915554462445647
U9225@DOM1,451,1.0,0.0,10,1.0,1.0,-0.03973095790484277
C722$@DOM1,151,1.0,0.0,8,1.0,0.9602649006622517,-0.03986915952644199
C5206$@DOM1,269,1.0,0.0,13,1.0,1.0,-0.03991247805535686
C12298$@DOM1,272,1.0,0.0,12,1.0,0.9963235294117647,-0.04043442180456275
U4896@DOM1,552,1.0,0.0,8,1.0,1.0,-0.04073839300741444
C2021$@DOM1,238,1.0,0.0,6,1.0,0.9663865546218487,-0.040936146508807225
U1502@DOM1,116,1.0,0.0,12,1.0,0.9913793103448276,-0.04097546265864871
U2614@DOM1,391,1.0,0.0,11,1.0,1.0,-0.041164672409074565
C2765$@DOM1,266,1.0,0.0,12,1.0,0.9962406015037594,-0.04130866081856727
C10216$@DOM1,161,1.0,0.0,11,1.0,0.9813664596273292,-0.04131642080590958
C2457$@DOM1,349,1.0,0.0,12,1.0,1.0,-0.04154349920935868
C18428$@DOM1,140,1.0,0.0,7,1.0,0.9571428571428572,-0.04155022696875166
C3055$@DOM1,348,1.0,0.0,12,1.0,1.0,-0.0416210390000013
C1597$@DOM1,345,1.0,0.0,12,1.0,1.0,-0.04185357969391429
U7342@DOM1,35,1.0,0.0,4,1.0,0.9714285714285714,-0.041962892679444086
C9908$@DOM1,73,1.0,0.0,9,1.0,0.9726027397260274,-0.042207995887575345
C8882$@DOM1,100,1.0,0.0,7,1.0,0.96,-0.042279440979473504
C16610$@DOM1,165,1.0,0.0,11,1.0,0.9818181818181818,-0.04230628777062062
C332$@DOM1,122,1.0,0.0,5,1.0,0.9590163934426229,-0.04253984217385581
C134$@DOM1,160,1.0,0.0,9,1.0,0.96875,-0.042609246506718046
U3427@DOM1,496,1.0,0.0,9,1.0,1.0,-0.04261718523891472
U4638@DOM1,388,1.0,0.0,11,1.0,1.0,-0.04267798693147623
C2694$@DOM1,276,1.0,0.0,2,1.0,1.0,-0.04277298410106084
C4944$@DOM1,174,1.0,0.0,11,1.0,0.9827586206896551,-0.043313427516845304
C16186$@DOM1,174,1.0,0.0,11,1.0,0.9827586206896551,-0.043313427516845304
U642@DOM1,250,1.0,0.0,13,1.0,1.0,-0.04339055260665586
U2436@DOM1,382,1.0,0.0,11,1.0,1.0,-0.04355376985383441
C5604$@DOM1,256,1.0,0.0,12,1.0,0.99609375,-0.04373752279165816
U1639@DOM1,66,1.0,0.0,11,1.0,0.9848484848484849,-0.04380364643792328
U1390@DOM1,347,1.0,0.0,11,1.0,0.9971181556195965,-0.044049956179022354
C2506$@DOM1,115,1.0,0.0,8,1.0,0.9652173913043478,-0.04416570934249403
U1251@DOM1,118,1.0,0.0,12,1.0,0.9915254237288136,-0.04431074730859569
C1106$@DOM1,103,1.0,0.0,7,1.0,0.9611650485436893,-0.04437641619419863
C5989$@DOM1,250,1.0,0.0,12,1.0,0.996,-0.04444042248205349
C1998$@DOM1,342,1.0,0.0,12,1.0,1.0,-0.04451879362348671
U1515@DOM1,75,1.0,0.0,9,1.0,0.9733333333333334,-0.044530504581150376
U257@DOM1,535,1.0,0.0,8,1.0,1.0,-0.04532450682297756
U220@DOM1,534,1.0,0.0,8,1.0,1.0,-0.04532450682297756
C4075$@DOM1,336,1.0,0.0,12,1.0,1.0,-0.045331348804653615
C5337$@DOM1,336,1.0,0.0,12,1.0,1.0,-0.045331348804653615
C3561$@DOM1,336,1.0,0.0,12,1.0,1.0,-0.045331348804653615
C2660$@DOM1,68,1.0,0.0,4,1.0,0.9705882352941176,-0.0457181854870346
U9123@DOM1,53,1.0,0.0,13,1.0,1.0,-0.04573679794629271
U6676@DOM1,245,1.0,0.0,13,1.0,1.0,-0.04583789012154371
C8490$@DOM1,128,1.0,0.0,5,1.0,0.9609375,-0.04612437778980538
U1487@DOM1,67,1.0,0.0,11,1.0,0.9850746268656716,-0.046235749873781984
C12588$@DOM1,284,0.9964788732394366,0.0,7,1.0,0.9929577464788732,-0.04633605161454529
U1665@DOM1,89,1.0,0.0,8,1.0,0.9662921348314607,-0.04639571718824659
C1821$@DOM1,155,1.0,0.0,6,1.0,0.9548387096774194,-0.0466524208420373
C3015$@DOM1,332,1.0,0.0,12,1.0,1.0,-0.04671035827618719
C2490$@DOM1,332,1.0,0.0,12,1.0,1.0,-0.04671035827618719
C3147$@DOM1,329,1.0,0.0,12,1.0,1.0,-0.046775652068772655
C17375$@DOM1,331,1.0,0.0,12,1.0,1.0,-0.046775652068772655
C2841$@DOM1,329,1.0,0.0,12,1.0,1.0,-0.046775652068772655
C1782$@DOM1,331,1.0,0.0,12,1.0,1.0,-0.046775652068772655
C1673$@DOM1,331,1.0,0.0,12,1.0,1.0,-0.046775652068772655
C1921$@DOM1,328,1.0,0.0,12,1.0,1.0,-0.0469289488334213
C4241$@DOM1,328,1.0,0.0,12,1.0,1.0,-0.0469289488334213
C10699$@DOM1,137,1.0,0.0,9,1.0,0.9708029197080292,-0.046978478527302914
C1757$@DOM1,323,1.0,0.0,12,1.0,1.0,-0.0470055777707209
C4370$@DOM1,325,1.0,0.0,12,1.0,1.0,-0.0470055777707209
C2941$@DOM1,323,1.0,0.0,12,1.0,1.0,-0.0470055777707209
C3265$@DOM1,327,1.0,0.0,12,1.0,1.0,-0.04708219374759409
C3413$@DOM1,326,1.0,0.0,12,1.0,1.0,-0.04708219374759409
C6609$@DOM1,179,1.0,0.0,11,1.0,0.9832402234636871,-0.04712077047048635
U95@DOM1,254,1.0,0.0,8,1.0,0.9724409448818898,-0.04712189716716353
C3430$@DOM1,322,1.0,0.0,12,1.0,1.0,-0.04731648527797555
C4204$@DOM1,322,1.0,0.0,12,1.0,1.0,-0.04731648527797555
U4345@DOM1,322,1.0,0.0,12,1.0,1.0,-0.04731648527797555
C20455$@DOM1,143,1.0,0.0,8,1.0,0.965034965034965,-0.047670397034394185
C3343$@DOM1,195,1.0,0.0,7,1.0,0.9641025641025641,-0.048137746046513386
C765$@DOM1,518,1.0,0.0,8,1.0,1.0,-0.04816064345090232
U675@DOM1,319,1.0,0.0,12,1.0,1.0,-0.04816541731634344
C11813$@DOM1,318,1.0,0.0,11,1.0,0.9937106918238994,-0.04831391760228443
C12810$@DOM1,133,1.0,0.0,12,1.0,0.9924812030075187,-0.0486251647098237
C1678$@DOM1,310,1.0,0.0,12,1.0,1.0,-0.04872802126532433
C4011$@DOM1,310,1.0,0.0,12,1.0,1.0,-0.04872802126532433
C2489$@DOM1,314,1.0,0.0,12,1.0,1.0,-0.04872802126532433
C2786$@DOM1,315,1.0,0.0,12,1.0,1.0,-0.04872802126532433
C3033$@DOM1,313,1.0,0.0,12,1.0,1.0,-0.04872802126532433
C4759$@DOM1,313,1.0,0.0,12,1.0,1.0,-0.04872802126532433
C2654$@DOM1,265,0.9962264150943396,0.0,7,1.0,0.9924528301886792,-0.04883127203728399
C4129$@DOM1,307,1.0,0.0,12,1.0,1.0,-0.048845669428793315
C2737$@DOM1,312,1.0,0.0,12,1.0,1.0,-0.04888065766853694
C6551$@DOM1,225,1.0,0.0,12,1.0,0.9955555555555555,-0.048935295513981125
C16226$@DOM1,194,0.9896907216494846,0.0,7,1.0,1.0,-0.048968457086450146
U4448@DOM1,134,1.0,0.0,12,1.0,0.9925373134328358,-0.04899154750857332
C1500$@DOM1,108,1.0,0.0,7,1.0,0.9629629629629629,-0.049120165713748165
C4214$@DOM1,225,1.0,0.0,13,1.0,1.0,-0.04912171440994073
C1497$@DOM1,222,1.0,0.0,13,1.0,1.0,-0.04926142763200375
U2270@DOM1,89,1.0,0.0,13,1.0,1.0,-0.04942554773919583
C4683$@DOM1,304,1.0,0.0,12,1.0,1.0,-0.04945574625816773
C8316$@DOM1,207,1.0,0.0,9,1.0,0.9758454106280193,-0.0495146005709628
U1510@DOM1,76,1.0,0.0,11,1.0,0.9868421052631579,-0.049602512943954125
C12192$@DOM1,178,1.0,0.0,8,1.0,0.9662921348314607,-0.04966672949857065
C13793$@DOM1,130,1.0,0.0,4,1.0,0.9692307692307692,-0.04983357013781187
C5561$@DOM1,200,1.0,0.0,10,1.0,0.98,-0.049867777304373584
C12960$@DOM1,191,1.0,0.0,11,1.0,0.9842931937172775,-0.04992487652670369
C12337$@DOM1,190,1.0,0.0,9,1.0,0.9736842105263158,-0.050111484705653575
C9024$@DOM1,184,1.0,0.0,11,1.0,0.9836956521739131,-0.050113108569565135
U269@DOM1,95,1.0,0.0,13,1.0,1.0,-0.05043418612733669
U5126@DOM1,503,1.0,0.0,8,1.0,1.0,-0.05064894006913573
C13625$@DOM1,199,1.0,0.0,12,1.0,0.9949748743718593,-0.050779100541371136
C1861$@DOM1,302,1.0,0.0,12,1.0,1.0,-0.0508251364537346
C113$@DOM1,132,1.0,0.0,4,1.0,0.9696969696969697,-0.050852681344853434
C2382$@DOM1,474,1.0,0.0,6,1.0,1.0,-0.050866984334215104
C10146$@DOM1,196,1.0,0.0,12,1.0,0.9948979591836735,-0.05109155301354945
U6490@DOM1,78,1.0,0.0,13,1.0,1.0,-0.05112586528787566
U505@DOM1,79,1.0,0.0,13,1.0,1.0,-0.05112586528787566
U6289@DOM1,103,1.0,0.0,13,1.0,1.0,-0.05126819263291488
C4580$@DOM1,212,1.0,0.0,12,1.0,0.9952830188679245,-0.05140640248135403
C9550$@DOM1,210,1.0,0.0,12,1.0,0.9952380952380953,-0.051414159131539405
C1714$@DOM1,206,1.0,0.0,12,1.0,0.9951456310679612,-0.05155477530185265
U2329@DOM1,210,1.0,0.0,13,1.0,1.0,-0.051626510418358695
U706@DOM1,109,1.0,0.0,13,1.0,1.0,-0.051640621112245266
U4988@DOM1,102,1.0,0.0,13,1.0,1.0,-0.05166892482386892
U274@DOM1,102,1.0,0.0,13,1.0,1.0,-0.05166892482386892
C7746$@DOM1,298,1.0,0.0,11,1.0,0.9932885906040269,-0.05172654514478975
C3056$@DOM1,301,1.0,0.0,12,1.0,1.0,-0.05177406298319576
C2331$@DOM1,301,1.0,0.0,12,1.0,1.0,-0.05177406298319576
C18462$@DOM1,208,1.0,0.0,12,1.0,0.9951923076923077,-0.051867710342424656
C14603$@DOM1,207,1.0,0.0,12,1.0,0.9951690821256038,-0.051867710342424656
U5624@DOM1,209,1.0,0.0,13,1.0,1.0,-0.052014291142860214
C8889$@DOM1,147,1.0,0.0,8,1.0,0.9659863945578231,-0.05203381792644468
C2761$@DOM1,300,1.0,0.0,12,1.0,1.0,-0.05204478164738752
C4301$@DOM1,299,1.0,0.0,12,1.0,1.0,-0.05204478164738752
U1478@DOM1,82,1.0,0.0,11,1.0,0.9878048780487805,-0.052148580562560554
C11439$@DOM1,76,1.0,0.0,4,1.0,0.9736842105263158,-0.052243353766580514
U2480@DOM1,108,1.0,0.0,13,1.0,1.0,-0.05227537504634572
C1385$@DOM1,135,1.0,0.0,7,1.0,0.9629629629629629,-0.05233893834279085
C459$@DOM1,189,1.0,0.0,12,1.0,0.9947089947089947,-0.05238077832432181
C7832$@DOM1,203,1.0,0.0,13,1.0,1.0,-0.05250958035618447
C10297$@DOM1,206,0.9951456310679612,0.0,7,1.0,0.9902912621359223,-0.05261106836807977
U1096@DOM1,297,1.0,0.0,12,1.0,1.0,-0.052665684236267774
C17866$@DOM1,149,1.0,0.0,8,1.0,0.9664429530201343,-0.05300644011554334
U2981@DOM1,111,0.990990990990991,0.0,8,1.0,1.0,-0.053098243419363866
C2032$@DOM1,110,1.0,0.0,4,1.0,0.9727272727272728,-0.05322645417407251
U8478@DOM1,48,1.0,0.0,9,1.0,0.9791666666666666,-0.053325413879670325
C1654$@DOM1,225,0.9955555555555555,0.0,6,1.0,0.9955555555555555,-0.05332977203763151
C8086$@DOM1,211,1.0,0.0,11,1.0,0.985781990521327,-0.05350273979515435
C14601$@DOM1,295,1.0,0.0,11,1.0,0.9932203389830508,-0.053550682104907876
C4055$@DOM1,294,1.0,0.0,12,1.0,1.0,-0.05358871788288311
C1744$@DOM1,146,1.0,0.0,10,1.0,0.9794520547945206,-0.05360651259220878
C1518$@DOM1,297,1.0,0.0,8,1.0,0.9797979797979798,-0.053699715418669136
C1467$@DOM1,184,1.0,0.0,12,1.0,0.9945652173913043,-0.05377638145993008
U106@DOM1,183,1.0,0.0,12,1.0,0.994535519125683,-0.05377638145993008
C5257$@DOM1,144,1.0,0.0,4,1.0,0.9722222222222222,-0.053893258714335146
U8788@DOM1,35,1.0,0.0,5,1.0,0.9714285714285714,-0.05394603778859264
C4036$@DOM1,293,1.0,0.0,12,1.0,1.0,-0.05398480017874946
C3492$@DOM1,292,1.0,0.0,12,1.0,1.0,-0.053986836595703414
C18613$@DOM1,292,1.0,0.0,11,1.0,0.9931506849315068,-0.05402283768029714
C11390$@DOM1,194,1.0,0.0,13,1.0,1.0,-0.05403805475707779
U2143@DOM1,484,1.0,0.0,8,1.0,1.0,-0.054163292996179335
U7614@DOM1,406,1.0,0.0,10,1.0,1.0,-0.05419984198936806
U8974@DOM1,115,1.0,0.0,13,1.0,1.0,-0.05425716686817267
U534@DOM1,174,1.0,0.0,13,1.0,1.0,-0.054394343090515385
C4318$@DOM1,146,1.0,0.0,5,1.0,0.9657534246575342,-0.05445859176319745
C1832$@DOM1,482,1.0,0.0,7,1.0,1.0,-0.054527458433823284
C3818$@DOM1,291,1.0,0.0,12,1.0,1.0,-0.05462551639973506
C4401$@DOM1,290,1.0,0.0,12,1.0,1.0,-0.05462551639973506
C8513$@DOM1,240,1.0,0.0,10,1.0,0.9833333333333333,-0.05468734620548832
C8734$@DOM1,150,1.0,0.0,9,1.0,0.9733333333333334,-0.054690918524994026
U7427@DOM1,190,1.0,0.0,13,1.0,1.0,-0.05470389755205296
U9@DOM1,245,1.0,0.0,2,1.0,1.0,-0.05476882902994523
U7927@DOM1,402,1.0,0.0,10,1.0,1.0,-0.0548310581798197
ANONYMOUS LOGON@C1971,166,1.0,0.0,1,1.0,1.0,-0.05504006176236548
U2289@DOM1,163,1.0,0.0,13,1.0,1.0,-0.055242349292512094
ANONYMOUS LOGON@C1697,167,1.0,0.0,1,1.0,1.0,-0.05524511422338896
C1294$@DOM1,231,0.9956709956709957,0.0,8,1.0,0.9956709956709957,-0.05525271275934218
U3003@DOM1,185,1.0,0.0,13,1.0,1.0,-0.055401727825014124
U8515@DOM1,188,1.0,0.0,13,1.0,1.0,-0.05541122717348468
U2201@DOM1,165,1.0,0.0,13,1.0,1.0,-0.0554121143911705
C5143$@DOM1,287,1.0,0.0,12,1.0,1.0,-0.05548446549797853
C3007$@DOM1,287,1.0,0.0,12,1.0,1.0,-0.05548446549797853
U3085@DOM1,179,1.0,0.0,13,1.0,1.0,-0.055485902453969116
U4121@DOM1,184,1.0,0.0,13,1.0,1.0,-0.055553428465993426
U7387@DOM1,168,1.0,0.0,13,1.0,1.0,-0.055577232484746386
U7527@DOM1,133,1.0,0.0,13,1.0,1.0,-0.055600654003599204
C409$@DOM1,192,1.0,0.0,8,1.0,0.96875,-0.05563198698147054
U418@DOM1,55,1.0,0.0,3,1.0,0.9818181818181818,-0.05566395817984576
C1603$@DOM1,147,1.0,0.0,5,1.0,0.9659863945578231,-0.0556894368178148
U4173@DOM1,162,1.0,0.0,13,1.0,1.0,-0.05577561683299942
U9121@DOM1,162,1.0,0.0,13,1.0,1.0,-0.05577561683299942
C9256$@DOM1,117,1.0,0.0,7,1.0,0.9658119658119658,-0.055868978732173
C19280$@DOM1,302,1.0,0.0,11,1.0,0.9966887417218543,-0.0559594511404054
U4016@DOM1,134,1.0,0.0,13,1.0,1.0,-0.05597022916768207
U615@DOM1,132,1.0,0.0,13,1.0,1.0,-0.056050466452835346
C18706$@DOM1,256,0.99609375,0.0,7,1.0,0.99609375,-0.05617104139259327
U1293@DOM1,156,1.0,0.0,13,1.0,1.0,-0.05627482626747515
C20203$@DOM1,160,0.99375,0.0,6,1.0,0.99375,-0.0563356529686756
C261$@DOM1,120,1.0,0.0,9,1.0,0.975,-0.056413620147154286
U288@DOM1,285,1.0,0.0,12,1.0,1.0,-0.056433601415038614
U1253@DOM1,131,1.0,0.0,13,1.0,1.0,-0.05646484911288013
U892@DOM1,131,1.0,0.0,13,1.0,1.0,-0.05646484911288013
C17952$@DOM1,148,1.0,0.0,5,1.0,0.9662162162162162,-0.056559879824274795
U4736@DOM1,120,1.0,0.0,13,1.0,1.0,-0.056574344144576516
U5679@DOM1,119,1.0,0.0,13,1.0,1.0,-0.05670150248188399
U1509@DOM1,94,1.0,0.0,11,1.0,0.9893617021276596,-0.0567337082215133
U4169@DOM1,466,1.0,0.0,8,1.0,1.0,-0.05674642352782594
U793@DOM1,139,1.0,0.0,13,1.0,1.0,-0.05692034369486476
C4914$@DOM1,167,0.9940119760479041,0.0,6,1.0,0.9940119760479041,-0.056936778193018456
C1760$@DOM1,277,1.0,0.0,12,1.0,1.0,-0.05708328596488266
C1700$@DOM1,276,1.0,0.0,12,1.0,1.0,-0.05708328596488266
U588@DOM1,277,1.0,0.0,12,1.0,1.0,-0.05708328596488266
C3241$@DOM1,276,1.0,0.0,12,1.0,1.0,-0.05708328596488266
U9499@DOM1,143,1.0,0.0,13,1.0,1.0,-0.05708728686606657
C13935$@DOM1,210,1.0,0.0,8,1.0,0.9714285714285714,-0.057095278954038875
U404@DOM1,151,1.0,0.0,13,1.0,1.0,-0.057138445741102495
U2995@DOM1,151,1.0,0.0,13,1.0,1.0,-0.057138445741102495
C11169$@DOM1,166,1.0,0.0,4,1.0,0.9759036144578314,-0.05719778017876187
U903@DOM1,144,1.0,0.0,13,1.0,1.0,-0.057199592052814885
ANONYMOUS LOGON@C2235,158,1.0,0.0,1,1.0,1.0,-0.057254384696172944
C20856$@DOM1,301,1.0,0.0,7,1.0,0.9800664451827242,-0.0573075449931254
C3873$@DOM1,169,1.0,0.0,4,1.0,0.9763313609467456,-0.05750716582770532
U8773@DOM1,150,1.0,0.0,13,1.0,1.0,-0.05755982693393996
C12283$@DOM1,209,1.0,0.0,8,1.0,0.9712918660287081,-0.05777940291128647
C17566$@DOM1,157,1.0,0.0,9,1.0,0.9745222929936306,-0.057882245454383696
C13148$@DOM1,180,1.0,0.0,7,1.0,0.9666666666666667,-0.05811979079152785
C15264$@DOM1,296,1.0,0.0,11,1.0,0.9966216216216216,-0.05816153903122062
C22$@DOM1,168,1.0,0.0,4,1.0,0.9761904761904762,-0.05833031746662515
C7709$@DOM1,151,1.0,0.0,10,1.0,0.9801324503311258,-0.05849508842651241
C549$@DOM1,151,1.0,0.0,10,1.0,0.9801324503311258,-0.05849508842651241
C1424$@DOM1,153,1.0,0.0,6,1.0,0.9607843137254902,-0.05863760048287753
C17924$@DOM1,270,1.0,0.0,11,1.0,0.9925925925925926,-0.059202691113467876
C8180$@DOM1,130,1.0,0.0,6,1.0,0.9615384615384616,-0.05934703000557501
C14471$@DOM1,127,1.0,0.0,8,1.0,0.968503937007874,-0.059362801468579085
U1285@DOM1,34,1.0,0.0,6,1.0,0.9705882352941176,-0.05964064047043327
C7440$@DOM1,109,1.0,0.0,6,1.0,0.963302752293578,-0.059770356313974926
U5102@DOM1,134,0.9925373134328358,0.0,8,1.0,1.0,-0.06000939421631507
U4379@DOM1,266,1.0,0.0,12,1.0,1.0,-0.06003394466879902
U1471@DOM1,64,1.0,0.0,7,1.0,0.96875,-0.06010418968232012
C4849$@DOM1,349,1.0,0.0,11,1.0,1.0,-0.060138696831965155
C21235$@DOM1,38,1.0,0.0,7,1.0,0.9736842105263158,-0.06016695578831982
C9345$@DOM1,249,1.0,0.0,11,1.0,0.9919678714859438,-0.060283937456752645
C20077$@DOM1,123,1.0,0.0,5,1.0,0.967479674796748,-0.06032335056644039
C9349$@DOM1,291,1.0,0.0,11,1.0,0.9965635738831615,-0.0603365393191837
C2945$@DOM1,440,1.0,0.0,6,1.0,1.0,-0.0603842456985601
C1884$@DOM1,435,1.0,0.0,6,1.0,1.0,-0.06052191234768217
C21224$@DOM1,272,1.0,0.0,7,1.0,0.9779411764705882,-0.0606676548482763
C10368$@DOM1,217,1.0,0.0,4,1.0,0.9815668202764977,-0.060671868070063695
C17755$@DOM1,202,0.995049504950495,0.0,7,1.0,0.995049504950495,-0.06074339478256946
C12356$@DOM1,158,1.0,0.0,6,1.0,0.9620253164556962,-0.06075622289299931
C3986$@DOM1,264,1.0,0.0,12,1.0,1.0,-0.06109761342241232
U344@DOM1,311,1.0,0.0,9,1.0,0.9871382636655949,-0.06121679773746924
C4706$@DOM1,263,1.0,0.0,12,1.0,1.0,-0.06123505667884843
U1498@DOM1,46,1.0,0.0,4,1.0,0.9782608695652174,-0.06136822908236844
C624$@DOM1,121,1.0,0.0,4,1.0,0.9752066115702479,-0.061374820298801036
LOCAL SERVICE@C3444,138,1.0,0.0,1,1.0,1.0,-0.06138106198368859
C6773$@DOM1,172,1.0,0.0,6,1.0,0.9651162790697675,-0.061624791291056746
LOCAL SERVICE@C2493,133,1.0,0.0,1,1.0,1.0,-0.061644523208334245
U101@DOM1,95,1.0,0.0,7,1.0,0.968421052631579,-0.06168272247058876
C16835$@DOM1,112,1.0,0.0,6,1.0,0.9642857142857143,-0.06189548703515135
C3784$@DOM1,163,1.0,0.0,8,1.0,0.9693251533742331,-0.06236440390399378
C5152$@DOM1,150,1.0,0.0,7,1.0,0.9666666666666667,-0.062430937200918524
C3684$@DOM1,164,1.0,0.0,10,1.0,0.9817073170731707,-0.06245461131024005
ANONYMOUS LOGON@C3455,124,1.0,0.0,1,1.0,1.0,-0.06248928359985123
U581@DOM1,416,1.0,0.0,9,1.0,1.0,-0.06252043220752596
U1408@DOM1,417,1.0,0.0,9,1.0,1.0,-0.06252043220752596
C374$@DOM1,101,1.0,0.0,5,1.0,0.9702970297029703,-0.06252797323736403
C9072$@DOM1,102,1.0,0.0,5,1.0,0.9705882352941176,-0.06252797323736403
LOCAL SERVICE@C3021,129,1.0,0.0,1,1.0,1.0,-0.06256851357847804
C3079$@DOM1,262,1.0,0.0,12,1.0,1.0,-0.06260561179746066
C13744$@DOM1,285,1.0,0.0,11,1.0,0.9964912280701754,-0.06278305145235114
C2519$@DOM1,441,1.0,0.0,8,1.0,1.0,-0.06284906037853494
C16862$@DOM1,284,1.0,0.0,10,1.0,0.9894366197183099,-0.06294145446726179
LOCAL SERVICE@C2464,112,1.0,0.0,1,1.0,1.0,-0.06296818883576505
LOCAL SERVICE@C3025,122,1.0,0.0,1,1.0,1.0,-0.06298471140985673
ANONYMOUS LOGON@C2629,127,1.0,0.0,1,1.0,1.0,-0.06301640805688513
C19465$@DOM1,127,1.0,0.0,5,1.0,0.968503937007874,-0.06313029784265489
C6144$@DOM1,129,1.0,0.0,9,1.0,0.9767441860465116,-0.06313933061424454
C1045$@DOM1,176,1.0,0.0,5,1.0,0.9715909090909091,-0.06314322059511407
ANONYMOUS LOGON@C585,125,1.0,0.0,1,1.0,1.0,-0.06319850096627722
C1477$@DOM1,224,1.0,0.0,5,1.0,0.9776785714285714,-0.06322557113686339
U2198@DOM1,340,1.0,0.0,11,1.0,1.0,-0.06325625567206317
U4766@DOM1,340,1.0,0.0,11,1.0,1.0,-0.06325625567206317
LOCAL SERVICE@C19774,107,1.0,0.0,1,1.0,1.0,-0.06332653605207783
LOCAL SERVICE@C10747,107,1.0,0.0,1,1.0,1.0,-0.06332653605207783
SYSTEM@C698,107,1.0,0.0,1,1.0,1.0,-0.06332653605207783
C3219$@DOM1,342,1.0,0.0,11,1.0,1.0,-0.06333012313482411
NETWORK SERVICE@C8260,110,1.0,0.0,1,1.0,1.0,-0.06336654264623348
LOCAL SERVICE@C6473,106,1.0,0.0,1,1.0,1.0,-0.06349624432026751
LOCAL SERVICE@C15108,105,1.0,0.0,1,1.0,1.0,-0.06349624432026751
LOCAL SERVICE@C16496,106,1.0,0.0,1,1.0,1.0,-0.06349624432026751
LOCAL SERVICE@C4515,105,1.0,0.0,1,1.0,1.0,-0.06349624432026751
LOCAL SERVICE@C1878,105,1.0,0.0,1,1.0,1.0,-0.06349624432026751
LOCAL SERVICE@C17433,105,1.0,0.0,1,1.0,1.0,-0.06349624432026751
LOCAL SERVICE@C17050,105,1.0,0.0,1,1.0,1.0,-0.06349624432026751
LOCAL SERVICE@C13419,105,1.0,0.0,1,1.0,1.0,-0.06349624432026751
LOCAL SERVICE@C15372,105,1.0,0.0,1,1.0,1.0,-0.06349624432026751
C26$@DOM1,126,1.0,0.0,5,1.0,0.9682539682539683,-0.06356659354176897
ANONYMOUS LOGON@C13578,119,1.0,0.0,1,1.0,1.0,-0.0635931082252863
U6396@DOM1,257,1.0,0.0,12,1.0,1.0,-0.06375699745743496
C8238$@DOM1,274,1.0,0.0,10,1.0,0.9890510948905109,-0.06377626364873057
C2954$@DOM1,163,1.0,0.0,11,1.0,0.9877300613496932,-0.06391152711486858
C10152$@DOM1,163,1.0,0.0,11,1.0,0.9877300613496932,-0.06391152711486858
C1273$@DOM1,200,1.0,0.0,11,1.0,0.99,-0.06401606184128106
C13479$@DOM1,216,1.0,0.0,7,1.0,0.9722222222222222,-0.06409190839200946
C12636$@DOM1,281,1.0,0.0,11,1.0,0.99644128113879,-0.06410825611835114
C16424$@DOM1,164,1.0,0.0,11,1.0,0.9878048780487805,-0.0641642530296142
C11940$@DOM1,173,1.0,0.0,5,1.0,0.9710982658959537,-0.0642120079211872
C17273$@DOM1,172,1.0,0.0,5,1.0,0.9709302325581395,-0.0642120079211872
ANONYMOUS LOGON@C1672,102,1.0,0.0,1,1.0,1.0,-0.06432655832827805
C3591$@DOM1,157,1.0,0.0,11,1.0,0.9872611464968153,-0.06432682414263546
C751$@DOM1,99,1.0,0.0,7,1.0,0.9696969696969697,-0.06436756338048172
C12154$@DOM1,185,1.0,0.0,11,1.0,0.9891891891891892,-0.06441877156828224
LOCAL SERVICE@C16678,99,1.0,0.0,1,1.0,1.0,-0.0644355153818737
U2449@DOM1,373,1.0,0.0,10,1.0,1.0,-0.06450359578157971
C14451$@DOM1,201,1.0,0.0,11,1.0,0.9900497512437811,-0.06452604219503827
C2472$@DOM1,125,1.0,0.0,4,1.0,0.976,-0.06458843034847372
C7918$@DOM1,222,1.0,0.0,11,1.0,0.990990990990991,-0.06459236887505931
C4195$@DOM1,252,1.0,0.0,12,1.0,1.0,-0.06460967071934709
U598@DOM1,251,1.0,0.0,12,1.0,1.0,-0.06460967071934709
C4866$@DOM1,158,1.0,0.0,11,1.0,0.9873417721518988,-0.06465945452348598
C5618$@DOM1,191,1.0,0.0,11,1.0,0.9895287958115183,-0.06466460922122153
U543@DOM1,250,1.0,0.0,12,1.0,1.0,-0.06477220330959027
C889$@DOM1,179,1.0,0.0,6,1.0,0.9664804469273743,-0.0648616994357023
LOCAL SERVICE@C6047,98,1.0,0.0,1,1.0,1.0,-0.0648873053335931
C12432$@DOM1,212,1.0,0.0,11,1.0,0.9905660377358491,-0.0649468394885247
C5240$@DOM1,233,1.0,0.0,11,1.0,0.9914163090128756,-0.06495017841284834
C10265$@DOM1,234,1.0,0.0,11,1.0,0.9914529914529915,-0.06497373312890581
C14169$@DOM1,213,1.0,0.0,11,1.0,0.9906103286384976,-0.06502042101899991
ANONYMOUS LOGON@C46,96,1.0,0.0,1,1.0,1.0,-0.06503882135392186
ANONYMOUS LOGON@C1972,96,1.0,0.0,1,1.0,1.0,-0.06503882135392186
C18729$@DOM1,180,1.0,0.0,11,1.0,0.9888888888888889,-0.06513247602024436
C5572$@DOM1,179,1.0,0.0,11,1.0,0.9888268156424581,-0.06526986035936838
C5845$@DOM1,162,1.0,0.0,11,1.0,0.9876543209876543,-0.06535336308483247
C4659$@DOM1,178,1.0,0.0,10,1.0,0.9831460674157303,-0.0657117103500085
C13564$@DOM1,219,1.0,0.0,11,1.0,0.9908675799086758,-0.06579560647197186
ANONYMOUS LOGON@C1767,94,1.0,0.0,1,1.0,1.0,-0.06583752845838986
ANONYMOUS LOGON@C754,92,1.0,0.0,1,1.0,1.0,-0.0659761303325162
C9140$@DOM1,246,1.0,0.0,4,1.0,0.9878048780487805,-0.06599483929952887
C21499$@DOM1,128,1.0,0.0,4,1.0,0.9765625,-0.06614939183397145
C20347$@DOM1,175,1.0,0.0,8,1.0,0.9714285714285714,-0.06621616324963975
C7830$@DOM1,175,1.0,0.0,8,1.0,0.9714285714285714,-0.06621616324963975
U185@DOM1,171,1.0,0.0,8,1.0,0.9707602339181286,-0.06625153000429534
C1637$@DOM1,136,1.0,0.0,8,1.0,0.9705882352941176,-0.06643943277468295
U7290@DOM1,186,1.0,0.0,9,1.0,0.978494623655914,-0.06660944157708587
C41$@DOM1,195,1.0,0.0,8,1.0,0.9743589743589743,-0.0667308867859891
C7348$@DOM1,265,1.0,0.0,10,1.0,0.9886792452830189,-0.0668005747520537
C10229$@DOM1,266,1.0,0.0,10,1.0,0.9887218045112782,-0.0668005747520537
C10317$@DOM1,172,1.0,0.0,8,1.0,0.9709302325581395,-0.06707426695830526
C1866$@DOM1,288,1.0,0.0,6,1.0,0.9826388888888888,-0.06712459699953566
U4083@DOM1,384,1.0,0.0,5,1.0,1.0,-0.06732901010777403
U5257@DOM1,240,1.0,0.0,12,1.0,1.0,-0.06743824507910862
C575$@DOM1,181,1.0,0.0,8,1.0,0.9723756906077348,-0.06748074541763405
C15522$@DOM1,135,1.0,0.0,9,1.0,0.9777777777777777,-0.06751520774144276
C5905$@DOM1,182,1.0,0.0,8,1.0,0.9725274725274725,-0.06773024060268745
C7135$@DOM1,266,1.0,0.0,11,1.0,0.9962406015037594,-0.06776214226418459
C1072$@DOM1,138,1.0,0.0,9,1.0,0.9782608695652174,-0.06787453621719258
C11049$@DOM1,132,1.0,0.0,4,1.0,0.9772727272727273,-0.0679569329771289
C1568$@DOM1,109,1.0,0.0,5,1.0,0.9724770642201835,-0.06796993953558145
LOCAL SERVICE@C10574,89,1.0,0.0,1,1.0,1.0,-0.06803559170667917
C4053$@DOM1,319,1.0,0.0,11,1.0,1.0,-0.0680737615390769
C210$@DOM1,134,1.0,0.0,5,1.0,0.9701492537313433,-0.06810590125772464
C14665$@DOM1,366,1.0,0.0,10,1.0,1.0,-0.06812176885485693
U4313@DOM1,367,1.0,0.0,10,1.0,1.0,-0.06812176885485693
C2873$@DOM1,412,1.0,0.0,6,1.0,1.0,-0.06813574358938701
C16328$@DOM1,206,1.0,0.0,8,1.0,0.9757281553398058,-0.06813956237072843
C21505$@DOM1,135,1.0,0.0,4,1.0,0.9777777777777777,-0.06823868749632611
U2001@DOM1,59,1.0,0.0,12,1.0,1.0,-0.06828810509702349
U293@DOM1,236,1.0,0.0,12,1.0,1.0,-0.06855948017364821
C4800$@DOM1,264,1.0,0.0,11,1.0,0.9962121212121212,-0.06857928586590673
U237@DOM1,391,1.0,0.0,9,1.0,1.0,-0.0686084386019637
C2700$@DOM1,139,1.0,0.0,9,1.0,0.9784172661870504,-0.06861154805555558
U1247@DOM1,111,1.0,0.0,8,1.0,0.972972972972973,-0.06861864843596499
C10612$@DOM1,178,1.0,0.0,3,1.0,0.9887640449438202,-0.06871968746354556
SYSTEM@C561,87,1.0,0.0,1,1.0,1.0,-0.06879108366502162
C19952$@DOM1,158,1.0,0.0,7,1.0,0.9683544303797469,-0.06900616464602782
C7924$@DOM1,259,1.0,0.0,11,1.0,0.9961389961389961,-0.06911165546257891
ANONYMOUS LOGON@C1208,79,1.0,0.0,1,1.0,1.0,-0.06922362507632418
LOCAL SERVICE@C9976,80,1.0,0.0,1,1.0,1.0,-0.06939314851489325
U7508@DOM1,308,1.0,0.0,11,1.0,1.0,-0.06945527669699286
C10916$@DOM1,101,1.0,0.0,4,1.0,0.9801980198019802,-0.0694910924686803
U861@DOM1,82,1.0,0.0,8,1.0,0.975609756097561,-0.06951419070195675
C2579$@DOM1,311,1.0,0.0,11,1.0,1.0,-0.0695431962689631
C4066$@DOM1,309,1.0,0.0,11,1.0,1.0,-0.0695431962689631
C4927$@DOM1,318,1.0,0.0,10,1.0,0.9937106918238994,-0.06975182963069165
C7000$@DOM1,140,1.0,0.0,9,1.0,0.9785714285714285,-0.06990896066179286
C17847$@DOM1,130,1.0,0.0,7,1.0,0.9692307692307692,-0.07002936481613442
ANONYMOUS LOGON@C1700,76,1.0,0.0,1,1.0,1.0,-0.07014942447555639
C1202$@DOM1,216,1.0,0.0,8,1.0,0.9768518518518519,-0.0702123164204303
U2192@DOM1,69,1.0,0.0,12,1.0,1.0,-0.07022549619426094
U1233@DOM1,70,1.0,0.0,12,1.0,1.0,-0.07022549619426094
C18219$@DOM1,170,1.0,0.0,3,1.0,0.9882352941176471,-0.07024409586105956
C2$@DOM1,142,1.0,0.0,9,1.0,0.9788732394366197,-0.07028762347910023
U4722@DOM1,85,1.0,0.0,12,1.0,1.0,-0.07052273728728697
U3771@DOM1,386,1.0,0.0,9,1.0,1.0,-0.07052429578874908
U126@DOM1,225,1.0,0.0,12,1.0,1.0,-0.07053864273994825
U1896@DOM1,84,1.0,0.0,12,1.0,1.0,-0.0706242383791873
U728@DOM1,83,1.0,0.0,12,1.0,1.0,-0.0706242383791873
U4856@DOM1,385,1.0,0.0,9,1.0,1.0,-0.07065878705868106
C498$@DOM1,277,1.0,0.0,9,1.0,0.9855595667870036,-0.07084788445016993
C2804$@DOM1,162,1.0,0.0,7,1.0,0.9691358024691358,-0.07091697332461117
U3579@DOM1,87,1.0,0.0,12,1.0,1.0,-0.07096489803494038
C9974$@DOM1,190,1.0,0.0,10,1.0,0.9842105263157894,-0.07113811790064495
C7822$@DOM1,189,1.0,0.0,10,1.0,0.9841269841269841,-0.07113811790064495
C19493$@DOM1,144,1.0,0.0,3,1.0,0.9861111111111112,-0.07119654272113013
C14051$@DOM1,250,1.0,0.0,9,1.0,0.984,-0.07124153778569081
U7416@DOM1,93,1.0,0.0,12,1.0,1.0,-0.07125565490092822
U8562@DOM1,96,1.0,0.0,12,1.0,1.0,-0.0712974360049497
U1342@DOM1,81,1.0,0.0,12,1.0,1.0,-0.07147483810140004
C10503$@DOM1,225,1.0,0.0,9,1.0,0.9822222222222222,-0.07147747959916217
U4601@DOM1,94,1.0,0.0,12,1.0,1.0,-0.07152451674468568
LOCAL SERVICE@C4603,75,1.0,0.0,1,1.0,1.0,-0.07162902777674574
U5024@DOM1,91,1.0,0.0,12,1.0,1.0,-0.07164257576605709
U8756@DOM1,95,1.0,0.0,12,1.0,1.0,-0.07168098101896059
U9051@DOM1,107,1.0,0.0,12,1.0,1.0,-0.07191177019980882
U3686@DOM1,99,1.0,0.0,12,1.0,1.0,-0.07193603636158169
U6988@DOM1,99,1.0,0.0,12,1.0,1.0,-0.07193603636158169
C1810$@DOM1,415,1.0,0.0,7,1.0,1.0,-0.07196048559268892
ANONYMOUS LOGON@C2634,74,1.0,0.0,1,1.0,1.0,-0.07199278499985218
LOCAL SERVICE@C15030,74,1.0,0.0,1,1.0,1.0,-0.07199278499985218
U7635@DOM1,97,1.0,0.0,12,1.0,1.0,-0.0720698073442117
C6627$@DOM1,145,1.0,0.0,4,1.0,0.9793103448275862,-0.07207670641230435
C15283$@DOM1,197,1.0,0.0,10,1.0,0.9847715736040609,-0.0721063337059647
U2497@DOM1,359,1.0,0.0,10,1.0,1.0,-0.07216316220571789
U104@DOM1,105,1.0,0.0,12,1.0,1.0,-0.07218978106087898
U9145@DOM1,105,1.0,0.0,12,1.0,1.0,-0.07218978106087898
U7695@DOM1,105,1.0,0.0,12,1.0,1.0,-0.07218978106087898
U4119@DOM1,102,1.0,0.0,12,1.0,1.0,-0.07224253717689261
C1508$@DOM1,230,1.0,0.0,10,1.0,0.9869565217391304,-0.07228122511557217
U5376@DOM1,101,1.0,0.0,12,1.0,1.0,-0.07228475922721544
U254@DOM1,101,1.0,0.0,12,1.0,1.0,-0.07228475922721544
U4832@DOM1,100,1.0,0.0,12,1.0,1.0,-0.07228475922721544
U2256@DOM1,334,1.0,0.0,4,1.0,1.0,-0.07230688554839115
C4969$@DOM1,264,1.0,0.0,9,1.0,0.9848484848484849,-0.07239321652202801
C13048$@DOM1,105,1.0,0.0,9,1.0,0.9809523809523809,-0.07253221314211711
U729@DOM1,109,1.0,0.0,12,1.0,1.0,-0.07263952655924427
U2225@DOM1,109,1.0,0.0,12,1.0,1.0,-0.07263952655924427
C6358$@DOM1,43,1.0,0.0,7,1.0,0.9767441860465116,-0.07270443077573613
U1488@DOM1,43,1.0,0.0,7,1.0,0.9767441860465116,-0.07270443077573613
C8380$@DOM1,225,1.0,0.0,10,1.0,0.9866666666666667,-0.07283177202796376
U275@DOM1,79,1.0,0.0,10,1.0,0.9873417721518988,-0.07304092254318167
C15524$@DOM1,73,1.0,0.0,1,1.0,1.0,-0.07305171163996738
C20811$@DOM1,245,1.0,0.0,11,1.0,0.9959183673469387,-0.07305911651121594
U8427@DOM1,110,1.0,0.0,12,1.0,1.0,-0.07306057711660446
U4834@DOM1,215,1.0,0.0,12,1.0,1.0,-0.07308776831871161
U513@DOM1,215,1.0,0.0,12,1.0,1.0,-0.07308776831871161
U4355@DOM1,213,1.0,0.0,12,1.0,1.0,-0.07316673741008123
U7360@DOM1,211,1.0,0.0,12,1.0,1.0,-0.07316673741008123
C577$@DOM1,108,1.0,0.0,7,1.0,0.9722222222222222,-0.07317848273524657
U4923@DOM1,111,1.0,0.0,12,1.0,1.0,-0.0732771681866648
U6946@DOM1,354,1.0,0.0,10,1.0,1.0,-0.07332488483399147
C1347$@DOM1,244,1.0,0.0,11,1.0,0.9959016393442623,-0.07334297157735592
U8581@DOM1,206,1.0,0.0,12,1.0,1.0,-0.07337968977047071
U817@DOM1,112,1.0,0.0,12,1.0,1.0,-0.07341079738849582
ANONYMOUS LOGON@C2589,71,1.0,0.0,1,1.0,1.0,-0.07350915313926748
ANONYMOUS LOGON@C2148,71,1.0,0.0,1,1.0,1.0,-0.07350915313926748
C20465$@DOM1,241,1.0,0.0,11,1.0,0.995850622406639,-0.07351804557262992
C15445$@DOM1,263,1.0,0.0,6,1.0,0.9809885931558935,-0.073546381796879
C8038$@DOM1,72,1.0,0.0,1,1.0,1.0,-0.07363313356452311
C4100$@DOM1,318,1.0,0.0,10,1.0,0.9968553459119497,-0.07366589214705677
C11290$@DOM1,246,1.0,0.0,6,1.0,0.9796747967479674,-0.07367592153944746
C11527$@DOM1,175,1.0,0.0,7,1.0,0.9714285714285714,-0.07381272779774467
C17658$@DOM1,150,1.0,0.0,8,1.0,0.9733333333333334,-0.07396268604364997
U1490@DOM1,117,1.0,0.0,11,1.0,0.9914529914529915,-0.0739891536937124
U298@DOM1,70,1.0,0.0,1,1.0,1.0,-0.07402564656280397
C2586$@DOM1,69,1.0,0.0,1,1.0,1.0,-0.07402564656280397
ANONYMOUS LOGON@C4310,70,1.0,0.0,1,1.0,1.0,-0.07402564656280397
U305@DOM1,199,1.0,0.0,12,1.0,1.0,-0.07403595809945807
C1182$@DOM1,202,1.0,0.0,12,1.0,1.0,-0.0740864483164837
C6163$@DOM1,105,1.0,0.0,4,1.0,0.9809523809523809,-0.07410872460848728
U9543@DOM1,68,1.0,0.0,1,1.0,1.0,-0.07416972639987196
C3780$@DOM1,68,1.0,0.0,1,1.0,1.0,-0.07416972639987196
C735$@DOM1,170,1.0,0.0,7,1.0,0.9705882352941176,-0.074359379756403
C11071$@DOM1,236,1.0,0.0,11,1.0,0.9957627118644068,-0.07437593283737826
U190@DOM1,197,1.0,0.0,12,1.0,1.0,-0.07440847933271155
U378@DOM1,197,1.0,0.0,12,1.0,1.0,-0.07440847933271155
U3271@DOM1,197,1.0,0.0,12,1.0,1.0,-0.07440847933271155
C10686$@DOM1,256,1.0,0.0,3,1.0,1.0,-0.07444343180627072
C1277$@DOM1,173,1.0,0.0,7,1.0,0.9710982658959537,-0.07456250205651321
U1908@DOM1,114,1.0,0.0,12,1.0,1.0,-0.07459142506905037
C290$@DOM1,252,1.0,0.0,5,1.0,0.9841269841269841,-0.07462250204069232
C9285$@DOM1,183,1.0,0.0,2,1.0,1.0,-0.0746953090022563
C2013$@DOM3,327,1.0,0.0,4,1.0,1.0,-0.07476421904530722
C2607$@DOM1,85,1.0,0.0,5,1.0,0.9764705882352941,-0.07485108243108163
C3034$@DOM1,403,1.0,0.0,7,1.0,1.0,-0.0749568855718114
C6049$@DOM1,174,1.0,0.0,2,1.0,1.0,-0.07496020558631378
C12467$@DOM1,110,1.0,0.0,7,1.0,0.9727272727272728,-0.0750039295816829
U2617@DOM1,115,1.0,0.0,12,1.0,1.0,-0.07513352643007654
U437@DOM1,195,1.0,0.0,12,1.0,1.0,-0.07516080477816728
C16572$@DOM1,123,1.0,0.0,11,1.0,0.991869918699187,-0.07521316548889834
C13933$@DOM1,248,1.0,0.0,3,1.0,1.0,-0.07529141838411757
U4274@DOM1,376,1.0,0.0,9,1.0,1.0,-0.07529243891733128
U6082@DOM1,194,1.0,0.0,12,1.0,1.0,-0.07530450066392608
C12189$@DOM1,194,1.0,0.0,12,1.0,1.0,-0.07530450066392608
C270$@DOM1,231,1.0,0.0,11,1.0,0.9956709956709957,-0.07530788622362988
NETWORK SERVICE@C11370,65,1.0,0.0,1,1.0,1.0,-0.07533571531613364
C1697$@DOM1,136,1.0,0.0,7,1.0,0.9705882352941176,-0.07535012490790743
C1123$@DOM1,136,1.0,0.0,7,1.0,0.9705882352941176,-0.07535012490790743
U1496@DOM1,85,1.0,0.0,10,1.0,0.9882352941176471,-0.07538996947362786
LOCAL SERVICE@C15491,62,1.0,0.0,1,1.0,1.0,-0.07544536629341508
C18957$@DOM1,63,1.0,0.0,1,1.0,1.0,-0.07555112642777928
C12576$@DOM1,63,1.0,0.0,1,1.0,1.0,-0.07555112642777928
U1492@DOM1,44,1.0,0.0,7,1.0,0.9772727272727273,-0.07561493599000862
C13653$@DOM1,235,1.0,0.0,11,1.0,0.9957446808510638,-0.07569478512726885
C6053$@DOM1,235,1.0,0.0,11,1.0,0.9957446808510638,-0.07569478512726885
U182@DOM1,190,1.0,0.0,12,1.0,1.0,-0.07593859162461836
ANONYMOUS LOGON@C14665,60,1.0,0.0,1,1.0,1.0,-0.0760289434813251
U6017@DOM1,71,1.0,0.0,6,1.0,0.971830985915493,-0.07605356597285157
C13827$@DOM1,191,1.0,0.0,7,1.0,0.9738219895287958,-0.07620096360924783
U3617@DOM1,394,1.0,0.0,8,1.0,1.0,-0.07624086821658382
C20283$@DOM1,162,1.0,0.0,5,1.0,0.9753086419753086,-0.07633213215155721
C18727$@DOM1,86,1.0,0.0,5,1.0,0.9767441860465116,-0.07634088208616036
U9937@DOM1,390,1.0,0.0,8,1.0,1.0,-0.07638419878606723
C1663$@DOM1,157,1.0,0.0,8,1.0,0.9745222929936306,-0.07639205583508019
U6317@DOM1,187,1.0,0.0,12,1.0,1.0,-0.07640792158676946
LOCAL SERVICE@C15595,59,1.0,0.0,1,1.0,1.0,-0.07647403708774664
ANONYMOUS LOGON@C2021,59,1.0,0.0,1,1.0,1.0,-0.07647403708774664
C13644$@DOM1,187,1.0,0.0,7,1.0,0.9732620320855615,-0.07651786194379456
C969$@DOM1,187,1.0,0.0,7,1.0,0.9732620320855615,-0.07651786194379456
C13483$@DOM1,372,1.0,0.0,7,1.0,0.9946236559139785,-0.07652220213431116
C1730$@DOM1,128,1.0,0.0,6,1.0,0.96875,-0.07664294893721768
C2386$@DOM1,57,1.0,0.0,1,1.0,1.0,-0.07672330642623376
C69$@DOM1,227,1.0,0.0,11,1.0,0.9955947136563876,-0.07679801150543192
U3413@DOM1,133,1.0,0.0,12,1.0,1.0,-0.0768533687843273
C983$@DOM1,184,1.0,0.0,7,1.0,0.9728260869565217,-0.0768862612862658
U339@DOM1,178,1.0,0.0,12,1.0,1.0,-0.07688944181660279
ANONYMOUS LOGON@C2679,55,1.0,0.0,1,1.0,1.0,-0.07692055083182076
C2358$@DOM1,345,1.0,0.0,10,1.0,1.0,-0.0769417699751444
C6847$@DOM1,225,1.0,0.0,11,1.0,0.9955555555555555,-0.07697973517224038
C5311$@DOM1,225,1.0,0.0,11,1.0,0.9955555555555555,-0.07697973517224038
U5906@DOM1,135,1.0,0.0,12,1.0,1.0,-0.07699067229546963
C18844$@DOM1,226,1.0,0.0,11,1.0,0.995575221238938,-0.07702366986806153
C13382$@DOM1,226,1.0,0.0,11,1.0,0.995575221238938,-0.07702366986806153
U7510@DOM1,125,1.0,0.0,12,1.0,1.0,-0.0770605212145925
U1292@DOM1,125,1.0,0.0,12,1.0,1.0,-0.0770605212145925
U5776@DOM1,132,1.0,0.0,12,1.0,1.0,-0.07707772318904588
U7000@DOM1,132,1.0,0.0,12,1.0,1.0,-0.07707772318904588
U93@DOM3,56,1.0,0.0,1,1.0,1.0,-0.07708867747461079
C1326$@DOM1,168,1.0,0.0,5,1.0,0.9761904761904762,-0.07708953477563768
U4600@DOM1,121,1.0,0.0,12,1.0,1.0,-0.07711888006036188
U6833@DOM1,170,1.0,0.0,12,1.0,1.0,-0.07712055463950457
U5784@DOM1,134,1.0,0.0,12,1.0,1.0,-0.07713374925426336
U8136@DOM1,134,1.0,0.0,12,1.0,1.0,-0.07713374925426336
U8408@DOM1,123,1.0,0.0,12,1.0,1.0,-0.07717247049497639
C13927$@DOM1,170,1.0,0.0,5,1.0,0.9764705882352941,-0.07717910878411233
U3927@DOM1,126,1.0,0.0,12,1.0,1.0,-0.07721840586287271
U7075@DOM1,126,1.0,0.0,12,1.0,1.0,-0.07721840586287271
U8053@DOM1,183,1.0,0.0,12,1.0,1.0,-0.07724998263138538
C5381$@DOM1,223,1.0,0.0,11,1.0,0.9955156950672646,-0.07725687278309962
C3741$@DOM1,92,1.0,0.0,3,1.0,0.9891304347826086,-0.07730686161820416
U2063@DOM1,128,1.0,0.0,12,1.0,1.0,-0.07734193712294773
U507@DOM1,180,1.0,0.0,12,1.0,1.0,-0.07734567376171203
C284$@DOM1,129,1.0,0.0,6,1.0,0.9689922480620154,-0.0773521074560698
C3435$@DOM1,161,1.0,0.0,6,1.0,0.968944099378882,-0.077390363923042
C13246$@DOM1,173,1.0,0.0,5,1.0,0.976878612716763,-0.07745664907242378
U4964@DOM1,119,1.0,0.0,12,1.0,1.0,-0.07747496668433462
U2665@DOM1,119,1.0,0.0,12,1.0,1.0,-0.07747496668433462
C7668$@DOM1,299,1.0,0.0,10,1.0,0.9966555183946488,-0.07757590723542729
U2838@DOM1,118,1.0,0.0,12,1.0,1.0,-0.077685133733229
U7882@DOM1,118,1.0,0.0,12,1.0,1.0,-0.077685133733229
C2297$@DOM1,389,1.0,0.0,8,1.0,1.0,-0.07772546589935608
C1030$@DOM1,262,1.0,0.0,7,1.0,0.9809160305343512,-0.07776491528439106
U2031@DOM1,163,1.0,0.0,12,1.0,1.0,-0.07783802902109138
C2463$@DOM1,285,1.0,0.0,11,1.0,1.0,-0.07786052715543124
C685$@DOM1,60,1.0,0.0,4,1.0,0.9833333333333333,-0.07798942925750735
U6572@DOM1,142,1.0,0.0,12,1.0,1.0,-0.07805484829681075
U1369@DOM1,144,1.0,0.0,12,1.0,1.0,-0.07816183693735868
C774$@DOM1,177,1.0,0.0,6,1.0,0.9717514124293786,-0.07818479752458313
C7730$@DOM1,161,1.0,0.0,4,1.0,0.9813664596273292,-0.07821740688212309
ANONYMOUS LOGON@C1946,54,1.0,0.0,1,1.0,1.0,-0.07823169774097044
U836@DOM1,157,1.0,0.0,12,1.0,1.0,-0.07823751036135274
U3416@DOM1,157,1.0,0.0,12,1.0,1.0,-0.07823751036135274
C8005$@DOM1,280,1.0,0.0,10,1.0,0.9928571428571429,-0.07825321801901364
U3488@DOM1,156,1.0,0.0,12,1.0,1.0,-0.07825831630765279
C10716$@DOM1,174,1.0,0.0,5,1.0,0.9770114942528736,-0.07828864685514225
U5569@DOM1,162,1.0,0.0,12,1.0,1.0,-0.07834420418321192
U3534@DOM1,162,1.0,0.0,12,1.0,1.0,-0.07834420418321192
U4462@DOM1,146,1.0,0.0,12,1.0,1.0,-0.07836309906002731
C1562$@DOM1,143,1.0,0.0,7,1.0,0.972027972027972,-0.07837157562792241
U2565@DOM1,155,1.0,0.0,12,1.0,1.0,-0.07840369008781684
U310@DOM1,160,1.0,0.0,12,1.0,1.0,-0.0784322614595675
C15584$@DOM1,188,1.0,0.0,4,1.0,0.9840425531914894,-0.07845318859052303
C1340$@DOM1,221,1.0,0.0,6,1.0,0.9773755656108597,-0.07847148807032933
C9291$@DOM1,195,1.0,0.0,5,1.0,0.9794871794871794,-0.07847287706889061
U1356@DOM1,154,1.0,0.0,12,1.0,1.0,-0.07847499563054544
U731@DOM1,154,1.0,0.0,12,1.0,1.0,-0.07847499563054544
ANONYMOUS LOGON@C2645,53,1.0,0.0,1,1.0,1.0,-0.07850800830635601
C7377$@DOM1,220,1.0,0.0,11,1.0,0.9954545454545455,-0.07852080651764665
C19570$@DOM1,175,1.0,0.0,6,1.0,0.9714285714285714,-0.07856336656830809
C13331$@DOM1,175,1.0,0.0,6,1.0,0.9714285714285714,-0.07856336656830809
C17039$@DOM1,43,1.0,0.0,6,1.0,0.9767441860465116,-0.07862816686526375
U3721@DOM1,371,1.0,0.0,9,1.0,1.0,-0.07863599148366474
U665@DOM1,47,1.0,0.0,5,1.0,0.9787234042553191,-0.07880853232901547
C16500$@DOM1,125,1.0,0.0,8,1.0,0.976,-0.07884807185622866
U631@DOM1,150,1.0,0.0,12,1.0,1.0,-0.0788628600049871
SYSTEM@C1869,52,1.0,0.0,1,1.0,1.0,-0.07895514155703881
U12347@DOM1,168,1.0,0.0,2,1.0,1.0,-0.07899131840678525
C8260$@DOM1,355,1.0,0.0,5,1.0,1.0,-0.07902181707882622
C20179$@DOM1,167,1.0,0.0,8,1.0,0.9760479041916168,-0.07902760883283083
C7221$@DOM1,124,1.0,0.0,5,1.0,0.9758064516129032,-0.07904517767105013
C6955$@DOM1,219,1.0,0.0,11,1.0,0.9954337899543378,-0.07917117995656509
C18020$@DOM1,145,1.0,0.0,7,1.0,0.9724137931034482,-0.0791897744010796
C2359$@DOM1,282,1.0,0.0,11,1.0,1.0,-0.07921121299284889
C3188$@DOM1,281,1.0,0.0,11,1.0,1.0,-0.07921121299284889
C2361$@DOM1,282,1.0,0.0,11,1.0,1.0,-0.07921121299284889
C8337$@DOM1,115,1.0,0.0,7,1.0,0.9739130434782609,-0.0792534235466229
U201@DOM1,379,1.0,0.0,8,1.0,1.0,-0.07933172587434983
C20073$@DOM1,152,1.0,0.0,9,1.0,0.9802631578947368,-0.07943599034341792
C14572$@DOM1,179,1.0,0.0,6,1.0,0.9720670391061452,-0.07954484877251372
C1796$@DOM1,179,1.0,0.0,6,1.0,0.9720670391061452,-0.07954484877251372
U409@DOM1,369,1.0,0.0,9,1.0,1.0,-0.07957087027045123
U7452@DOM1,369,1.0,0.0,9,1.0,1.0,-0.07957087027045123
C13428$@DOM1,197,1.0,0.0,6,1.0,0.9746192893401016,-0.07963507552993465
C16038$@DOM1,197,1.0,0.0,6,1.0,0.9746192893401016,-0.07963507552993465
C4601$@DOM1,276,1.0,0.0,11,1.0,1.0,-0.07989282083920068
C19589$@DOM1,198,1.0,0.0,11,1.0,0.9949494949494949,-0.08006502705642271
C6899$@DOM1,169,1.0,0.0,8,1.0,0.9763313609467456,-0.08031584717706958
C19378$@DOM1,215,1.0,0.0,11,1.0,0.9953488372093023,-0.08038086374049347
C6604$@DOM1,196,1.0,0.0,11,1.0,0.9948979591836735,-0.08039842090977872
C1512$@DOM1,155,1.0,0.0,9,1.0,0.9806451612903225,-0.08053275057870746
C1461$@DOM1,155,1.0,0.0,9,1.0,0.9806451612903225,-0.08053275057870746
C940$@DOM1,155,1.0,0.0,9,1.0,0.9806451612903225,-0.08053275057870746
C989$@DOM1,202,1.0,0.0,11,1.0,0.995049504950495,-0.08065997536688674
C12074$@DOM1,202,1.0,0.0,11,1.0,0.995049504950495,-0.08065997536688674
C15351$@DOM1,203,1.0,0.0,11,1.0,0.9950738916256158,-0.08065997536688674
C10003$@DOM1,95,1.0,0.0,8,1.0,0.9789473684210527,-0.08074044642421946
C5305$@DOM1,211,1.0,0.0,11,1.0,0.995260663507109,-0.08080082069757605
C5451$@DOM1,210,1.0,0.0,11,1.0,0.9952380952380953,-0.08080806908767757
C1199$@DOM1,210,1.0,0.0,11,1.0,0.9952380952380953,-0.08080806908767757
C17122$@DOM1,213,1.0,0.0,11,1.0,0.9953051643192489,-0.08081552582434731
C4315$@DOM1,213,1.0,0.0,11,1.0,0.9953051643192489,-0.08081552582434731
C10243$@DOM1,141,1.0,0.0,11,1.0,0.9929078014184397,-0.0808232963282231
ANONYMOUS LOGON@C1893,48,1.0,0.0,1,1.0,1.0,-0.08091630429749702
LOCAL SERVICE@C18450,49,1.0,0.0,1,1.0,1.0,-0.08091630429749702
C15833$@DOM1,125,1.0,0.0,5,1.0,0.976,-0.0809416812160828
C8741$@DOM1,209,1.0,0.0,11,1.0,0.9952153110047847,-0.08105303482661974
C117$@DOM1,173,1.0,0.0,8,1.0,0.976878612716763,-0.08105512591521907
C21507$@DOM1,173,1.0,0.0,8,1.0,0.976878612716763,-0.08105512591521907
C4253$@DOM1,214,1.0,0.0,11,1.0,0.9953271028037384,-0.08118458623120234
C15365$@DOM1,192,1.0,0.0,11,1.0,0.9947916666666666,-0.08127583861248316
C4933$@DOM1,192,1.0,0.0,11,1.0,0.9947916666666666,-0.08127583861248316
C17718$@DOM1,192,1.0,0.0,11,1.0,0.9947916666666666,-0.08127583861248316
C14042$@DOM1,260,1.0,0.0,10,1.0,0.9923076923076923,-0.08134625646104449
C16239$@DOM1,190,1.0,0.0,11,1.0,0.9947368421052631,-0.08134665838219962
C14145$@DOM1,190,1.0,0.0,11,1.0,0.9947368421052631,-0.08134665838219962
C87$@DOM1,200,1.0,0.0,3,1.0,0.995,-0.0813677541030352
ANONYMOUS LOGON@C1529,47,1.0,0.0,1,1.0,1.0,-0.08141346937845051
C10252$@DOM1,267,1.0,0.0,10,1.0,0.9925093632958801,-0.08142983770960238
C10277$@DOM1,96,1.0,0.0,8,1.0,0.9791666666666666,-0.08154851200753149
C9384$@DOM1,117,1.0,0.0,7,1.0,0.9743589743589743,-0.08166318763028274
C4937$@DOM1,266,1.0,0.0,10,1.0,0.9924812030075187,-0.08170685839339015
C10049$@DOM1,235,1.0,0.0,4,1.0,0.9914893617021276,-0.08195119030913794
C1220$@DOM1,137,1.0,0.0,6,1.0,0.9708029197080292,-0.08203989765629566
C5585$@DOM1,182,1.0,0.0,11,1.0,0.9945054945054945,-0.08205344692526528
C10384$@DOM1,182,1.0,0.0,11,1.0,0.9945054945054945,-0.08205344692526528
C1964$@DOM1,158,1.0,0.0,9,1.0,0.9810126582278481,-0.08208906087782031
C8825$@DOM1,173,1.0,0.0,11,1.0,0.9942196531791907,-0.08221876727458077
C20944$@DOM1,183,1.0,0.0,11,1.0,0.994535519125683,-0.08222623001139912
C6787$@DOM1,48,1.0,0.0,7,1.0,0.9791666666666666,-0.08225143747371855
U579@DOM1,181,1.0,0.0,11,1.0,0.994475138121547,-0.08230032989359415
ANONYMOUS LOGON@C3677,46,1.0,0.0,1,1.0,1.0,-0.08231954389410706
C8972$@DOM1,166,1.0,0.0,11,1.0,0.9939759036144579,-0.08236932962928956
C1023$@DOM1,95,1.0,0.0,5,1.0,0.9789473684210527,-0.08244681824711236
ANONYMOUS LOGON@C2881,44,1.0,0.0,1,1.0,1.0,-0.08245034145591712
NETWORK SERVICE@C12894,44,1.0,0.0,1,1.0,1.0,-0.08245034145591712
U1470@DOM1,44,1.0,0.0,1,1.0,1.0,-0.08245034145591712
C15220$@DOM1,177,1.0,0.0,11,1.0,0.9943502824858758,-0.08247052509189556
C18498$@DOM1,85,1.0,0.0,7,1.0,0.9764705882352941,-0.08249464312497629
U784@DOM1,160,1.0,0.0,11,1.0,0.99375,-0.08253249016953279
C20846$@DOM1,160,1.0,0.0,11,1.0,0.99375,-0.08253249016953279
C15477$@DOM1,160,1.0,0.0,11,1.0,0.99375,-0.08253249016953279
C2899$@DOM1,175,1.0,0.0,11,1.0,0.9942857142857143,-0.08258287623623722
U492@DOM1,45,1.0,0.0,1,1.0,1.0,-0.08259157175836462
ANONYMOUS LOGON@C16926,45,1.0,0.0,1,1.0,1.0,-0.08259157175836462
C11791$@DOM1,154,1.0,0.0,2,1.0,1.0,-0.08259556869354623
C7780$@DOM1,139,1.0,0.0,6,1.0,0.9712230215827338,-0.08288263694859016
C863$@DOM1,161,1.0,0.0,9,1.0,0.9813664596273292,-0.08316584115811004
C701$@DOM1,93,1.0,0.0,5,1.0,0.978494623655914,-0.08327489466904742
C20057$@DOM1,42,1.0,0.0,1,1.0,1.0,-0.08334839586148801
NETWORK SERVICE@C6267,42,1.0,0.0,1,1.0,1.0,-0.08334839586148801
C7219$@DOM1,246,1.0,0.0,10,1.0,0.991869918699187,-0.0834301815637829
C2704$@DOM1,41,1.0,0.0,1,1.0,1.0,-0.08388732235747204
C20921$@DOM1,299,1.0,0.0,7,1.0,0.9866220735785953,-0.08393907488803665
C2844$@DOM1,155,1.0,0.0,7,1.0,0.9741935483870968,-0.08398658338592929
C629$@DOM1,121,1.0,0.0,7,1.0,0.9752066115702479,-0.08400115409360176
C3666$@DOM1,146,1.0,0.0,10,1.0,0.9863013698630136,-0.08405912689623884
C20137$@DOM1,177,1.0,0.0,8,1.0,0.9774011299435028,-0.08417238815924355
C10214$@DOM1,284,1.0,0.0,10,1.0,0.9964788732394366,-0.08428855635983973
C8698$@DOM1,170,1.0,0.0,9,1.0,0.9823529411764705,-0.08429284336048021
U646@DOM1,360,1.0,0.0,6,1.0,1.0,-0.08444725785315738
C13715$@DOM1,122,1.0,0.0,7,1.0,0.9754098360655737,-0.08451283590756242
C6326$@DOM1,177,1.0,0.0,9,1.0,0.9830508474576272,-0.08458843372437413
U6636@DOM1,263,1.0,0.0,11,1.0,1.0,-0.08466475017256014
C12095$@DOM1,263,1.0,0.0,11,1.0,1.0,-0.08466475017256014
C1966$@DOM1,282,1.0,0.0,10,1.0,0.9964539007092199,-0.08471173853393837
C2602$@DOM1,131,1.0,0.0,8,1.0,0.9770992366412213,-0.0847277375067726
C10202$@DOM1,139,1.0,0.0,2,1.0,1.0,-0.08475839525792928
NETWORK SERVICE@C12087,40,1.0,0.0,1,1.0,1.0,-0.08477354239835011
U302@DOM3,40,1.0,0.0,1,1.0,1.0,-0.08477354239835011
C803$@DOM1,169,1.0,0.0,9,1.0,0.9822485207100592,-0.08482664137551477
C415$@DOM1,120,1.0,0.0,7,1.0,0.975,-0.08484153401681954
C424$@DOM1,260,1.0,0.0,9,1.0,0.9884615384615385,-0.08497398452548194
U8911@DOM1,342,1.0,0.0,5,1.0,1.0,-0.08499516515463751
C3556$@DOM1,278,1.0,0.0,10,1.0,0.9964028776978417,-0.08506223297520532
C8030$@DOM1,168,1.0,0.0,9,1.0,0.9821428571428571,-0.08520387357752046
C5576$@DOM1,151,1.0,0.0,10,1.0,0.9867549668874173,-0.08528907670110769
C8383$@DOM1,152,1.0,0.0,10,1.0,0.9868421052631579,-0.08537279797653602
U1596@DOM1,99,1.0,0.0,8,1.0,0.9797979797979798,-0.08559622987866605
C6429$@DOM1,239,1.0,0.0,10,1.0,0.9916317991631799,-0.08559704999688961
C8092$@DOM1,239,1.0,0.0,10,1.0,0.9916317991631799,-0.08559704999688961
C14617$@DOM1,130,1.0,0.0,5,1.0,0.9769230769230769,-0.08560066982778858
C1096$@DOM1,158,1.0,0.0,7,1.0,0.9746835443037974,-0.08566927749306735
C5006$@DOM1,238,1.0,0.0,10,1.0,0.9915966386554622,-0.085808939094551
C100$@DOM1,157,1.0,0.0,10,1.0,0.9872611464968153,-0.08589704306973694
C9780$@DOM1,123,1.0,0.0,7,1.0,0.975609756097561,-0.08592411174335651
C3881$@DOM1,261,1.0,0.0,11,1.0,1.0,-0.0859621187551145
C6885$@DOM1,163,1.0,0.0,10,1.0,0.9877300613496932,-0.08596652698770851
C762$@DOM1,163,1.0,0.0,10,1.0,0.9877300613496932,-0.08596652698770851
U4144@DOM1,371,1.0,0.0,8,1.0,1.0,-0.08600593709092735
C473$@DOM1,131,1.0,0.0,5,1.0,0.9770992366412213,-0.08609922114254986
C7681$@DOM1,131,1.0,0.0,5,1.0,0.9770992366412213,-0.08609922114254986
U9485@DOM1,370,1.0,0.0,7,1.0,1.0,-0.0861601791579521
C12880$@DOM1,237,1.0,0.0,10,1.0,0.9915611814345991,-0.08618402962263616
C9400$@DOM1,227,1.0,0.0,10,1.0,0.9911894273127754,-0.08620360412256695
C310$@DOM1,176,1.0,0.0,3,1.0,0.9943181818181818,-0.08631395375412998
C16850$@DOM1,161,1.0,0.0,10,1.0,0.9875776397515528,-0.08635229223998292
C8719$@DOM1,188,1.0,0.0,8,1.0,0.9787234042553191,-0.0863832496580903
U5742@DOM1,318,1.0,0.0,10,1.0,1.0,-0.08640255666305557
C2115$@DOM1,185,1.0,0.0,8,1.0,0.9783783783783784,-0.08640296557166449
C12949$@DOM1,165,1.0,0.0,7,1.0,0.9757575757575757,-0.08658055697277639
C15480$@DOM1,208,1.0,0.0,10,1.0,0.9903846153846154,-0.08659555062776442
U6950@DOM1,198,1.0,0.0,10,1.0,0.98989898989899,-0.08660361993394783
C2533$@DOM1,123,1.0,0.0,2,1.0,1.0,-0.08661924843276425
C8791$@DOM1,201,1.0,0.0,10,1.0,0.9900497512437811,-0.08662684825547995
C6745$@DOM1,202,1.0,0.0,10,1.0,0.9900990099009901,-0.08662684825547995
C4187$@DOM1,201,1.0,0.0,10,1.0,0.9900497512437811,-0.08662684825547995
C13166$@DOM1,252,1.0,0.0,8,1.0,0.9841269841269841,-0.08663324162913083
C10675$@DOM1,207,1.0,0.0,10,1.0,0.9903381642512077,-0.08673537887147942
C4028$@DOM1,314,1.0,0.0,10,1.0,1.0,-0.08674201499136164
C4378$@DOM1,316,1.0,0.0,10,1.0,1.0,-0.08674201499136164
U9021@DOM1,367,1.0,0.0,7,1.0,1.0,-0.08678494126567837
C5489$@DOM1,307,1.0,0.0,10,1.0,1.0,-0.08679435930133461
U5213@DOM1,317,1.0,0.0,10,1.0,1.0,-0.08681191025423546
C4747$@DOM1,317,1.0,0.0,10,1.0,1.0,-0.08681191025423546
C3217$@DOM1,113,1.0,0.0,2,1.0,1.0,-0.08682773137704414
C308$@DOM1,119,1.0,0.0,4,1.0,0.9831932773109243,-0.08684642539074772
C6689$@DOM1,208,1.0,0.0,8,1.0,0.9807692307692307,-0.08685306709856333
C13436$@DOM1,207,1.0,0.0,8,1.0,0.9806763285024155,-0.08685306709856333
C15811$@DOM1,127,1.0,0.0,2,1.0,1.0,-0.08690954870552148
C16021$@DOM1,197,1.0,0.0,10,1.0,0.9898477157360406,-0.08697266954298744
C14642$@DOM1,197,1.0,0.0,10,1.0,0.9898477157360406,-0.08697266954298744
C6542$@DOM1,197,1.0,0.0,10,1.0,0.9898477157360406,-0.08697266954298744
C19221$@DOM1,223,1.0,0.0,10,1.0,0.9910313901345291,-0.08699202381169951
C1155$@DOM1,205,1.0,0.0,10,1.0,0.9902439024390244,-0.08701379559559486
C402$@DOM1,186,1.0,0.0,8,1.0,0.978494623655914,-0.08701514555965406
LOCAL SERVICE@C2377,38,1.0,0.0,1,1.0,1.0,-0.08701976590053734
NETWORK SERVICE@C12820,38,1.0,0.0,1,1.0,1.0,-0.08701976590053734
NETWORK SERVICE@C13823,38,1.0,0.0,1,1.0,1.0,-0.08701976590053734
NETWORK SERVICE@C12602,38,1.0,0.0,1,1.0,1.0,-0.08701976590053734
C6108$@DOM1,104,1.0,0.0,2,1.0,1.0,-0.08702139372212403
C4260$@DOM1,231,1.0,0.0,10,1.0,0.9913419913419913,-0.08702317079231275
C13913$@DOM1,122,1.0,0.0,2,1.0,1.0,-0.0870530535691596
C12027$@DOM1,126,1.0,0.0,2,1.0,1.0,-0.08708168524223625
C4740$@DOM1,126,1.0,0.0,2,1.0,1.0,-0.08708168524223625
C8365$@DOM1,220,1.0,0.0,4,1.0,0.990909090909091,-0.08711375256704668
C13197$@DOM1,210,1.0,0.0,10,1.0,0.9904761904761905,-0.08715888163978536
C10561$@DOM1,204,1.0,0.0,10,1.0,0.9901960784313726,-0.08719057326057467
C449$@DOM1,169,1.0,0.0,10,1.0,0.9881656804733728,-0.08724503638506287
C9246$@DOM1,196,1.0,0.0,8,1.0,0.9795918367346939,-0.08724648974713256
C8192$@DOM1,196,1.0,0.0,8,1.0,0.9795918367346939,-0.08724648974713256
C19662$@DOM1,196,1.0,0.0,8,1.0,0.9795918367346939,-0.08724648974713256
C1339$@DOM1,196,1.0,0.0,8,1.0,0.9795918367346939,-0.08724648974713256
C11578$@DOM1,179,1.0,0.0,9,1.0,0.9832402234636871,-0.08725735143752272
C12172$@DOM1,194,1.0,0.0,10,1.0,0.9896907216494846,-0.08725953324971686
C5609$@DOM1,196,1.0,0.0,10,1.0,0.9897959183673469,-0.0873537702217746
C7310$@DOM1,106,1.0,0.0,2,1.0,1.0,-0.08739838242130643
C3840$@DOM1,105,1.0,0.0,2,1.0,1.0,-0.08739838242130643
C5448$@DOM1,106,1.0,0.0,2,1.0,1.0,-0.08739838242130643
C12541$@DOM1,106,1.0,0.0,2,1.0,1.0,-0.08739838242130643
C18533$@DOM1,193,1.0,0.0,10,1.0,0.9896373056994818,-0.08743796205100235
C6312$@DOM1,234,1.0,0.0,10,1.0,0.9914529914529915,-0.08745575446069637
C593$@DOM1,185,1.0,0.0,10,1.0,0.9891891891891892,-0.08748462358296177
C15511$@DOM1,248,1.0,0.0,8,1.0,0.9838709677419355,-0.08755308889410784
C3647$@DOM1,177,1.0,0.0,10,1.0,0.9887005649717514,-0.08764285549269091
C14709$@DOM1,192,1.0,0.0,10,1.0,0.9895833333333334,-0.08765205166202616
U9520@DOM1,347,1.0,0.0,6,1.0,1.0,-0.08766904341636178
C19120$@DOM1,94,1.0,0.0,2,1.0,1.0,-0.08767038624515872
C21511$@DOM1,94,1.0,0.0,2,1.0,1.0,-0.08767038624515872
C12048$@DOM1,173,1.0,0.0,10,1.0,0.9884393063583815,-0.08769050710823362
C13600$@DOM1,173,1.0,0.0,10,1.0,0.9884393063583815,-0.08769050710823362
C4837$@DOM1,90,1.0,0.0,2,1.0,1.0,-0.08770342787166568
C2690$@DOM1,96,1.0,0.0,2,1.0,1.0,-0.08775458619278276
C18796$@DOM1,167,1.0,0.0,10,1.0,0.9880239520958084,-0.08776182765050483
C1034$@DOM1,180,1.0,0.0,9,1.0,0.9833333333333333,-0.08781329303361024
C4869$@DOM1,180,1.0,0.0,9,1.0,0.9833333333333333,-0.08781329303361024
C4990$@DOM1,100,1.0,0.0,2,1.0,1.0,-0.08783626734479671
C9599$@DOM1,172,1.0,0.0,10,1.0,0.9883720930232558,-0.08783934051267034
C7476$@DOM1,228,1.0,0.0,8,1.0,0.9824561403508771,-0.08783994806619694
C18798$@DOM1,210,1.0,0.0,8,1.0,0.9809523809523809,-0.08784163995739241
C2692$@DOM1,115,1.0,0.0,2,1.0,1.0,-0.08784516893743771
C7346$@DOM1,188,1.0,0.0,10,1.0,0.9893617021276596,-0.08785866058609032
U750@DOM1,47,1.0,0.0,6,1.0,0.9787234042553191,-0.08786246143950127
C9500$@DOM1,36,1.0,0.0,1,1.0,1.0,-0.08786463875689099
U7971@DOM1,36,1.0,0.0,1,1.0,1.0,-0.08786463875689099
NETWORK SERVICE@C15136,36,1.0,0.0,1,1.0,1.0,-0.08786463875689099
C13532$@DOM1,36,1.0,0.0,1,1.0,1.0,-0.08786463875689099
ANONYMOUS LOGON@C3245,36,1.0,0.0,1,1.0,1.0,-0.08786463875689099
C918$@DOM1,202,1.0,0.0,8,1.0,0.9801980198019802,-0.08786841638529214
C14061$@DOM1,150,1.0,0.0,6,1.0,0.9733333333333334,-0.08788645994532457
C9733$@DOM1,187,1.0,0.0,10,1.0,0.9893048128342246,-0.08790674756952399
C10476$@DOM1,99,1.0,0.0,2,1.0,1.0,-0.0879204334185989
C3755$@DOM1,136,1.0,0.0,8,1.0,0.9779411764705882,-0.08796598706133318
C8571$@DOM1,180,1.0,0.0,10,1.0,0.9888888888888889,-0.08798639687217397
C15527$@DOM1,180,1.0,0.0,10,1.0,0.9888888888888889,-0.08798639687217397
C6918$@DOM1,220,1.0,0.0,10,1.0,0.990909090909091,-0.08801115999238723
C10357$@DOM1,176,1.0,0.0,10,1.0,0.9886363636363636,-0.08804516383883065
C20488$@DOM1,176,1.0,0.0,10,1.0,0.9886363636363636,-0.08804516383883065
C19795$@DOM1,102,1.0,0.0,2,1.0,1.0,-0.08807954046494532
C11346$@DOM1,102,1.0,0.0,2,1.0,1.0,-0.08807954046494532
C21676$@DOM1,108,1.0,0.0,2,1.0,1.0,-0.08810171936954575
C2960$@DOM1,108,1.0,0.0,2,1.0,1.0,-0.08810171936954575
C907$@DOM1,171,1.0,0.0,10,1.0,0.9883040935672515,-0.08812143587398541
C13262$@DOM1,171,1.0,0.0,10,1.0,0.9883040935672515,-0.08812143587398541
C12384$@DOM1,101,1.0,0.0,2,1.0,1.0,-0.08831128516190512
C802$@DOM1,120,1.0,0.0,9,1.0,0.9833333333333333,-0.08837888016493373
C11443$@DOM1,247,1.0,0.0,5,1.0,0.9878542510121457,-0.08838257983794245
C8402$@DOM1,122,1.0,0.0,3,1.0,0.9918032786885246,-0.08844811587580875
C6039$@DOM1,151,1.0,0.0,6,1.0,0.9735099337748344,-0.08849723292390971
C908$@DOM1,168,1.0,0.0,7,1.0,0.9761904761904762,-0.08850795233187153
C502$@DOM1,168,1.0,0.0,7,1.0,0.9761904761904762,-0.08850795233187153
C5778$@DOM1,168,1.0,0.0,7,1.0,0.9761904761904762,-0.08850795233187153
C4481$@DOM1,118,1.0,0.0,2,1.0,1.0,-0.0885123369574386
C11623$@DOM1,204,1.0,0.0,8,1.0,0.9803921568627451,-0.08853863358486536
C2829$@DOM1,84,1.0,0.0,2,1.0,1.0,-0.08862243793714686
C16871$@DOM1,48,1.0,0.0,6,1.0,0.9791666666666666,-0.08866466089893082
C16663$@DOM1,181,1.0,0.0,9,1.0,0.9834254143646409,-0.08866800902474731
C293$@DOM1,253,1.0,0.0,6,1.0,0.9841897233201581,-0.08870326365795139
C3290$@DOM1,139,1.0,0.0,8,1.0,0.9784172661870504,-0.08874350896122002
C17725$@DOM1,314,1.0,0.0,9,1.0,0.9968152866242038,-0.08876578361428528
C8776$@DOM1,215,1.0,0.0,4,1.0,0.9906976744186047,-0.08887604150080597
C18191$@DOM1,80,1.0,0.0,2,1.0,1.0,-0.08897067480014698
C20460$@DOM1,153,1.0,0.0,6,1.0,0.9738562091503268,-0.08900299499053854
C8096$@DOM1,87,1.0,0.0,2,1.0,1.0,-0.08901816661165951
C21635$@DOM1,87,1.0,0.0,2,1.0,1.0,-0.08901816661165951
U1591@DOM1,68,1.0,0.0,9,1.0,0.9852941176470589,-0.08906820448364333
C318$@DOM1,139,1.0,0.0,5,1.0,0.9784172661870504,-0.08907550427277355
U377@DOM1,74,1.0,0.0,2,1.0,1.0,-0.08913131930642304
ANONYMOUS LOGON@C3149,33,1.0,0.0,1,1.0,1.0,-0.08916005115535691
ANONYMOUS LOGON@C3432,34,1.0,0.0,1,1.0,1.0,-0.08928156668431136
C834$@DOM1,87,1.0,0.0,6,1.0,0.9770114942528736,-0.08930126878996669
C12311$@DOM1,140,1.0,0.0,5,1.0,0.9785714285714285,-0.08935343613006236
C1242$@DOM1,141,1.0,0.0,5,1.0,0.9787234042553191,-0.08935343613006236
C15326$@DOM1,172,1.0,0.0,7,1.0,0.9767441860465116,-0.08939121085180679
C7889$@DOM1,211,1.0,0.0,4,1.0,0.990521327014218,-0.08957078678900104
C385$@DOM1,102,1.0,0.0,8,1.0,0.9803921568627451,-0.08957158757078187
C211$@DOM1,170,1.0,0.0,7,1.0,0.9764705882352941,-0.08957162518553097
C824$@DOM1,142,1.0,0.0,5,1.0,0.9788732394366197,-0.08961265078334757
C13696$@DOM1,142,1.0,0.0,5,1.0,0.9788732394366197,-0.08961265078334757
C1541$@DOM1,123,1.0,0.0,4,1.0,0.983739837398374,-0.08967206974689707
C16809$@DOM1,301,1.0,0.0,10,1.0,1.0,-0.08979483900818402
C4219$@DOM1,301,1.0,0.0,10,1.0,1.0,-0.08979483900818402
C8477$@DOM1,183,1.0,0.0,9,1.0,0.9836065573770492,-0.08983095017633763
C16048$@DOM1,154,1.0,0.0,6,1.0,0.974025974025974,-0.08983805761607011
C5429$@DOM1,154,1.0,0.0,6,1.0,0.974025974025974,-0.08983805761607011
C10283$@DOM1,266,1.0,0.0,10,1.0,0.9962406015037594,-0.08996986524172618
C881$@DOM1,140,1.0,0.0,8,1.0,0.9785714285714285,-0.08998037414262589
C11873$@DOM1,140,1.0,0.0,8,1.0,0.9785714285714285,-0.08998037414262589
C1520$@DOM1,189,1.0,0.0,9,1.0,0.9841269841269841,-0.09001551288416265
C331$@DOM1,124,1.0,0.0,4,1.0,0.9838709677419355,-0.09001791194694408
C14166$@DOM1,124,1.0,0.0,4,1.0,0.9838709677419355,-0.09001791194694408
C2805$@DOM1,298,1.0,0.0,10,1.0,1.0,-0.09004259395509179
C3116$@DOM1,298,1.0,0.0,10,1.0,1.0,-0.09004259395509179
C3386$@DOM1,300,1.0,0.0,10,1.0,1.0,-0.09004259395509179
C14907$@DOM1,54,1.0,0.0,5,1.0,0.9814814814814815,-0.0902104448934139
C10856$@DOM1,103,1.0,0.0,8,1.0,0.9805825242718447,-0.09026299147149891
C6758$@DOM1,142,1.0,0.0,8,1.0,0.9788732394366197,-0.09026579504114413
C5979$@DOM1,163,1.0,0.0,6,1.0,0.9754601226993865,-0.09036185128609148
C21265$@DOM1,240,1.0,0.0,11,1.0,1.0,-0.09043108446814396
C10531$@DOM1,143,1.0,0.0,8,1.0,0.9790209790209791,-0.09044399640256845
C10880$@DOM1,166,1.0,0.0,6,1.0,0.9759036144578314,-0.0904771588662388
C12222$@DOM1,122,1.0,0.0,6,1.0,0.9754098360655737,-0.09049290482160738
C13168$@DOM1,244,1.0,0.0,5,1.0,0.9877049180327869,-0.0905570083034068
C20$@DOM1,122,1.0,0.0,9,1.0,0.9836065573770492,-0.09061947612085958
C3665$@DOM1,131,1.0,0.0,3,1.0,0.9923664122137404,-0.09063092822075669
NETWORK SERVICE@C4273,31,1.0,0.0,1,1.0,1.0,-0.09067159696991234
NETWORK SERVICE@C16787,31,1.0,0.0,1,1.0,1.0,-0.09067159696991234
C5563$@DOM1,16,1.0,0.0,2,1.0,1.0,-0.09067816617615942
C5600$@DOM1,16,1.0,0.0,2,1.0,1.0,-0.09067816617615942
U6283@DOM1,16,1.0,0.0,2,1.0,1.0,-0.09067816617615942
C5610$@DOM1,16,1.0,0.0,2,1.0,1.0,-0.09067816617615942
U10263@DOM1,15,1.0,0.0,2,1.0,1.0,-0.09071786892235967
U7525@DOM1,15,1.0,0.0,2,1.0,1.0,-0.09071786892235967
C5649$@DOM1,14,1.0,0.0,2,1.0,1.0,-0.09075015777483275
U5981@DOM1,14,1.0,0.0,2,1.0,1.0,-0.09075015777483275
U689@DOM1,62,1.0,0.0,2,1.0,1.0,-0.09079636163606863
U3326@DOM1,62,1.0,0.0,2,1.0,1.0,-0.09079636163606863
C10925$@DOM1,243,1.0,0.0,5,1.0,0.9876543209876543,-0.09086089264927383
C16951$@DOM1,160,1.0,0.0,6,1.0,0.975,-0.09086334338454893
C1504$@DOM1,164,1.0,0.0,6,1.0,0.975609756097561,-0.09086630625686798
C621$@DOM1,81,1.0,0.0,4,1.0,0.9876543209876543,-0.09088813340119412
U93@DOM1,63,1.0,0.0,2,1.0,1.0,-0.0908982977082246
U5854@DOM1,63,1.0,0.0,2,1.0,1.0,-0.0908982977082246
NETWORK SERVICE@C2956,30,1.0,0.0,1,1.0,1.0,-0.09097378893139563
NETWORK SERVICE@C8548,30,1.0,0.0,1,1.0,1.0,-0.09097378893139563
ANONYMOUS LOGON@C1624,30,1.0,0.0,1,1.0,1.0,-0.09097378893139563
NETWORK SERVICE@C6184,30,1.0,0.0,1,1.0,1.0,-0.09097378893139563
NETWORK SERVICE@C4481,30,1.0,0.0,1,1.0,1.0,-0.09097378893139563
C18586$@DOM1,261,1.0,0.0,10,1.0,0.9961685823754789,-0.0910237374297635
C11194$@DOM1,161,1.0,0.0,6,1.0,0.9751552795031055,-0.0911544084589061
C21165$@DOM1,84,1.0,0.0,4,1.0,0.9880952380952381,-0.09115698894829333
U9498@DOM1,60,1.0,0.0,2,1.0,1.0,-0.09123600988306729
C309$@DOM1,167,1.0,0.0,6,1.0,0.9760479041916168,-0.0912628803784053
C18121$@DOM1,207,1.0,0.0,9,1.0,0.9855072463768116,-0.09126888699640756
C4631$@DOM1,303,1.0,0.0,7,1.0,0.9900990099009901,-0.09127272497500016
C19481$@DOM1,128,1.0,0.0,7,1.0,0.9765625,-0.09131805375003982
U1353@DOM1,339,1.0,0.0,6,1.0,1.0,-0.09135717776654267
C18935$@DOM1,199,1.0,0.0,4,1.0,0.9899497487437185,-0.09149475196277096
C15139$@DOM1,218,1.0,0.0,9,1.0,0.9862385321100917,-0.09159493802448926
U7866@DOM1,57,1.0,0.0,2,1.0,1.0,-0.09161942512454163
C19489$@DOM1,198,1.0,0.0,9,1.0,0.9848484848484849,-0.0916984703588059
C13264$@DOM1,198,1.0,0.0,9,1.0,0.9848484848484849,-0.0916984703588059
C13443$@DOM1,168,1.0,0.0,6,1.0,0.9761904761904762,-0.09174924288555658
C8109$@DOM1,146,1.0,0.0,5,1.0,0.9794520547945206,-0.09176276234020886
C8994$@DOM1,146,1.0,0.0,5,1.0,0.9794520547945206,-0.09176276234020886
C7525$@DOM1,303,1.0,0.0,9,1.0,0.9966996699669967,-0.09179414817103587
U346@DOM1,56,1.0,0.0,2,1.0,1.0,-0.09182515194333568
U6392@DOM1,56,1.0,0.0,2,1.0,1.0,-0.09182515194333568
C977$@DOM1,157,1.0,0.0,3,1.0,0.9936305732484076,-0.09188997058409781
C5619$@DOM1,21,1.0,0.0,2,1.0,1.0,-0.09190310139892377
U3360@DOM1,21,1.0,0.0,2,1.0,1.0,-0.09190310139892377
U1395@DOM1,21,1.0,0.0,2,1.0,1.0,-0.09190310139892377
C13851$@DOM1,127,1.0,0.0,4,1.0,0.984251968503937,-0.09192258069665804
C13785$@DOM1,127,1.0,0.0,4,1.0,0.984251968503937,-0.09192258069665804
C9305$@DOM1,259,1.0,0.0,10,1.0,0.9961389961389961,-0.0919242384028014
U3858@DOM1,13,1.0,0.0,2,1.0,1.0,-0.09194138479969832
C18330$@DOM1,219,1.0,0.0,9,1.0,0.9863013698630136,-0.09200890112054233
C11611$@DOM1,219,1.0,0.0,9,1.0,0.9863013698630136,-0.09200890112054233
U5524@DOM1,294,1.0,0.0,10,1.0,1.0,-0.09201388237999802
C4472$@DOM1,24,1.0,0.0,2,1.0,1.0,-0.09214013621694733
C5598$@DOM1,24,1.0,0.0,2,1.0,1.0,-0.09214013621694733
U6488@DOM1,24,1.0,0.0,2,1.0,1.0,-0.09214013621694733
U7347@DOM1,231,1.0,0.0,11,1.0,1.0,-0.09216543811727862
C12983$@DOM1,231,1.0,0.0,11,1.0,1.0,-0.09216543811727862
C5623$@DOM1,12,1.0,0.0,2,1.0,1.0,-0.09217229622265133
C13829$@DOM1,253,1.0,0.0,7,1.0,0.9841897233201581,-0.09225978739688778
NETWORK SERVICE@C3274,29,1.0,0.0,1,1.0,1.0,-0.09228608791301823
NETWORK SERVICE@C2424,29,1.0,0.0,1,1.0,1.0,-0.09228608791301823
NETWORK SERVICE@C21545,29,1.0,0.0,1,1.0,1.0,-0.09228608791301823
NETWORK SERVICE@C4319,29,1.0,0.0,1,1.0,1.0,-0.09228608791301823
C12682$@DOM1,169,1.0,0.0,6,1.0,0.9763313609467456,-0.09231051056752398
C2228$@DOM1,26,1.0,0.0,2,1.0,1.0,-0.09232629846288765
C4489$@DOM1,26,1.0,0.0,2,1.0,1.0,-0.09232629846288765
U8726@DOM1,26,1.0,0.0,2,1.0,1.0,-0.09232629846288765
U6517@DOM1,26,1.0,0.0,2,1.0,1.0,-0.09232629846288765
U2524@DOM1,26,1.0,0.0,2,1.0,1.0,-0.09232629846288765
C2877$@DOM1,170,1.0,0.0,6,1.0,0.9764705882352941,-0.09236518166293811
U6702@DOM1,20,1.0,0.0,2,1.0,1.0,-0.09237833849080018
U1039@DOM1,20,1.0,0.0,2,1.0,1.0,-0.09237833849080018
C5641$@DOM1,20,1.0,0.0,2,1.0,1.0,-0.09237833849080018
C4806$@DOM1,20,1.0,0.0,2,1.0,1.0,-0.09237833849080018
U2215@DOM1,20,1.0,0.0,2,1.0,1.0,-0.09237833849080018
U2648@DOM1,20,1.0,0.0,2,1.0,1.0,-0.09237833849080018
C14895$@DOM1,206,1.0,0.0,9,1.0,0.9854368932038835,-0.09241449724469702
U9453@DOM1,358,1.0,0.0,8,1.0,1.0,-0.09242329901766094
U304@DOM1,358,1.0,0.0,8,1.0,1.0,-0.09242329901766094
C5643$@DOM1,25,1.0,0.0,2,1.0,1.0,-0.09244698268174001
U407@DOM1,25,1.0,0.0,2,1.0,1.0,-0.09244698268174001
U6888@DOM1,25,1.0,0.0,2,1.0,1.0,-0.09244698268174001
U353@DOM1,22,1.0,0.0,2,1.0,1.0,-0.09245272826167089
C15438$@DOM1,148,1.0,0.0,5,1.0,0.9797297297297297,-0.09253364219430388
U9560@DOM1,23,1.0,0.0,2,1.0,1.0,-0.09255878478402196
C5430$@DOM1,23,1.0,0.0,2,1.0,1.0,-0.09255878478402196
U9295@DOM1,23,1.0,0.0,2,1.0,1.0,-0.09255878478402196
C3787$@DOM1,234,1.0,0.0,11,1.0,1.0,-0.09258634057416032
C10269$@DOM1,255,1.0,0.0,10,1.0,0.996078431372549,-0.09259634927725241
C8705$@DOM1,176,1.0,0.0,7,1.0,0.9772727272727273,-0.09261034253784717
U8718@DOM1,340,1.0,0.0,9,1.0,1.0,-0.09264032290044816
C9443$@DOM1,284,1.0,0.0,4,1.0,1.0,-0.0926490785825283
U503@DOM1,54,1.0,0.0,2,1.0,1.0,-0.09269068928382423
U8690@DOM1,54,1.0,0.0,2,1.0,1.0,-0.09269068928382423
U846@DOM1,342,1.0,0.0,9,1.0,1.0,-0.09270922056909092
C6901$@DOM1,173,1.0,0.0,6,1.0,0.976878612716763,-0.0927120619844865
C8629$@DOM1,133,1.0,0.0,4,1.0,0.9849624060150376,-0.09272033214522168
C13431$@DOM1,147,1.0,0.0,5,1.0,0.9795918367346939,-0.09275499163600492
C11204$@DOM1,147,1.0,0.0,5,1.0,0.9795918367346939,-0.09275499163600492
C8069$@DOM1,204,1.0,0.0,9,1.0,0.9852941176470589,-0.09278991156679345
U8457@DOM1,290,1.0,0.0,10,1.0,1.0,-0.09284391997685726
C8625$@DOM1,258,1.0,0.0,7,1.0,0.9844961240310077,-0.09286489545831295
U3992@DOM1,357,1.0,0.0,8,1.0,1.0,-0.09295511472367018
C710$@DOM1,236,1.0,0.0,7,1.0,0.9830508474576272,-0.09303081980038708
U88@DOM1,307,1.0,0.0,6,1.0,0.996742671009772,-0.09307509949529413
C7997$@DOM1,105,1.0,0.0,5,1.0,0.9809523809523809,-0.09307732679823111
C4843$@DOM1,230,1.0,0.0,11,1.0,1.0,-0.09309855953056118
C9434$@DOM1,289,1.0,0.0,9,1.0,0.9930795847750865,-0.09310671364257944
C4845$@DOM1,149,1.0,0.0,5,1.0,0.9798657718120806,-0.09314565563016625
U3084@DOM1,49,1.0,0.0,2,1.0,1.0,-0.09325175524194979
U1869@DOM1,49,1.0,0.0,2,1.0,1.0,-0.09325175524194979
C5949$@DOM1,48,1.0,0.0,2,1.0,1.0,-0.09325175524194979
C4810$@DOM1,289,1.0,0.0,10,1.0,1.0,-0.09325970680691609
C20420$@DOM1,130,1.0,0.0,4,1.0,0.9846153846153847,-0.09326947294763394
U7406@DOM1,47,1.0,0.0,2,1.0,1.0,-0.09333481544369693
U1483@DOM1,73,1.0,0.0,9,1.0,0.9863013698630136,-0.09333515134605214
C1511$@DOM1,288,1.0,0.0,9,1.0,0.9930555555555556,-0.09344048998119081
C12286$@DOM1,252,1.0,0.0,10,1.0,0.996031746031746,-0.09344771129408375
U2111@DOM1,29,1.0,0.0,2,1.0,1.0,-0.09354304869543262
U1381@DOM1,37,1.0,0.0,2,1.0,1.0,-0.09357332708528282
U7370@DOM1,46,1.0,0.0,2,1.0,1.0,-0.09357391551339966
U4843@DOM1,44,1.0,0.0,2,1.0,1.0,-0.09357391551339966
C3871$@DOM1,44,1.0,0.0,2,1.0,1.0,-0.09357391551339966
U7520@DOM1,46,1.0,0.0,2,1.0,1.0,-0.09357391551339966
U7641@DOM1,46,1.0,0.0,2,1.0,1.0,-0.09357391551339966
C3338$@DOM1,46,1.0,0.0,2,1.0,1.0,-0.09357391551339966
U6930@DOM1,43,1.0,0.0,2,1.0,1.0,-0.09357817843086419
U6852@DOM1,43,1.0,0.0,2,1.0,1.0,-0.09357817843086419
U3647@DOM1,43,1.0,0.0,2,1.0,1.0,-0.09357817843086419
U8505@DOM1,43,1.0,0.0,2,1.0,1.0,-0.09357817843086419
C61$@DOM1,145,1.0,0.0,8,1.0,0.9793103448275862,-0.09360573869171368
U5639@DOM1,227,1.0,0.0,11,1.0,1.0,-0.09365245924315652
C49$@DOM1,227,1.0,0.0,11,1.0,1.0,-0.09365245924315652
U595@DOM1,227,1.0,0.0,11,1.0,1.0,-0.09365245924315652
C10187$@DOM1,181,1.0,0.0,7,1.0,0.9779005524861878,-0.09365671388791968
C14351$@DOM1,181,1.0,0.0,7,1.0,0.9779005524861878,-0.09365671388791968
U6215@DOM1,288,1.0,0.0,10,1.0,1.0,-0.09367634808924746
C19071$@DOM1,134,1.0,0.0,4,1.0,0.9850746268656716,-0.09367759703180317
C14247$@DOM1,251,1.0,0.0,10,1.0,0.9960159362549801,-0.09368804387411805
NETWORK SERVICE@C6881,28,1.0,0.0,1,1.0,1.0,-0.09370585870231868
ANONYMOUS LOGON@C15857,28,1.0,0.0,1,1.0,1.0,-0.09370585870231868
NETWORK SERVICE@C13070,28,1.0,0.0,1,1.0,1.0,-0.09370585870231868
ANONYMOUS LOGON@C15068,28,1.0,0.0,1,1.0,1.0,-0.09370585870231868
NETWORK SERVICE@C12856,28,1.0,0.0,1,1.0,1.0,-0.09370585870231868
NETWORK SERVICE@C15990,28,1.0,0.0,1,1.0,1.0,-0.09370585870231868
NETWORK SERVICE@C6427,28,1.0,0.0,1,1.0,1.0,-0.09370585870231868
NETWORK SERVICE@C3089,28,1.0,0.0,1,1.0,1.0,-0.09370585870231868
U499@C631,28,1.0,0.0,1,1.0,1.0,-0.09370585870231868
NETWORK SERVICE@C3840,28,1.0,0.0,1,1.0,1.0,-0.09370585870231868
NETWORK SERVICE@C9197,28,1.0,0.0,1,1.0,1.0,-0.09370585870231868
NETWORK SERVICE@C8068,28,1.0,0.0,1,1.0,1.0,-0.09370585870231868
NETWORK SERVICE@C3672,28,1.0,0.0,1,1.0,1.0,-0.09370585870231868
NETWORK SERVICE@C4269,28,1.0,0.0,1,1.0,1.0,-0.09370585870231868
ANONYMOUS LOGON@C1786,28,1.0,0.0,1,1.0,1.0,-0.09370585870231868
NETWORK SERVICE@C19438,28,1.0,0.0,1,1.0,1.0,-0.09370585870231868
NETWORK SERVICE@C19583,28,1.0,0.0,1,1.0,1.0,-0.09370585870231868
NETWORK SERVICE@C14066,28,1.0,0.0,1,1.0,1.0,-0.09370585870231868
NETWORK SERVICE@C8377,28,1.0,0.0,1,1.0,1.0,-0.09370585870231868
ANONYMOUS LOGON@C2008,28,1.0,0.0,1,1.0,1.0,-0.09370585870231868
NETWORK SERVICE@C20787,28,1.0,0.0,1,1.0,1.0,-0.09370585870231868
NETWORK SERVICE@C11902,28,1.0,0.0,1,1.0,1.0,-0.09370585870231868
NETWORK SERVICE@C3252,28,1.0,0.0,1,1.0,1.0,-0.09370585870231868
NETWORK SERVICE@C7516,28,1.0,0.0,1,1.0,1.0,-0.09370585870231868
C852$@DOM1,179,1.0,0.0,7,1.0,0.9776536312849162,-0.09371406294943513
U10012@DOM1,10,1.0,0.0,2,1.0,1.0,-0.09372111509094577
U419@DOM1,10,1.0,0.0,2,1.0,1.0,-0.09372111509094577
C5657$@DOM1,10,1.0,0.0,2,1.0,1.0,-0.09372111509094577
U5317@DOM1,10,1.0,0.0,2,1.0,1.0,-0.09372111509094577
U5715@DOM1,10,1.0,0.0,2,1.0,1.0,-0.09372111509094577
C3313$@DOM1,31,1.0,0.0,2,1.0,1.0,-0.0937476512830937
U7773@DOM1,31,1.0,0.0,2,1.0,1.0,-0.0937476512830937
U1415@DOM1,42,1.0,0.0,2,1.0,1.0,-0.09379239202651857
U1420@DOM1,42,1.0,0.0,2,1.0,1.0,-0.09379239202651857
U5443@DOM1,42,1.0,0.0,2,1.0,1.0,-0.09379239202651857
U7729@DOM1,42,1.0,0.0,2,1.0,1.0,-0.09379239202651857
U2633@DOM1,42,1.0,0.0,2,1.0,1.0,-0.09379239202651857
C825$@DOM1,249,1.0,0.0,10,1.0,0.9959839357429718,-0.09382455693962638
C18815$@DOM1,249,1.0,0.0,10,1.0,0.9959839357429718,-0.09382455693962638
C193$@DOM1,354,1.0,0.0,7,1.0,1.0,-0.09383481437800018
C583$@DOM1,95,1.0,0.0,6,1.0,0.9789473684210527,-0.09388640981331353
U7399@DOM1,40,1.0,0.0,2,1.0,1.0,-0.09390182599063607
C9142$@DOM1,176,1.0,0.0,6,1.0,0.9772727272727273,-0.09392432458865946
C12773$@DOM1,146,1.0,0.0,8,1.0,0.9794520547945206,-0.09397762935523257
U1796@DOM1,27,1.0,0.0,2,1.0,1.0,-0.09400400746587817
C4822$@DOM1,27,1.0,0.0,2,1.0,1.0,-0.09400400746587817
C5660$@DOM1,27,1.0,0.0,2,1.0,1.0,-0.09400400746587817
U7677@DOM1,27,1.0,0.0,2,1.0,1.0,-0.09400400746587817
U6736@DOM1,27,1.0,0.0,2,1.0,1.0,-0.09400400746587817
C5596$@DOM1,41,1.0,0.0,2,1.0,1.0,-0.09402899653510216
C2281$@DOM1,41,1.0,0.0,2,1.0,1.0,-0.09402899653510216
C15045$@DOM1,98,1.0,0.0,7,1.0,0.9795918367346939,-0.09405185271607763
U9345@DOM1,36,1.0,0.0,2,1.0,1.0,-0.09410996113694536
C17521$@DOM1,224,1.0,0.0,11,1.0,1.0,-0.09413027759944798
C3046$@DOM1,224,1.0,0.0,11,1.0,1.0,-0.09413027759944798
U5190@DOM1,32,1.0,0.0,2,1.0,1.0,-0.09415336981980932
U5896@DOM1,38,1.0,0.0,2,1.0,1.0,-0.09415443003906371
U940@DOM9,2,1.0,0.0,2,1.0,1.0,-0.09422131317488425
U5295@DOM1,2,1.0,0.0,2,1.0,1.0,-0.09422131317488425
U7718@DOM1,2,1.0,0.0,2,1.0,1.0,-0.09422131317488425
U267@DOM1,2,1.0,0.0,2,1.0,1.0,-0.09422131317488425
U10440@DOM1,2,1.0,0.0,2,1.0,1.0,-0.09422131317488425
U4171@DOM1,2,1.0,0.0,2,1.0,1.0,-0.09422131317488425
U5087@DOM9,2,1.0,0.0,2,1.0,1.0,-0.09422131317488425
U6922@DOM1,2,1.0,0.0,2,1.0,1.0,-0.09422131317488425
U11613@DOM1,2,1.0,0.0,2,1.0,1.0,-0.09422131317488425
U3830@DOM1,2,1.0,0.0,2,1.0,1.0,-0.09422131317488425
U6541@DOM1,2,1.0,0.0,2,1.0,1.0,-0.09422131317488425
U7228@DOM1,2,1.0,0.0,2,1.0,1.0,-0.09422131317488425
U5115@DOM1,2,1.0,0.0,2,1.0,1.0,-0.09422131317488425
U5603@DOM1,2,1.0,0.0,2,1.0,1.0,-0.09422131317488425
U7231@DOM1,2,1.0,0.0,2,1.0,1.0,-0.09422131317488425
U3987@DOM1,2,1.0,0.0,2,1.0,1.0,-0.09422131317488425
U10726@DOM1,2,1.0,0.0,2,1.0,1.0,-0.09422131317488425
U1605@DOM1,2,1.0,0.0,2,1.0,1.0,-0.09422131317488425
U6338@DOM1,2,1.0,0.0,2,1.0,1.0,-0.09422131317488425
U6245@DOM1,2,1.0,0.0,2,1.0,1.0,-0.09422131317488425
U6413@DOM1,2,1.0,0.0,2,1.0,1.0,-0.09422131317488425
U5087@DOM1,28,1.0,0.0,2,1.0,1.0,-0.09426805445131864
C2282$@DOM1,28,1.0,0.0,2,1.0,1.0,-0.09426805445131864
C4625$@DOM1,28,1.0,0.0,2,1.0,1.0,-0.09426805445131864
U1104@DOM1,28,1.0,0.0,2,1.0,1.0,-0.09426805445131864
U2023@DOM1,28,1.0,0.0,2,1.0,1.0,-0.09426805445131864
C5465$@DOM1,35,1.0,0.0,2,1.0,1.0,-0.09427987146991235
U9098@DOM1,35,1.0,0.0,2,1.0,1.0,-0.09427987146991235
U2000@DOM1,35,1.0,0.0,2,1.0,1.0,-0.09427987146991235
C13945$@DOM1,131,1.0,0.0,7,1.0,0.9770992366412213,-0.0943222260849465
C5613$@DOM1,131,1.0,0.0,7,1.0,0.9770992366412213,-0.0943222260849465
U8666@DOM1,127,1.0,0.0,9,1.0,0.984251968503937,-0.09436295989963367
U11089@DOM1,39,1.0,0.0,2,1.0,1.0,-0.09436314977545263
C921$@DOM1,187,1.0,0.0,7,1.0,0.9786096256684492,-0.09441619248451272
C1539$@DOM1,187,1.0,0.0,7,1.0,0.9786096256684492,-0.09441619248451272
C17857$@DOM1,151,1.0,0.0,5,1.0,0.9801324503311258,-0.09447626396734293
U5536@DOM1,34,1.0,0.0,2,1.0,1.0,-0.0945738129908188
NETWORK SERVICE@C6851,27,1.0,0.0,1,1.0,1.0,-0.09460082500916117
NETWORK SERVICE@C7359,27,1.0,0.0,1,1.0,1.0,-0.09460082500916117
NETWORK SERVICE@C5151,27,1.0,0.0,1,1.0,1.0,-0.09460082500916117
ANONYMOUS LOGON@C1628,27,1.0,0.0,1,1.0,1.0,-0.09460082500916117
NETWORK SERVICE@C15544,27,1.0,0.0,1,1.0,1.0,-0.09460082500916117
NETWORK SERVICE@C11327,27,1.0,0.0,1,1.0,1.0,-0.09460082500916117
NETWORK SERVICE@C16473,27,1.0,0.0,1,1.0,1.0,-0.09460082500916117
NETWORK SERVICE@C15615,27,1.0,0.0,1,1.0,1.0,-0.09460082500916117
NETWORK SERVICE@C17026,27,1.0,0.0,1,1.0,1.0,-0.09460082500916117
NETWORK SERVICE@C11622,27,1.0,0.0,1,1.0,1.0,-0.09460082500916117
NETWORK SERVICE@C13933,27,1.0,0.0,1,1.0,1.0,-0.09460082500916117
NETWORK SERVICE@C11950,27,1.0,0.0,1,1.0,1.0,-0.09460082500916117
NETWORK SERVICE@C3923,27,1.0,0.0,1,1.0,1.0,-0.09460082500916117
ANONYMOUS LOGON@C1770,27,1.0,0.0,1,1.0,1.0,-0.09460082500916117
NETWORK SERVICE@C3464,27,1.0,0.0,1,1.0,1.0,-0.09460082500916117
NETWORK SERVICE@C4029,27,1.0,0.0,1,1.0,1.0,-0.09460082500916117
NETWORK SERVICE@C9240,27,1.0,0.0,1,1.0,1.0,-0.09460082500916117
NETWORK SERVICE@C20191,27,1.0,0.0,1,1.0,1.0,-0.09460082500916117
NETWORK SERVICE@C13241,27,1.0,0.0,1,1.0,1.0,-0.09460082500916117
NETWORK SERVICE@C20906,27,1.0,0.0,1,1.0,1.0,-0.09460082500916117
ANONYMOUS LOGON@C2038,27,1.0,0.0,1,1.0,1.0,-0.09460082500916117
NETWORK SERVICE@C5957,27,1.0,0.0,1,1.0,1.0,-0.09460082500916117
NETWORK SERVICE@C4535,27,1.0,0.0,1,1.0,1.0,-0.09460082500916117
NETWORK SERVICE@C4740,27,1.0,0.0,1,1.0,1.0,-0.09460082500916117
NETWORK SERVICE@C4837,27,1.0,0.0,1,1.0,1.0,-0.09460082500916117
NETWORK SERVICE@C15918,27,1.0,0.0,1,1.0,1.0,-0.09460082500916117
NETWORK SERVICE@C10860,27,1.0,0.0,1,1.0,1.0,-0.09460082500916117
NETWORK SERVICE@C2533,27,1.0,0.0,1,1.0,1.0,-0.09460082500916117
NETWORK SERVICE@C2060,27,1.0,0.0,1,1.0,1.0,-0.09460082500916117
NETWORK SERVICE@C2697,27,1.0,0.0,1,1.0,1.0,-0.09460082500916117
NETWORK SERVICE@C2551,27,1.0,0.0,1,1.0,1.0,-0.09460082500916117
NETWORK SERVICE@C2464,27,1.0,0.0,1,1.0,1.0,-0.09460082500916117
U6293@DOM1,199,1.0,0.0,3,1.0,1.0,-0.09467803783226736
C19244$@DOM1,94,1.0,0.0,6,1.0,0.9787234042553191,-0.09473733015912855
C8322$@DOM1,137,1.0,0.0,4,1.0,0.9854014598540146,-0.09475921298631057
C16939$@DOM1,96,1.0,0.0,6,1.0,0.9791666666666666,-0.09476785302329016
C8849$@DOM1,228,1.0,0.0,5,1.0,0.9868421052631579,-0.09479057650514006
C340$@DOM1,229,1.0,0.0,7,1.0,0.982532751091703,-0.09482086043047216
C12816$@DOM1,139,1.0,0.0,4,1.0,0.9856115107913669,-0.0948419653569953
C894$@DOM1,199,1.0,0.0,7,1.0,0.9798994974874372,-0.09487702740440274
NETWORK SERVICE@C12892,26,1.0,0.0,1,1.0,1.0,-0.09490399469305089
NETWORK SERVICE@C4704,26,1.0,0.0,1,1.0,1.0,-0.09490399469305089
NETWORK SERVICE@C7531,26,1.0,0.0,1,1.0,1.0,-0.09490399469305089
NETWORK SERVICE@C7599,26,1.0,0.0,1,1.0,1.0,-0.09490399469305089
NETWORK SERVICE@C6655,26,1.0,0.0,1,1.0,1.0,-0.09490399469305089
NETWORK SERVICE@C16175,26,1.0,0.0,1,1.0,1.0,-0.09490399469305089
NETWORK SERVICE@C16340,26,1.0,0.0,1,1.0,1.0,-0.09490399469305089
NETWORK SERVICE@C15630,26,1.0,0.0,1,1.0,1.0,-0.09490399469305089
NETWORK SERVICE@C6238,26,1.0,0.0,1,1.0,1.0,-0.09490399469305089
NETWORK SERVICE@C17905,26,1.0,0.0,1,1.0,1.0,-0.09490399469305089
NETWORK SERVICE@C8583,26,1.0,0.0,1,1.0,1.0,-0.09490399469305089
NETWORK SERVICE@C3736,26,1.0,0.0,1,1.0,1.0,-0.09490399469305089
NETWORK SERVICE@C9888,26,1.0,0.0,1,1.0,1.0,-0.09490399469305089
NETWORK SERVICE@C3501,26,1.0,0.0,1,1.0,1.0,-0.09490399469305089
NETWORK SERVICE@C3550,26,1.0,0.0,1,1.0,1.0,-0.09490399469305089
NETWORK SERVICE@C3945,26,1.0,0.0,1,1.0,1.0,-0.09490399469305089
NETWORK SERVICE@C4069,26,1.0,0.0,1,1.0,1.0,-0.09490399469305089
U10188@DOM1,26,1.0,0.0,1,1.0,1.0,-0.09490399469305089
NETWORK SERVICE@C3239,26,1.0,0.0,1,1.0,1.0,-0.09490399469305089
NETWORK SERVICE@C8752,26,1.0,0.0,1,1.0,1.0,-0.09490399469305089
NETWORK SERVICE@C3982,26,1.0,0.0,1,1.0,1.0,-0.09490399469305089
NETWORK SERVICE@C3583,26,1.0,0.0,1,1.0,1.0,-0.09490399469305089
NETWORK SERVICE@C21252,26,1.0,0.0,1,1.0,1.0,-0.09490399469305089
NETWORK SERVICE@C21017,26,1.0,0.0,1,1.0,1.0,-0.09490399469305089
NETWORK SERVICE@C13530,26,1.0,0.0,1,1.0,1.0,-0.09490399469305089
NETWORK SERVICE@C11499,26,1.0,0.0,1,1.0,1.0,-0.09490399469305089
LOCAL SERVICE@C5233,26,1.0,0.0,1,1.0,1.0,-0.09490399469305089
NETWORK SERVICE@C18902,26,1.0,0.0,1,1.0,1.0,-0.09490399469305089
NETWORK SERVICE@C18432,26,1.0,0.0,1,1.0,1.0,-0.09490399469305089
NETWORK SERVICE@C18554,26,1.0,0.0,1,1.0,1.0,-0.09490399469305089
NETWORK SERVICE@C12027,26,1.0,0.0,1,1.0,1.0,-0.09490399469305089
NETWORK SERVICE@C14181,26,1.0,0.0,1,1.0,1.0,-0.09490399469305089
NETWORK SERVICE@C15064,26,1.0,0.0,1,1.0,1.0,-0.09490399469305089
C199$@DOM1,128,1.0,0.0,9,1.0,0.984375,-0.09493852549564741
C7748$@DOM1,128,1.0,0.0,9,1.0,0.984375,-0.09493852549564741
C10185$@DOM1,282,1.0,0.0,9,1.0,0.9929078014184397,-0.09499202080057217
U2405@DOM1,58,1.0,0.0,11,1.0,1.0,-0.0949920861674719
C15663$@DOM1,193,1.0,0.0,7,1.0,0.9792746113989638,-0.09500877648101341
C9307$@DOM1,227,1.0,0.0,5,1.0,0.986784140969163,-0.09507067759929427
C15516$@DOM1,133,1.0,0.0,7,1.0,0.9774436090225563,-0.09507279706285426
C8426$@DOM1,133,1.0,0.0,7,1.0,0.9774436090225563,-0.09507279706285426
C19040$@DOM1,140,1.0,0.0,4,1.0,0.9857142857142858,-0.09510372171141346
C153$@DOM1,141,1.0,0.0,4,1.0,0.9858156028368794,-0.09510372171141346
C11964$@DOM1,9,1.0,0.0,2,1.0,1.0,-0.095132376719121
C603$@DOM1,9,1.0,0.0,2,1.0,1.0,-0.095132376719121
C2214$@DOM1,9,1.0,0.0,2,1.0,1.0,-0.095132376719121
C8528$@DOM1,285,1.0,0.0,8,1.0,0.9894736842105263,-0.09516266479285573
C6679$@DOM1,202,1.0,0.0,6,1.0,0.9801980198019802,-0.09522099818647067
C1672$@DOM1,197,1.0,0.0,3,1.0,1.0,-0.09530014627476524
C2696$@DOM1,181,1.0,0.0,6,1.0,0.9779005524861878,-0.09530356790755412
C3181$@DOM1,198,1.0,0.0,7,1.0,0.9797979797979798,-0.0954882933778683
C6849$@DOM1,224,1.0,0.0,5,1.0,0.9866071428571429,-0.09549978370236306
C1003$@DOM1,97,1.0,0.0,6,1.0,0.979381443298969,-0.09554914815699661
C3951$@DOM1,8,1.0,0.0,2,1.0,1.0,-0.09565047428949175
C5731$@DOM1,8,1.0,0.0,2,1.0,1.0,-0.09565047428949175
U1574@DOM1,8,1.0,0.0,2,1.0,1.0,-0.09565047428949175
U1467@DOM1,8,1.0,0.0,2,1.0,1.0,-0.09565047428949175
C12744$@DOM1,8,1.0,0.0,2,1.0,1.0,-0.09565047428949175
U11571@DOM1,8,1.0,0.0,2,1.0,1.0,-0.09565047428949175
C2200$@DOM1,8,1.0,0.0,2,1.0,1.0,-0.09565047428949175
C13862$@DOM1,8,1.0,0.0,2,1.0,1.0,-0.09565047428949175
C9835$@DOM1,8,1.0,0.0,2,1.0,1.0,-0.09565047428949175
C13578$@DOM1,196,1.0,0.0,3,1.0,1.0,-0.09568781141247196
C20995$@DOM1,179,1.0,0.0,6,1.0,0.9776536312849162,-0.0956909516489734
C15696$@DOM1,155,1.0,0.0,5,1.0,0.9806451612903225,-0.09572865338577047
C618$@DOM1,155,1.0,0.0,5,1.0,0.9806451612903225,-0.09572865338577047
C7573$@DOM1,155,1.0,0.0,5,1.0,0.9806451612903225,-0.09572865338577047
C13194$@DOM1,155,1.0,0.0,5,1.0,0.9806451612903225,-0.09572865338577047
C16541$@DOM1,284,1.0,0.0,10,1.0,1.0,-0.09573117350118521
C12684$@DOM1,278,1.0,0.0,9,1.0,0.9928057553956835,-0.09574198162435299
U8890@DOM9,3,1.0,0.0,2,1.0,1.0,-0.09574929124934217
U4030@DOM1,3,1.0,0.0,2,1.0,1.0,-0.09574929124934217
U1524@DOM1,3,1.0,0.0,2,1.0,1.0,-0.09574929124934217
U7902@DOM1,3,1.0,0.0,2,1.0,1.0,-0.09574929124934217
U7448@DOM1,3,1.0,0.0,2,1.0,1.0,-0.09574929124934217
C2842$@DOM1,280,1.0,0.0,9,1.0,0.9928571428571429,-0.09577129811946283
C6667$@DOM1,184,1.0,0.0,6,1.0,0.9782608695652174,-0.09581312094800076
C15356$@DOM1,172,1.0,0.0,4,1.0,0.9883720930232558,-0.09581551556241846
U3098@DOM1,59,1.0,0.0,11,1.0,1.0,-0.09581672720254147
C14777$@DOM1,145,1.0,0.0,4,1.0,0.9862068965517241,-0.09589255316537454
C20522$@DOM1,101,1.0,0.0,7,1.0,0.9801980198019802,-0.09591432538092476
C140$@DOM1,222,1.0,0.0,5,1.0,0.9864864864864865,-0.09597472967739862
C4010$@DOM1,245,1.0,0.0,10,1.0,0.9959183673469387,-0.09600247354171765
C3414$@DOM1,279,1.0,0.0,10,1.0,1.0,-0.09607439056644917
C3657$@DOM1,279,1.0,0.0,10,1.0,1.0,-0.09607439056644917
C4597$@DOM1,279,1.0,0.0,10,1.0,1.0,-0.09607439056644917
U9940@DOM1,4,1.0,0.0,2,1.0,1.0,-0.09608082095534132
U10785@DOM1,4,1.0,0.0,2,1.0,1.0,-0.09608082095534132
U10869@DOM1,4,1.0,0.0,2,1.0,1.0,-0.09608082095534132
U3850@DOM1,4,1.0,0.0,2,1.0,1.0,-0.09608082095534132
U8093@DOM1,4,1.0,0.0,2,1.0,1.0,-0.09608082095534132
U10560@DOM1,4,1.0,0.0,2,1.0,1.0,-0.09608082095534132
U10514@DOM1,4,1.0,0.0,2,1.0,1.0,-0.09608082095534132
U11106@DOM1,4,1.0,0.0,2,1.0,1.0,-0.09608082095534132
C5647$@DOM1,4,1.0,0.0,2,1.0,1.0,-0.09608082095534132
U630@DOM9,4,1.0,0.0,2,1.0,1.0,-0.09608082095534132
C5104$@DOM1,4,1.0,0.0,2,1.0,1.0,-0.09608082095534132
U6356@DOM1,4,1.0,0.0,2,1.0,1.0,-0.09608082095534132
U11070@DOM1,4,1.0,0.0,2,1.0,1.0,-0.09608082095534132
U6165@DOM1,4,1.0,0.0,2,1.0,1.0,-0.09608082095534132
U12391@DOM1,4,1.0,0.0,2,1.0,1.0,-0.09608082095534132
U7868@DOM1,4,1.0,0.0,2,1.0,1.0,-0.09608082095534132
U11832@DOM1,4,1.0,0.0,2,1.0,1.0,-0.09608082095534132
U10186@DOM1,4,1.0,0.0,2,1.0,1.0,-0.09608082095534132
U8102@DOM1,4,1.0,0.0,2,1.0,1.0,-0.09608082095534132
U11432@DOM1,4,1.0,0.0,2,1.0,1.0,-0.09608082095534132
U8458@DOM1,4,1.0,0.0,2,1.0,1.0,-0.09608082095534132
U11153@DOM1,4,1.0,0.0,2,1.0,1.0,-0.09608082095534132
C9774$@DOM1,153,1.0,0.0,5,1.0,0.9803921568627451,-0.0960852566903333
U1479@DOM1,59,1.0,0.0,5,1.0,0.9830508474576272,-0.09613649114352874
U8872@DOM1,281,1.0,0.0,10,1.0,1.0,-0.09614270742341752
C21767$@DOM1,180,1.0,0.0,6,1.0,0.9777777777777777,-0.09617097957913195
C1195$@DOM1,117,1.0,0.0,10,1.0,0.9914529914529915,-0.09619134128130546
C17839$@DOM1,243,1.0,0.0,10,1.0,0.9958847736625515,-0.09621291130155152
C15897$@DOM1,129,1.0,0.0,9,1.0,0.9844961240310077,-0.096250221444737
C16919$@DOM1,291,1.0,0.0,9,1.0,0.9965635738831615,-0.09627760567533683
C4828$@DOM1,136,1.0,0.0,7,1.0,0.9779411764705882,-0.09630176219333192
C19337$@DOM1,216,1.0,0.0,6,1.0,0.9814814814814815,-0.09643255141451373
U3511@DOM1,346,1.0,0.0,7,1.0,1.0,-0.09645726600844967
C1590$@DOM1,225,1.0,0.0,7,1.0,0.9822222222222222,-0.09647405680093929
C7546$@DOM1,242,1.0,0.0,10,1.0,0.9958677685950413,-0.09650499580678396
C12488$@DOM1,196,1.0,0.0,6,1.0,0.9795918367346939,-0.09650915530235027
U3439@DOM1,61,1.0,0.0,11,1.0,1.0,-0.09651847978856903
C13475$@DOM1,61,1.0,0.0,11,1.0,1.0,-0.09651847978856903
U9116@DOM1,61,1.0,0.0,11,1.0,1.0,-0.09651847978856903
U2569@DOM1,217,1.0,0.0,11,1.0,1.0,-0.09661367682402244
C1311$@DOM1,108,1.0,0.0,5,1.0,0.9814814814814815,-0.09666388276216531
C21531$@DOM1,164,1.0,0.0,4,1.0,0.9878048780487805,-0.09667666218648596
C10745$@DOM1,158,1.0,0.0,5,1.0,0.9810126582278481,-0.09670465252389754
C5714$@DOM1,7,1.0,0.0,2,1.0,1.0,-0.096786802349413
U6018@DOM1,7,1.0,0.0,2,1.0,1.0,-0.096786802349413
U6930@DOM9,7,1.0,0.0,2,1.0,1.0,-0.096786802349413
C357$@DOM1,300,1.0,0.0,5,1.0,1.0,-0.09682183687440621
C15538$@DOM1,238,1.0,0.0,10,1.0,0.9957983193277311,-0.09685280828714737
C580$@DOM1,238,1.0,0.0,10,1.0,0.9957983193277311,-0.09685280828714737
C936$@DOM1,275,1.0,0.0,10,1.0,1.0,-0.09686508372411295
U17@DOM1,6,1.0,0.0,2,1.0,1.0,-0.0968693345697842
C5638$@DOM1,6,1.0,0.0,2,1.0,1.0,-0.0968693345697842
U7447@DOM1,6,1.0,0.0,2,1.0,1.0,-0.0968693345697842
C3398$@DOM1,6,1.0,0.0,2,1.0,1.0,-0.0968693345697842
U9939@DOM1,6,1.0,0.0,2,1.0,1.0,-0.0968693345697842
C11694$@DOM1,149,1.0,0.0,8,1.0,0.9798657718120806,-0.09700836418013115
C8958$@DOM1,168,1.0,0.0,4,1.0,0.9880952380952381,-0.09702789787703087
U1802@DOM1,80,1.0,0.0,9,1.0,0.9875,-0.09704330829751484
U1344@DOM1,80,1.0,0.0,9,1.0,0.9875,-0.09704330829751484
C18197$@DOM1,236,1.0,0.0,4,1.0,0.9957627118644068,-0.09707902256056888
U1521@DOM1,81,1.0,0.0,9,1.0,0.9876543209876543,-0.09714068810552706
C10863$@DOM1,89,1.0,0.0,4,1.0,0.9887640449438202,-0.09715380594727296
C12868$@DOM1,280,1.0,0.0,8,1.0,0.9892857142857143,-0.09716275368763633
ANONYMOUS LOGON@C3724,25,1.0,0.0,1,1.0,1.0,-0.09721511165868973
NETWORK SERVICE@C15616,25,1.0,0.0,1,1.0,1.0,-0.09721511165868973
NETWORK SERVICE@C8726,25,1.0,0.0,1,1.0,1.0,-0.09721511165868973
NETWORK SERVICE@C11697,25,1.0,0.0,1,1.0,1.0,-0.09721511165868973
NETWORK SERVICE@C10713,25,1.0,0.0,1,1.0,1.0,-0.09721511165868973
NETWORK SERVICE@C6874,25,1.0,0.0,1,1.0,1.0,-0.09721511165868973
NETWORK SERVICE@C9797,25,1.0,0.0,1,1.0,1.0,-0.09721511165868973
NETWORK SERVICE@C12232,25,1.0,0.0,1,1.0,1.0,-0.09721511165868973
NETWORK SERVICE@C9375,25,1.0,0.0,1,1.0,1.0,-0.09721511165868973
NETWORK SERVICE@C15226,25,1.0,0.0,1,1.0,1.0,-0.09721511165868973
NETWORK SERVICE@C15097,25,1.0,0.0,1,1.0,1.0,-0.09721511165868973
NETWORK SERVICE@C17094,25,1.0,0.0,1,1.0,1.0,-0.09721511165868973
NETWORK SERVICE@C12543,25,1.0,0.0,1,1.0,1.0,-0.09721511165868973
NETWORK SERVICE@C8601,25,1.0,0.0,1,1.0,1.0,-0.09721511165868973
NETWORK SERVICE@C20087,25,1.0,0.0,1,1.0,1.0,-0.09721511165868973
NETWORK SERVICE@C3054,25,1.0,0.0,1,1.0,1.0,-0.09721511165868973
NETWORK SERVICE@C7586,25,1.0,0.0,1,1.0,1.0,-0.09721511165868973
NETWORK SERVICE@C6621,25,1.0,0.0,1,1.0,1.0,-0.09721511165868973
NETWORK SERVICE@C19739,25,1.0,0.0,1,1.0,1.0,-0.09721511165868973
NETWORK SERVICE@C4314,25,1.0,0.0,1,1.0,1.0,-0.09721511165868973
NETWORK SERVICE@C4835,25,1.0,0.0,1,1.0,1.0,-0.09721511165868973
NETWORK SERVICE@C4381,25,1.0,0.0,1,1.0,1.0,-0.09721511165868973
NETWORK SERVICE@C2493,25,1.0,0.0,1,1.0,1.0,-0.09721511165868973
NETWORK SERVICE@C15982,25,1.0,0.0,1,1.0,1.0,-0.09721511165868973
NETWORK SERVICE@C6339,25,1.0,0.0,1,1.0,1.0,-0.09721511165868973
NETWORK SERVICE@C4379,25,1.0,0.0,1,1.0,1.0,-0.09721511165868973
C18313$@DOM1,151,1.0,0.0,4,1.0,0.9867549668874173,-0.09728830257904986
C12747$@DOM1,150,1.0,0.0,4,1.0,0.9866666666666667,-0.09732468666105154
C6320$@DOM1,173,1.0,0.0,5,1.0,0.9826589595375722,-0.09736353179025359
C11770$@DOM1,139,1.0,0.0,7,1.0,0.9784172661870504,-0.09763478072497395
C1185$@DOM1,255,1.0,0.0,9,1.0,0.9921568627450981,-0.0976791391056056
U6753@DOM1,212,1.0,0.0,11,1.0,1.0,-0.09774346657878002
C7489$@DOM1,272,1.0,0.0,8,1.0,0.9889705882352942,-0.09776014635288677
C6949$@DOM1,272,1.0,0.0,8,1.0,0.9889705882352942,-0.09776014635288677
C7292$@DOM1,131,1.0,0.0,9,1.0,0.9847328244274809,-0.09781476306166736
C20155$@DOM1,257,1.0,0.0,9,1.0,0.9922178988326849,-0.09782149340898677
C19432$@DOM1,257,1.0,0.0,9,1.0,0.9922178988326849,-0.09782149340898677
U3538@DOM1,321,1.0,0.0,9,1.0,1.0,-0.09789792567307415
C1343$@DOM1,171,1.0,0.0,5,1.0,0.9824561403508771,-0.09792344269322723
C17597$@DOM1,171,1.0,0.0,5,1.0,0.9824561403508771,-0.09792344269322723
C9657$@DOM1,171,1.0,0.0,5,1.0,0.9824561403508771,-0.09792344269322723
U5903@DOM1,56,1.0,0.0,7,1.0,0.9821428571428571,-0.09795649030260473
C17286$@DOM1,160,1.0,0.0,4,1.0,0.9875,-0.09797174878558007
C1544$@DOM1,160,1.0,0.0,4,1.0,0.9875,-0.09797174878558007
C20384$@DOM1,127,1.0,0.0,10,1.0,0.9921259842519685,-0.09800923727096272
U5293@DOM1,206,1.0,0.0,11,1.0,1.0,-0.09801215792601187
U6774@DOM1,65,1.0,0.0,11,1.0,1.0,-0.09804927188197804
U875@DOM1,67,1.0,0.0,11,1.0,1.0,-0.09804927188197804
U3908@DOM1,65,1.0,0.0,11,1.0,1.0,-0.09804927188197804
U303@DOM1,205,1.0,0.0,11,1.0,1.0,-0.0980765484850794
U7186@DOM1,205,1.0,0.0,11,1.0,1.0,-0.0980765484850794
C12697$@DOM1,267,1.0,0.0,9,1.0,0.9925093632958801,-0.09811034984888073
U4975@DOM1,68,1.0,0.0,11,1.0,1.0,-0.09819126539321638
U3611@DOM1,69,1.0,0.0,11,1.0,1.0,-0.09819126539321638
C15737$@DOM1,155,1.0,0.0,4,1.0,0.9870967741935484,-0.09820965809168325
C8627$@DOM1,128,1.0,0.0,10,1.0,0.9921875,-0.09821654228728399
C10351$@DOM1,128,1.0,0.0,10,1.0,0.9921875,-0.09821654228728399
C10831$@DOM1,133,1.0,0.0,9,1.0,0.9849624060150376,-0.0982267454488534
C16539$@DOM1,209,1.0,0.0,11,1.0,1.0,-0.09823392002632803
C18945$@DOM1,209,1.0,0.0,11,1.0,1.0,-0.09823392002632803
C16488$@DOM1,92,1.0,0.0,4,1.0,0.9891304347826086,-0.09825878351306383
C10888$@DOM1,111,1.0,0.0,5,1.0,0.9819819819819819,-0.09830177207343943
C8808$@DOM1,103,1.0,0.0,7,1.0,0.9805825242718447,-0.09830267200184489
C6177$@DOM1,252,1.0,0.0,9,1.0,0.9920634920634921,-0.09830690986527202
C12847$@DOM1,261,1.0,0.0,9,1.0,0.9923371647509579,-0.09831036322750714
C5752$@DOM1,5,1.0,0.0,2,1.0,1.0,-0.09835433239177405
C19959$@DOM1,259,1.0,0.0,9,1.0,0.9922779922779923,-0.09846309808382253
U848@DOM1,84,1.0,0.0,11,1.0,1.0,-0.09857814311506335
U4130@DOM1,83,1.0,0.0,11,1.0,1.0,-0.09857814311506335
U584@DOM1,84,1.0,0.0,11,1.0,1.0,-0.09857814311506335
C6389$@DOM1,272,1.0,0.0,10,1.0,1.0,-0.09859847674716665
C6194$@DOM1,206,1.0,0.0,5,1.0,0.9854368932038835,-0.09863782614771793
C7407$@DOM1,234,1.0,0.0,10,1.0,0.9957264957264957,-0.09867641327408389
C11414$@DOM1,234,1.0,0.0,10,1.0,0.9957264957264957,-0.09867641327408389
U893@DOM1,72,1.0,0.0,11,1.0,1.0,-0.09872743607582607
U5777@DOM1,72,1.0,0.0,11,1.0,1.0,-0.09872743607582607
C4765$@DOM1,250,1.0,0.0,9,1.0,0.992,-0.09875810084730052
C10116$@DOM1,250,1.0,0.0,9,1.0,0.992,-0.09875810084730052
U2945@DOM1,89,1.0,0.0,11,1.0,1.0,-0.09877418556477863
U1951@DOM1,89,1.0,0.0,11,1.0,1.0,-0.09877418556477863
C6298$@DOM1,164,1.0,0.0,5,1.0,0.9817073170731707,-0.09880683291598968
U4598@DOM1,85,1.0,0.0,11,1.0,1.0,-0.09889542572844817
C10534$@DOM1,166,1.0,0.0,5,1.0,0.9819277108433735,-0.09892946313412648
C14993$@DOM1,131,1.0,0.0,6,1.0,0.9770992366412213,-0.09896590108561787
C144$@DOM1,140,1.0,0.0,7,1.0,0.9785714285714285,-0.09900068479313939
C1303$@DOM1,249,1.0,0.0,9,1.0,0.9919678714859438,-0.09903177225189136
U5648@DOM1,86,1.0,0.0,11,1.0,1.0,-0.09903718167245068
U3223@DOM1,86,1.0,0.0,11,1.0,1.0,-0.09903718167245068
U6710@DOM1,86,1.0,0.0,11,1.0,1.0,-0.09903718167245068
C18296$@DOM1,233,1.0,0.0,10,1.0,0.9957081545064378,-0.09907879467652131
U854@DOM1,199,1.0,0.0,11,1.0,1.0,-0.09911739672924152
U5525@DOM1,200,1.0,0.0,11,1.0,1.0,-0.09911739672924152
C9477$@DOM1,141,1.0,0.0,7,1.0,0.9787234042553191,-0.09915049908413964
U5037@DOM1,76,1.0,0.0,11,1.0,1.0,-0.09920597263911018
U3947@DOM1,75,1.0,0.0,11,1.0,1.0,-0.09920597263911018
U9652@DOM1,76,1.0,0.0,11,1.0,1.0,-0.09920597263911018
U2769@DOM1,88,1.0,0.0,11,1.0,1.0,-0.09922653575559465
U8559@DOM1,87,1.0,0.0,11,1.0,1.0,-0.0992405945250035
U2940@DOM1,87,1.0,0.0,11,1.0,1.0,-0.0992405945250035
U2285@DOM1,87,1.0,0.0,11,1.0,1.0,-0.0992405945250035
U4595@DOM1,87,1.0,0.0,11,1.0,1.0,-0.0992405945250035
U3135@DOM1,87,1.0,0.0,11,1.0,1.0,-0.0992405945250035
C13090$@DOM1,168,1.0,0.0,5,1.0,0.9821428571428571,-0.09931946877972081
U3636@DOM1,96,1.0,0.0,11,1.0,1.0,-0.09937159154402647
U9226@DOM1,81,1.0,0.0,11,1.0,1.0,-0.09937336573933886
U5459@DOM1,82,1.0,0.0,11,1.0,1.0,-0.09937336573933886
U3132@DOM1,82,1.0,0.0,11,1.0,1.0,-0.09937336573933886
U3703@DOM1,82,1.0,0.0,11,1.0,1.0,-0.09937336573933886
C9895$@DOM1,142,1.0,0.0,7,1.0,0.9788732394366197,-0.09939816359276599
C9144$@DOM1,151,1.0,0.0,8,1.0,0.9801324503311258,-0.0994140170751649
U2630@DOM1,93,1.0,0.0,11,1.0,1.0,-0.09942247061628529
U3101@DOM1,93,1.0,0.0,11,1.0,1.0,-0.09942247061628529
U2697@DOM1,93,1.0,0.0,11,1.0,1.0,-0.09942247061628529
U4847@DOM1,80,1.0,0.0,11,1.0,1.0,-0.09942491857093044
U3580@DOM1,78,1.0,0.0,11,1.0,1.0,-0.09942491857093044
U3327@DOM1,77,1.0,0.0,11,1.0,1.0,-0.09942491857093044
U1588@DOM1,78,1.0,0.0,11,1.0,1.0,-0.09942491857093044
U3369@DOM1,78,1.0,0.0,11,1.0,1.0,-0.09942491857093044
U5450@DOM1,80,1.0,0.0,11,1.0,1.0,-0.09942491857093044
C2768$@DOM1,104,1.0,0.0,7,1.0,0.9807692307692307,-0.09948637187925308
C13457$@DOM1,252,1.0,0.0,5,1.0,0.9920634920634921,-0.09950041038361601
C7769$@DOM1,113,1.0,0.0,8,1.0,0.9823008849557522,-0.09951775122551088
C9945$@DOM1,113,1.0,0.0,8,1.0,0.9823008849557522,-0.09951775122551088
C9827$@DOM1,143,1.0,0.0,7,1.0,0.9790209790209791,-0.09954384461136662
C9617$@DOM1,135,1.0,0.0,9,1.0,0.9851851851851852,-0.09957928409481243
NETWORK SERVICE@C18050,24,1.0,0.0,1,1.0,1.0,-0.09960634781258776
ANONYMOUS LOGON@C1763,24,1.0,0.0,1,1.0,1.0,-0.09960634781258776
NETWORK SERVICE@C13602,24,1.0,0.0,1,1.0,1.0,-0.09960634781258776
NETWORK SERVICE@C9355,24,1.0,0.0,1,1.0,1.0,-0.09960634781258776
ANONYMOUS LOGON@C1928,24,1.0,0.0,1,1.0,1.0,-0.09960634781258776
NETWORK SERVICE@C20622,24,1.0,0.0,1,1.0,1.0,-0.09960634781258776
NETWORK SERVICE@C18865,24,1.0,0.0,1,1.0,1.0,-0.09960634781258776
NETWORK SERVICE@C15988,24,1.0,0.0,1,1.0,1.0,-0.09960634781258776
NETWORK SERVICE@C4775,24,1.0,0.0,1,1.0,1.0,-0.09960634781258776
NETWORK SERVICE@C3999,24,1.0,0.0,1,1.0,1.0,-0.09960634781258776
NETWORK SERVICE@C15624,24,1.0,0.0,1,1.0,1.0,-0.09960634781258776
ANONYMOUS LOGON@C3153,24,1.0,0.0,1,1.0,1.0,-0.09960634781258776
ANONYMOUS LOGON@C2918,24,1.0,0.0,1,1.0,1.0,-0.09960634781258776
NETWORK SERVICE@C2770,24,1.0,0.0,1,1.0,1.0,-0.09960634781258776
NETWORK SERVICE@C8124,24,1.0,0.0,1,1.0,1.0,-0.09960634781258776
NETWORK SERVICE@C11746,24,1.0,0.0,1,1.0,1.0,-0.09960634781258776
NETWORK SERVICE@C2335,24,1.0,0.0,1,1.0,1.0,-0.09960634781258776
NETWORK SERVICE@C3021,24,1.0,0.0,1,1.0,1.0,-0.09960634781258776
NETWORK SERVICE@C5394,24,1.0,0.0,1,1.0,1.0,-0.09960634781258776
ANONYMOUS LOGON@C3031,24,1.0,0.0,1,1.0,1.0,-0.09960634781258776
C14441$@DOM1,198,1.0,0.0,5,1.0,0.9848484848484849,-0.09962966877664248
U4640@DOM1,104,1.0,0.0,11,1.0,1.0,-0.09965026869739485
U2578@DOM1,104,1.0,0.0,11,1.0,1.0,-0.09965026869739485
U4525@DOM1,104,1.0,0.0,11,1.0,1.0,-0.09965026869739485
C1843$@DOM1,270,1.0,0.0,10,1.0,1.0,-0.09965222018863218
U4872@DOM1,91,1.0,0.0,11,1.0,1.0,-0.0996626030218069
U957@DOM1,91,1.0,0.0,11,1.0,1.0,-0.0996626030218069
U5217@DOM1,91,1.0,0.0,11,1.0,1.0,-0.0996626030218069
U4812@DOM1,94,1.0,0.0,11,1.0,1.0,-0.09967366929528593
U2683@DOM1,94,1.0,0.0,11,1.0,1.0,-0.09967366929528593
U6275@DOM1,94,1.0,0.0,11,1.0,1.0,-0.09967366929528593
C1299$@DOM1,265,1.0,0.0,6,1.0,0.9886792452830189,-0.09971941289937669
U5521@DOM1,107,1.0,0.0,11,1.0,1.0,-0.09975708386380161
C10428$@DOM1,290,1.0,0.0,6,1.0,0.993103448275862,-0.09978255749031895
U3162@DOM1,92,1.0,0.0,11,1.0,1.0,-0.0997897766625182
C7144$@DOM1,230,1.0,0.0,10,1.0,0.9956521739130435,-0.0998081320748066
C924$@DOM1,230,1.0,0.0,10,1.0,0.9956521739130435,-0.0998081320748066
C1296$@DOM1,298,1.0,0.0,8,1.0,0.9932885906040269,-0.09984529072080206
C272$@DOM1,133,1.0,0.0,6,1.0,0.9774436090225563,-0.09984809493695812
C1481$@DOM1,114,1.0,0.0,8,1.0,0.9824561403508771,-0.09988952976995585
C1196$@DOM1,229,1.0,0.0,10,1.0,0.9956331877729258,-0.09988985342877882
C6830$@DOM1,229,1.0,0.0,10,1.0,0.9956331877729258,-0.09988985342877882
U8560@DOM1,99,1.0,0.0,11,1.0,1.0,-0.09990070260589184
U7294@DOM1,86,1.0,0.0,9,1.0,0.9883720930232558,-0.09991545067240648
U8703@DOM1,98,1.0,0.0,11,1.0,1.0,-0.09994888287884307
U2292@DOM1,98,1.0,0.0,11,1.0,1.0,-0.09994888287884307
U2602@DOM1,106,1.0,0.0,11,1.0,1.0,-0.09998030149233395
C11$@DOM1,136,1.0,0.0,9,1.0,0.9852941176470589,-0.09998692963899952
U381@DOM1,105,1.0,0.0,11,1.0,1.0,-0.10001701130400292
U2077@DOM1,105,1.0,0.0,11,1.0,1.0,-0.10001701130400292
U3138@DOM1,97,1.0,0.0,11,1.0,1.0,-0.10009338312255589
U2939@DOM1,97,1.0,0.0,11,1.0,1.0,-0.10009338312255589
U3811@DOM1,97,1.0,0.0,11,1.0,1.0,-0.10009338312255589
U5174@DOM1,97,1.0,0.0,11,1.0,1.0,-0.10009338312255589
C3461$@DOM1,191,1.0,0.0,5,1.0,0.9842931937172775,-0.10011398439817504
C11208$@DOM1,114,1.0,0.0,5,1.0,0.9824561403508771,-0.1001174687815849
C12964$@DOM1,114,1.0,0.0,5,1.0,0.9824561403508771,-0.1001174687815849
C9840$@DOM1,114,1.0,0.0,5,1.0,0.9824561403508771,-0.1001174687815849
U532@DOM1,194,1.0,0.0,11,1.0,1.0,-0.1001619846960961
U7727@DOM1,195,1.0,0.0,11,1.0,1.0,-0.1001619846960961
C10233$@DOM1,246,1.0,0.0,9,1.0,0.991869918699187,-0.10017526526661347
C1392$@DOM1,227,1.0,0.0,10,1.0,0.9955947136563876,-0.10017596462743172
C15715$@DOM1,227,1.0,0.0,10,1.0,0.9955947136563876,-0.10017596462743172
C18739$@DOM1,227,1.0,0.0,10,1.0,0.9955947136563876,-0.10017596462743172
NETWORK SERVICE@C15948,23,1.0,0.0,1,1.0,1.0,-0.10018530547978494
U1862@DOM1,23,1.0,0.0,1,1.0,1.0,-0.10018530547978494
LOCAL SERVICE@C20533,23,1.0,0.0,1,1.0,1.0,-0.10018530547978494
ANONYMOUS LOGON@C2915,23,1.0,0.0,1,1.0,1.0,-0.10018530547978494
NETWORK SERVICE@C4616,23,1.0,0.0,1,1.0,1.0,-0.10018530547978494
ANONYMOUS LOGON@C3108,23,1.0,0.0,1,1.0,1.0,-0.10018530547978494
NETWORK SERVICE@C16535,23,1.0,0.0,1,1.0,1.0,-0.10018530547978494
NETWORK SERVICE@C11772,23,1.0,0.0,1,1.0,1.0,-0.10018530547978494
NETWORK SERVICE@C2436,23,1.0,0.0,1,1.0,1.0,-0.10018530547978494
NETWORK SERVICE@C2395,23,1.0,0.0,1,1.0,1.0,-0.10018530547978494
NETWORK SERVICE@C2339,23,1.0,0.0,1,1.0,1.0,-0.10018530547978494
NETWORK SERVICE@C15632,23,1.0,0.0,1,1.0,1.0,-0.10018530547978494
LOCAL SERVICE@C11227,23,1.0,0.0,1,1.0,1.0,-0.10018530547978494
ANONYMOUS LOGON@C2685,23,1.0,0.0,1,1.0,1.0,-0.10018530547978494
ANONYMOUS LOGON@C17375,23,1.0,0.0,1,1.0,1.0,-0.10018530547978494
ANONYMOUS LOGON@C2127,23,1.0,0.0,1,1.0,1.0,-0.10018530547978494
NETWORK SERVICE@C9283,23,1.0,0.0,1,1.0,1.0,-0.10018530547978494
ANONYMOUS LOGON@C1719,23,1.0,0.0,1,1.0,1.0,-0.10018530547978494
U3583@DOM1,102,1.0,0.0,11,1.0,1.0,-0.1001871802617409
U4892@DOM1,102,1.0,0.0,11,1.0,1.0,-0.1001871802617409
U705@DOM1,101,1.0,0.0,11,1.0,1.0,-0.10022664401973896
U2645@DOM1,100,1.0,0.0,11,1.0,1.0,-0.10022664401973896
U6008@DOM1,101,1.0,0.0,11,1.0,1.0,-0.10022664401973896
U9269@DOM1,101,1.0,0.0,11,1.0,1.0,-0.10022664401973896
U4346@DOM1,310,1.0,0.0,9,1.0,1.0,-0.10031391118931854
U6040@DOM1,311,1.0,0.0,9,1.0,1.0,-0.10031391118931854
C12116$@DOM1,248,1.0,0.0,5,1.0,0.9919354838709677,-0.10062298224620203
C2681$@DOM1,302,1.0,0.0,7,1.0,0.9933774834437086,-0.1006706687224938
C1276$@DOM1,135,1.0,0.0,6,1.0,0.9777777777777777,-0.10074008726067807
C3890$@DOM1,307,1.0,0.0,8,1.0,0.996742671009772,-0.10075167396196377
U9693@DOM1,191,1.0,0.0,11,1.0,1.0,-0.10075896222856756
U484@DOM1,191,1.0,0.0,11,1.0,1.0,-0.10075896222856756
U8536@DOM1,109,1.0,0.0,11,1.0,1.0,-0.10080125151948266
NETWORK SERVICE@C9935,22,1.0,0.0,1,1.0,1.0,-0.10080580889716823
NETWORK SERVICE@C15694,22,1.0,0.0,1,1.0,1.0,-0.10080580889716823
NETWORK SERVICE@C13913,22,1.0,0.0,1,1.0,1.0,-0.10080580889716823
NETWORK SERVICE@C2911,22,1.0,0.0,1,1.0,1.0,-0.10080580889716823
NETWORK SERVICE@C2888,22,1.0,0.0,1,1.0,1.0,-0.10080580889716823
NETWORK SERVICE@C7260,22,1.0,0.0,1,1.0,1.0,-0.10080580889716823
NETWORK SERVICE@C7707,22,1.0,0.0,1,1.0,1.0,-0.10080580889716823
C5644$@DOM1,22,1.0,0.0,1,1.0,1.0,-0.10080580889716823
LOCAL SERVICE@C17674,22,1.0,0.0,1,1.0,1.0,-0.10080580889716823
NETWORK SERVICE@C20638,22,1.0,0.0,1,1.0,1.0,-0.10080580889716823
NETWORK SERVICE@C2475,22,1.0,0.0,1,1.0,1.0,-0.10080580889716823
LOCAL SERVICE@C4823,22,1.0,0.0,1,1.0,1.0,-0.10080580889716823
NETWORK SERVICE@C14190,22,1.0,0.0,1,1.0,1.0,-0.10080580889716823
NETWORK SERVICE@C2989,22,1.0,0.0,1,1.0,1.0,-0.10080580889716823
ANONYMOUS LOGON@C1745,22,1.0,0.0,1,1.0,1.0,-0.10080580889716823
NETWORK SERVICE@C15609,22,1.0,0.0,1,1.0,1.0,-0.10080580889716823
NETWORK SERVICE@C3332,22,1.0,0.0,1,1.0,1.0,-0.10080580889716823
NETWORK SERVICE@C3273,22,1.0,0.0,1,1.0,1.0,-0.10080580889716823
NETWORK SERVICE@C3124,22,1.0,0.0,1,1.0,1.0,-0.10080580889716823
NETWORK SERVICE@C18294,22,1.0,0.0,1,1.0,1.0,-0.10080580889716823
NETWORK SERVICE@C9939,22,1.0,0.0,1,1.0,1.0,-0.10080580889716823
NETWORK SERVICE@C15613,22,1.0,0.0,1,1.0,1.0,-0.10080580889716823
NETWORK SERVICE@C15611,22,1.0,0.0,1,1.0,1.0,-0.10080580889716823
NETWORK SERVICE@C3513,22,1.0,0.0,1,1.0,1.0,-0.10080580889716823
NETWORK SERVICE@C3871,22,1.0,0.0,1,1.0,1.0,-0.10080580889716823
NETWORK SERVICE@C18593,22,1.0,0.0,1,1.0,1.0,-0.10080580889716823
NETWORK SERVICE@C1856,22,1.0,0.0,1,1.0,1.0,-0.10080580889716823
NETWORK SERVICE@C15626,22,1.0,0.0,1,1.0,1.0,-0.10080580889716823
NETWORK SERVICE@C4178,22,1.0,0.0,1,1.0,1.0,-0.10080580889716823
NETWORK SERVICE@C2005,22,1.0,0.0,1,1.0,1.0,-0.10080580889716823
NETWORK SERVICE@C4305,22,1.0,0.0,1,1.0,1.0,-0.10080580889716823
C6509$@DOM1,337,1.0,0.0,7,1.0,1.0,-0.10081763649250225
C78$@DOM1,338,1.0,0.0,7,1.0,1.0,-0.10081763649250225
C9289$@DOM1,188,1.0,0.0,5,1.0,0.9840425531914894,-0.10090794433858374
C21242$@DOM1,115,1.0,0.0,5,1.0,0.9826086956521739,-0.10095266911307632
C379$@DOM1,136,1.0,0.0,6,1.0,0.9779411764705882,-0.10095967288752766
U2088@DOM1,182,1.0,0.0,3,1.0,1.0,-0.1009741732954797
U9527@DOM1,181,1.0,0.0,3,1.0,1.0,-0.1009741732954797
C19974$@DOM1,222,1.0,0.0,10,1.0,0.9954954954954955,-0.10100086543525522
U5932@DOM1,305,1.0,0.0,6,1.0,1.0,-0.10103067030132351
C419$@DOM1,183,1.0,0.0,5,1.0,0.9836065573770492,-0.1010510059162526
C2298$@DOM1,269,1.0,0.0,10,1.0,1.0,-0.10106598987111609
U9550@DOM1,3,1.0,0.0,3,1.0,1.0,-0.10108798699149252
C9028$@DOM1,284,1.0,0.0,9,1.0,0.9964788732394366,-0.1011038565753527
C10375$@DOM1,283,1.0,0.0,9,1.0,0.9964664310954063,-0.1011038565753527
U6700@DOM1,108,1.0,0.0,11,1.0,1.0,-0.10112794375903211
C19132$@DOM1,138,1.0,0.0,9,1.0,0.9855072463768116,-0.10117597366262465
C9394$@DOM1,138,1.0,0.0,9,1.0,0.9855072463768116,-0.10117597366262465
U435@DOM1,186,1.0,0.0,11,1.0,1.0,-0.10120082224564447
C14204$@DOM1,179,1.0,0.0,3,1.0,1.0,-0.10124266634889201
C7995$@DOM1,153,1.0,0.0,8,1.0,0.9803921568627451,-0.10131632046192107
U5340@DOM1,110,1.0,0.0,11,1.0,1.0,-0.10138687271486879
NETWORK SERVICE@C12160,21,1.0,0.0,1,1.0,1.0,-0.1014949619682835
NETWORK SERVICE@C3841,21,1.0,0.0,1,1.0,1.0,-0.1014949619682835
NETWORK SERVICE@C15618,21,1.0,0.0,1,1.0,1.0,-0.1014949619682835
NETWORK SERVICE@C19000,21,1.0,0.0,1,1.0,1.0,-0.1014949619682835
NETWORK SERVICE@C4143,21,1.0,0.0,1,1.0,1.0,-0.1014949619682835
NETWORK SERVICE@C4051,21,1.0,0.0,1,1.0,1.0,-0.1014949619682835
NETWORK SERVICE@C4009,21,1.0,0.0,1,1.0,1.0,-0.1014949619682835
NETWORK SERVICE@C19955,21,1.0,0.0,1,1.0,1.0,-0.1014949619682835
C2019$@DOM1,21,1.0,0.0,1,1.0,1.0,-0.1014949619682835
NETWORK SERVICE@C19688,21,1.0,0.0,1,1.0,1.0,-0.1014949619682835
NETWORK SERVICE@C7184,21,1.0,0.0,1,1.0,1.0,-0.1014949619682835
NETWORK SERVICE@C2893,21,1.0,0.0,1,1.0,1.0,-0.1014949619682835
NETWORK SERVICE@C9285,21,1.0,0.0,1,1.0,1.0,-0.1014949619682835
NETWORK SERVICE@C11748,21,1.0,0.0,1,1.0,1.0,-0.1014949619682835
NETWORK SERVICE@C11934,21,1.0,0.0,1,1.0,1.0,-0.1014949619682835
NETWORK SERVICE@C12006,21,1.0,0.0,1,1.0,1.0,-0.1014949619682835
NETWORK SERVICE@C2288,21,1.0,0.0,1,1.0,1.0,-0.1014949619682835
NETWORK SERVICE@C14112,21,1.0,0.0,1,1.0,1.0,-0.1014949619682835
NETWORK SERVICE@C7620,21,1.0,0.0,1,1.0,1.0,-0.1014949619682835
NETWORK SERVICE@C12672,21,1.0,0.0,1,1.0,1.0,-0.1014949619682835
NETWORK SERVICE@C3653,21,1.0,0.0,1,1.0,1.0,-0.1014949619682835
NETWORK SERVICE@C17407,21,1.0,0.0,1,1.0,1.0,-0.1014949619682835
NETWORK SERVICE@C12541,21,1.0,0.0,1,1.0,1.0,-0.1014949619682835
NETWORK SERVICE@C9535,21,1.0,0.0,1,1.0,1.0,-0.1014949619682835
NETWORK SERVICE@C3049,21,1.0,0.0,1,1.0,1.0,-0.1014949619682835
NETWORK SERVICE@C6062,21,1.0,0.0,1,1.0,1.0,-0.1014949619682835
NETWORK SERVICE@C12594,21,1.0,0.0,1,1.0,1.0,-0.1014949619682835
NETWORK SERVICE@C17493,21,1.0,0.0,1,1.0,1.0,-0.1014949619682835
NETWORK SERVICE@C2780,21,1.0,0.0,1,1.0,1.0,-0.1014949619682835
NETWORK SERVICE@C14179,21,1.0,0.0,1,1.0,1.0,-0.1014949619682835
C8509$@DOM1,281,1.0,0.0,9,1.0,0.99644128113879,-0.10150992126228037
U1958@DOM1,334,1.0,0.0,7,1.0,1.0,-0.10152975741682929
U657@DOM1,111,1.0,0.0,11,1.0,1.0,-0.10158909354328449
U4444@DOM1,111,1.0,0.0,11,1.0,1.0,-0.10158909354328449
U7217@DOM1,111,1.0,0.0,11,1.0,1.0,-0.10158909354328449
U1584@DOM1,4,1.0,0.0,3,1.0,1.0,-0.10170068036860286
U1489@DOM1,94,1.0,0.0,9,1.0,0.9893617021276596,-0.1017086973405722
C1669$@DOM1,267,1.0,0.0,10,1.0,1.0,-0.10171146477546711
U5483@DOM1,14,1.0,0.0,3,1.0,1.0,-0.10182896921928519
U9375@DOM1,14,1.0,0.0,3,1.0,1.0,-0.10182896921928519
C10206$@DOM1,279,1.0,0.0,9,1.0,0.996415770609319,-0.10184623839535928
C7641$@DOM1,103,1.0,0.0,4,1.0,0.9902912621359223,-0.1018679270363636
C8840$@DOM1,256,1.0,0.0,8,1.0,0.98828125,-0.10189895393695919
C10392$@DOM1,159,1.0,0.0,8,1.0,0.9811320754716981,-0.10193432828748744
C19350$@DOM1,184,1.0,0.0,5,1.0,0.9836956521739131,-0.10194990216235073
C10410$@DOM1,139,1.0,0.0,6,1.0,0.9784172661870504,-0.10195242303877428
C18425$@DOM1,266,1.0,0.0,10,1.0,1.0,-0.10197506254786676
U8416@DOM1,15,1.0,0.0,3,1.0,1.0,-0.10198493620867011
U9313@DOM1,15,1.0,0.0,3,1.0,1.0,-0.10198493620867011
U1359@DOM1,15,1.0,0.0,3,1.0,1.0,-0.10198493620867011
U2335@DOM1,15,1.0,0.0,3,1.0,1.0,-0.10198493620867011
C5408$@DOM1,280,1.0,0.0,9,1.0,0.9964285714285714,-0.10200454516199392
C3603$@DOM1,183,1.0,0.0,11,1.0,1.0,-0.1020689651362936
U4137@DOM1,184,1.0,0.0,11,1.0,1.0,-0.1020689651362936
C18608$@DOM1,252,1.0,0.0,6,1.0,0.9880952380952381,-0.10206979193593857
C19276$@DOM1,173,1.0,0.0,11,1.0,1.0,-0.10209100858360631
U10283@DOM1,10,1.0,0.0,3,1.0,1.0,-0.10209885734477842
C2543$@DOM1,10,1.0,0.0,3,1.0,1.0,-0.10209885734477842
U2336@DOM1,10,1.0,0.0,3,1.0,1.0,-0.10209885734477842
C5689$@DOM1,10,1.0,0.0,3,1.0,1.0,-0.10209885734477842
U7998@DOM1,10,1.0,0.0,3,1.0,1.0,-0.10209885734477842
U8346@DOM1,10,1.0,0.0,3,1.0,1.0,-0.10209885734477842
C10986$@DOM1,220,1.0,0.0,10,1.0,0.9954545454545455,-0.10211999440631597
C18475$@DOM1,220,1.0,0.0,10,1.0,0.9954545454545455,-0.10211999440631597
C15806$@DOM1,220,1.0,0.0,10,1.0,0.9954545454545455,-0.10211999440631597
U4848@DOM1,13,1.0,0.0,3,1.0,1.0,-0.10213521283901505
U10060@DOM1,13,1.0,0.0,3,1.0,1.0,-0.10213521283901505
U8250@DOM1,13,1.0,0.0,3,1.0,1.0,-0.10213521283901505
U6528@DOM1,13,1.0,0.0,3,1.0,1.0,-0.10213521283901505
U263@DOM1,175,1.0,0.0,11,1.0,1.0,-0.10214649759485972
U6495@DOM1,175,1.0,0.0,11,1.0,1.0,-0.10214649759485972
U7293@DOM1,12,1.0,0.0,3,1.0,1.0,-0.10215270987207703
U8597@DOM1,113,1.0,0.0,11,1.0,1.0,-0.1021749155681812
U3243@DOM1,113,1.0,0.0,11,1.0,1.0,-0.1021749155681812
U240@DOM1,333,1.0,0.0,7,1.0,1.0,-0.10219769101522813
U5723@DOM1,16,1.0,0.0,3,1.0,1.0,-0.10220557172280609
U8480@DOM1,16,1.0,0.0,3,1.0,1.0,-0.10220557172280609
U4283@DOM1,16,1.0,0.0,3,1.0,1.0,-0.10220557172280609
U11351@DOM1,19,1.0,0.0,10,1.0,1.0,-0.10227729158792265
C3303$@DOM1,172,1.0,0.0,11,1.0,1.0,-0.1022928721961428
U5404@DOM1,172,1.0,0.0,11,1.0,1.0,-0.1022928721961428
C99$@DOM1,158,1.0,0.0,8,1.0,0.9810126582278481,-0.10229823908002472
C9439$@DOM1,116,1.0,0.0,8,1.0,0.9827586206896551,-0.10234809152774527
U1571@DOM1,9,1.0,0.0,3,1.0,1.0,-0.10235044457149117
C1642$@DOM1,9,1.0,0.0,3,1.0,1.0,-0.10235044457149117
U2336@DOM9,8,1.0,0.0,3,1.0,1.0,-0.10236973753171219
U1200@DOM1,8,1.0,0.0,3,1.0,1.0,-0.10236973753171219
C702$@DOM1,141,1.0,0.0,6,1.0,0.9787234042553191,-0.10237025642818509
C20094$@DOM1,141,1.0,0.0,6,1.0,0.9787234042553191,-0.10237025642818509
C1391$@DOM1,134,1.0,0.0,10,1.0,0.9925373134328358,-0.10238652665173509
C807$@DOM1,134,1.0,0.0,10,1.0,0.9925373134328358,-0.10238652665173509
U315@DOM1,173,1.0,0.0,3,1.0,1.0,-0.10239936901925556
C15487$@DOM1,143,1.0,0.0,6,1.0,0.9790209790209791,-0.10246539640888847
U3444@DOM1,180,1.0,0.0,11,1.0,1.0,-0.10254884639984357
U2432@DOM1,176,1.0,0.0,11,1.0,1.0,-0.10260870911068687
U5209@DOM1,176,1.0,0.0,11,1.0,1.0,-0.10260870911068687
NETWORK SERVICE@C9168,19,1.0,0.0,1,1.0,1.0,-0.10260886213610598
ANONYMOUS LOGON@C477,19,1.0,0.0,1,1.0,1.0,-0.10260886213610598
C5589$@DOM1,19,1.0,0.0,1,1.0,1.0,-0.10260886213610598
NETWORK SERVICE@C17001,19,1.0,0.0,1,1.0,1.0,-0.10260886213610598
NETWORK SERVICE@C9194,19,1.0,0.0,1,1.0,1.0,-0.10260886213610598
NETWORK SERVICE@C2625,19,1.0,0.0,1,1.0,1.0,-0.10260886213610598
NETWORK SERVICE@C21678,19,1.0,0.0,1,1.0,1.0,-0.10260886213610598
NETWORK SERVICE@C18191,19,1.0,0.0,1,1.0,1.0,-0.10260886213610598
NETWORK SERVICE@C253,19,1.0,0.0,1,1.0,1.0,-0.10260886213610598
ANONYMOUS LOGON@C1752,19,1.0,0.0,1,1.0,1.0,-0.10260886213610598
ANONYMOUS LOGON@C2925,19,1.0,0.0,1,1.0,1.0,-0.10260886213610598
NETWORK SERVICE@C14870,19,1.0,0.0,1,1.0,1.0,-0.10260886213610598
C7511$@DOM1,142,1.0,0.0,6,1.0,0.9788732394366197,-0.10261593161259219
U16@DOM1,222,1.0,0.0,4,1.0,0.9954954954954955,-0.10263072769742748
C205$@DOM1,135,1.0,0.0,10,1.0,0.9925925925925926,-0.10265545549944272
U125@DOM1,333,1.0,0.0,8,1.0,1.0,-0.10266341062368972
C2090$@DOM1,287,1.0,0.0,6,1.0,0.9930313588850174,-0.10272421685415911
C3680$@DOM1,116,1.0,0.0,5,1.0,0.9827586206896551,-0.10273876534035825
C7264$@DOM1,250,1.0,0.0,8,1.0,0.988,-0.1027479426419255
C16709$@DOM1,145,1.0,0.0,7,1.0,0.9793103448275862,-0.10278167988912357
C19107$@DOM1,136,1.0,0.0,10,1.0,0.9926470588235294,-0.10281189803774937
C5716$@DOM1,7,1.0,0.0,3,1.0,1.0,-0.1028201675835414
U7927@DOM9,7,1.0,0.0,3,1.0,1.0,-0.1028201675835414
U3974@DOM1,114,1.0,0.0,11,1.0,1.0,-0.1028300858246523
U5476@DOM1,114,1.0,0.0,11,1.0,1.0,-0.1028300858246523
C10287$@DOM1,242,1.0,0.0,9,1.0,0.9917355371900827,-0.10284030070813416
C14739$@DOM1,282,1.0,0.0,6,1.0,0.9929078014184397,-0.10284309730945612
U9321@DOM1,293,1.0,0.0,5,1.0,1.0,-0.10289540558469767
C2056$@DOM1,217,1.0,0.0,10,1.0,0.9953917050691244,-0.10292231075793457
U10292@DOM9,6,1.0,0.0,3,1.0,1.0,-0.10292255703652581
C16852$@DOM1,276,1.0,0.0,9,1.0,0.9963768115942029,-0.10292272264012375
C2255$@DOM1,249,1.0,0.0,8,1.0,0.9879518072289156,-0.1030328184684613
NETWORK SERVICE@C4015,20,1.0,0.0,1,1.0,1.0,-0.10305880682894653
ANONYMOUS LOGON@C1035,20,1.0,0.0,1,1.0,1.0,-0.10305880682894653
C5495$@DOM1,20,1.0,0.0,1,1.0,1.0,-0.10305880682894653
NETWORK SERVICE@C15944,20,1.0,0.0,1,1.0,1.0,-0.10305880682894653
NETWORK SERVICE@C18355,20,1.0,0.0,1,1.0,1.0,-0.10305880682894653
NETWORK SERVICE@C3093,20,1.0,0.0,1,1.0,1.0,-0.10305880682894653
NETWORK SERVICE@C6027,20,1.0,0.0,1,1.0,1.0,-0.10305880682894653
NETWORK SERVICE@C14866,20,1.0,0.0,1,1.0,1.0,-0.10305880682894653
ANONYMOUS LOGON@C7298,20,1.0,0.0,1,1.0,1.0,-0.10305880682894653
NETWORK SERVICE@C6747,20,1.0,0.0,1,1.0,1.0,-0.10305880682894653
C5664$@DOM3,20,1.0,0.0,1,1.0,1.0,-0.10305880682894653
U898@DOM1,20,1.0,0.0,1,1.0,1.0,-0.10305880682894653
LOCAL SERVICE@C4858,20,1.0,0.0,1,1.0,1.0,-0.10305880682894653
U1056@DOM1,170,1.0,0.0,11,1.0,1.0,-0.10311171852134338
U7006@DOM1,17,1.0,0.0,3,1.0,1.0,-0.10312186375594579
C6727$@DOM1,146,1.0,0.0,7,1.0,0.9794520547945206,-0.10314517366522252
C16467$@DOM1,146,1.0,0.0,7,1.0,0.9794520547945206,-0.10314517366522252
C9038$@DOM1,146,1.0,0.0,7,1.0,0.9794520547945206,-0.10314517366522252
C19112$@DOM1,273,1.0,0.0,9,1.0,0.9963369963369964,-0.10314611662598022
U839@DOM1,332,1.0,0.0,8,1.0,1.0,-0.10317920644594009
C4284$@DOM1,163,1.0,0.0,8,1.0,0.9815950920245399,-0.10320454366545284
C16253$@DOM1,163,1.0,0.0,8,1.0,0.9815950920245399,-0.10320454366545284
U936@DOM1,57,1.0,0.0,6,1.0,0.9824561403508771,-0.10333108252186224
U6789@DOM1,115,1.0,0.0,11,1.0,1.0,-0.10333620244693253
U2081@DOM1,115,1.0,0.0,11,1.0,1.0,-0.10333620244693253
U1202@DOM1,115,1.0,0.0,11,1.0,1.0,-0.10333620244693253
C2195$@DOM1,165,1.0,0.0,8,1.0,0.9818181818181818,-0.10334664893872453
C3713$@DOM1,19,1.0,0.0,3,1.0,1.0,-0.10343304166978268
C2260$@DOM1,19,1.0,0.0,3,1.0,1.0,-0.10343304166978268
C20813$@DOM1,101,1.0,0.0,9,1.0,0.9900990099009901,-0.10344235557467069
C6681$@DOM1,169,1.0,0.0,11,1.0,1.0,-0.10346917253710536
U4926@DOM1,5,1.0,0.0,3,1.0,1.0,-0.10351519505026574
U737@DOM9,5,1.0,0.0,3,1.0,1.0,-0.10351519505026574
C18473$@DOM1,246,1.0,0.0,8,1.0,0.9878048780487805,-0.10353322039767965
C8015$@DOM1,228,1.0,0.0,9,1.0,0.9912280701754386,-0.1036300261984961
U5168@DOM1,116,1.0,0.0,11,1.0,1.0,-0.10372208927027832
C1536$@DOM1,227,1.0,0.0,9,1.0,0.9911894273127754,-0.10374378010748636
C3498$@DOM1,18,1.0,0.0,3,1.0,1.0,-0.10381056079196649
C19595$@DOM1,18,1.0,0.0,3,1.0,1.0,-0.10381056079196649
U3666@DOM1,166,1.0,0.0,11,1.0,1.0,-0.10388728778798678
U6357@DOM1,165,1.0,0.0,11,1.0,1.0,-0.10388728778798678
U868@DOM1,165,1.0,0.0,11,1.0,1.0,-0.10388728778798678
C767$@DOM1,237,1.0,0.0,9,1.0,0.9915611814345991,-0.10391879501118456
C1092$@DOM1,229,1.0,0.0,9,1.0,0.9912663755458515,-0.10395461066164896
C21639$@DOM1,300,1.0,0.0,8,1.0,0.9966666666666667,-0.10401039775428139
C13952$@DOM1,238,1.0,0.0,5,1.0,0.9915966386554622,-0.10409020298244054
C10484$@DOM1,238,1.0,0.0,5,1.0,0.9915966386554622,-0.10409020298244054
C661$@DOM1,143,1.0,0.0,10,1.0,0.993006993006993,-0.10413220982032817
C10249$@DOM1,236,1.0,0.0,9,1.0,0.9915254237288136,-0.10420816700622121
C482$@DOM1,236,1.0,0.0,9,1.0,0.9915254237288136,-0.10420816700622121
C6236$@DOM1,211,1.0,0.0,10,1.0,0.995260663507109,-0.10428973531921099
C855$@DOM1,211,1.0,0.0,10,1.0,0.995260663507109,-0.10428973531921099
C2670$@DOM1,212,1.0,0.0,10,1.0,0.9952830188679245,-0.10428973531921099
C10492$@DOM1,212,1.0,0.0,10,1.0,0.9952830188679245,-0.10428973531921099
C19852$@DOM1,212,1.0,0.0,10,1.0,0.9952830188679245,-0.10428973531921099
C19873$@DOM1,210,1.0,0.0,10,1.0,0.9952380952380953,-0.10429657756153204
C10305$@DOM1,210,1.0,0.0,10,1.0,0.9952380952380953,-0.10429657756153204
C520$@DOM1,224,1.0,0.0,9,1.0,0.9910714285714286,-0.10429777645582844
C1898$@DOM1,213,1.0,0.0,10,1.0,0.9953051643192489,-0.10430361647617437
C9647$@DOM1,117,1.0,0.0,5,1.0,0.9829059829059829,-0.10431640322576707
C13724$@DOM1,117,1.0,0.0,5,1.0,0.9829059829059829,-0.10431640322576707
C7162$@DOM1,117,1.0,0.0,5,1.0,0.9829059829059829,-0.10431640322576707
C245$@DOM1,201,1.0,0.0,10,1.0,0.9950248756218906,-0.10433374013232499
C13918$@DOM1,222,1.0,0.0,9,1.0,0.990990990990991,-0.10433959632009643
C4861$@DOM1,18,1.0,0.0,1,1.0,1.0,-0.10434609103791309
NETWORK SERVICE@C4400,18,1.0,0.0,1,1.0,1.0,-0.10434609103791309
ANONYMOUS LOGON@C2091,18,1.0,0.0,1,1.0,1.0,-0.10434609103791309
ANONYMOUS LOGON@C965,18,1.0,0.0,1,1.0,1.0,-0.10434609103791309
ANONYMOUS LOGON@C2844,18,1.0,0.0,1,1.0,1.0,-0.10434609103791309
ANONYMOUS LOGON@C801,18,1.0,0.0,1,1.0,1.0,-0.10434609103791309
ANONYMOUS LOGON@C3894,18,1.0,0.0,1,1.0,1.0,-0.10434609103791309
LOCAL SERVICE@C1808,18,1.0,0.0,1,1.0,1.0,-0.10434609103791309
ANONYMOUS LOGON@C1215,18,1.0,0.0,1,1.0,1.0,-0.10434609103791309
ANONYMOUS LOGON@C2719,18,1.0,0.0,1,1.0,1.0,-0.10434609103791309
ANONYMOUS LOGON@C589,18,1.0,0.0,1,1.0,1.0,-0.10434609103791309
ANONYMOUS LOGON@C385,18,1.0,0.0,1,1.0,1.0,-0.10434609103791309
ANONYMOUS LOGON@C366,18,1.0,0.0,1,1.0,1.0,-0.10434609103791309
ANONYMOUS LOGON@C3130,18,1.0,0.0,1,1.0,1.0,-0.10434609103791309
U9834@DOM1,18,1.0,0.0,1,1.0,1.0,-0.10434609103791309
C4435$@DOM1,18,1.0,0.0,1,1.0,1.0,-0.10434609103791309
ANONYMOUS LOGON@C8705,18,1.0,0.0,1,1.0,1.0,-0.10434609103791309
ANONYMOUS LOGON@C3443,18,1.0,0.0,1,1.0,1.0,-0.10434609103791309
ANONYMOUS LOGON@C310,18,1.0,0.0,1,1.0,1.0,-0.10434609103791309
C62$@DOM1,199,1.0,0.0,10,1.0,0.9949748743718593,-0.1043505329084039
U1508@DOM1,102,1.0,0.0,9,1.0,0.9901960784313726,-0.10436427720484864
C6750$@DOM1,205,1.0,0.0,10,1.0,0.9951219512195122,-0.10441456042154473
C9508$@DOM1,202,1.0,0.0,10,1.0,0.995049504950495,-0.10445764389972578
C4936$@DOM1,202,1.0,0.0,10,1.0,0.995049504950495,-0.10445764389972578
C12578$@DOM1,203,1.0,0.0,10,1.0,0.9950738916256158,-0.10447151916660846
C1039$@DOM1,206,1.0,0.0,10,1.0,0.9951456310679612,-0.1044715422522865
C11646$@DOM1,219,1.0,0.0,4,1.0,0.9954337899543378,-0.10447324835325611
C493$@DOM1,212,1.0,0.0,9,1.0,0.9905660377358491,-0.10450080283165186
C14010$@DOM1,162,1.0,0.0,8,1.0,0.9814814814814815,-0.10453033863993216
C8350$@DOM1,162,1.0,0.0,8,1.0,0.9814814814814815,-0.10453033863993216
C4137$@DOM1,144,1.0,0.0,10,1.0,0.9930555555555556,-0.1045305316183307
C1965$@DOM1,221,1.0,0.0,9,1.0,0.9909502262443439,-0.10453158581011113
C1184$@DOM1,208,1.0,0.0,10,1.0,0.9951923076923077,-0.10461381697886052
C10065$@DOM1,214,1.0,0.0,10,1.0,0.9953271028037384,-0.1046519973855139
C8713$@DOM1,169,1.0,0.0,8,1.0,0.9822485207100592,-0.1046572141268281
U7588@DOM1,162,1.0,0.0,11,1.0,1.0,-0.10467997808003532
C11804$@DOM1,207,1.0,0.0,10,1.0,0.9951690821256038,-0.10468068954321846
C1473$@DOM1,197,1.0,0.0,10,1.0,0.9949238578680203,-0.10468267555721117
U1014@DOM1,123,1.0,0.0,11,1.0,1.0,-0.1046931205032009
U6315@DOM1,123,1.0,0.0,11,1.0,1.0,-0.1046931205032009
U5468@DOM1,123,1.0,0.0,11,1.0,1.0,-0.1046931205032009
U369@DOM1,123,1.0,0.0,11,1.0,1.0,-0.1046931205032009
C4941$@DOM1,268,1.0,0.0,7,1.0,0.9888059701492538,-0.10469649247834334
C19857$@DOM1,144,1.0,0.0,9,1.0,0.9861111111111112,-0.10472320369020688
C1328$@DOM1,144,1.0,0.0,9,1.0,0.9861111111111112,-0.10472320369020688
C10136$@DOM1,178,1.0,0.0,8,1.0,0.9831460674157303,-0.10473097791264574
C5843$@DOM1,178,1.0,0.0,8,1.0,0.9831460674157303,-0.10473097791264574
C14238$@DOM1,265,1.0,0.0,7,1.0,0.9886792452830189,-0.1047318813777382
C18320$@DOM1,233,1.0,0.0,9,1.0,0.9914163090128756,-0.10473208813195933
C2451$@DOM1,160,1.0,0.0,11,1.0,1.0,-0.1047333417500454
U5809@DOM1,124,1.0,0.0,11,1.0,1.0,-0.10476694465493736
U2756@DOM1,124,1.0,0.0,11,1.0,1.0,-0.10476694465493736
C10303$@DOM1,168,1.0,0.0,8,1.0,0.9821428571428571,-0.10476724625794603
C14251$@DOM1,168,1.0,0.0,8,1.0,0.9821428571428571,-0.10476724625794603
C5582$@DOM1,159,1.0,0.0,11,1.0,1.0,-0.10487162357415242
U7813@DOM1,159,1.0,0.0,11,1.0,1.0,-0.10487162357415242
U3691@DOM1,133,1.0,0.0,11,1.0,1.0,-0.10489444464456998
U5319@DOM1,122,1.0,0.0,11,1.0,1.0,-0.10498554148742595
U2764@DOM1,122,1.0,0.0,11,1.0,1.0,-0.10498554148742595
C11284$@DOM1,122,1.0,0.0,11,1.0,1.0,-0.10498554148742595
U4403@DOM1,122,1.0,0.0,11,1.0,1.0,-0.10498554148742595
C3038$@DOM1,108,1.0,0.0,4,1.0,0.9907407407407407,-0.10499511791459437
C697$@DOM1,209,1.0,0.0,9,1.0,0.9904306220095693,-0.10502058102375122
C1009$@DOM1,196,1.0,0.0,10,1.0,0.9948979591836735,-0.10504743519797088
C7834$@DOM1,196,1.0,0.0,10,1.0,0.9948979591836735,-0.10504743519797088
U570@DOM1,20,1.0,0.0,3,1.0,1.0,-0.10506126282313022
U10292@DOM1,20,1.0,0.0,3,1.0,1.0,-0.10506126282313022
C10510$@DOM1,234,1.0,0.0,9,1.0,0.9914529914529915,-0.10508307625814511
C3847$@DOM1,145,1.0,0.0,9,1.0,0.9862068965517241,-0.10510359199700153
C11875$@DOM1,148,1.0,0.0,7,1.0,0.9797297297297297,-0.1051225158955918
C3224$@DOM1,105,1.0,0.0,6,1.0,0.9809523809523809,-0.10512591414554684
U8647@DOM1,136,1.0,0.0,11,1.0,1.0,-0.10513665193245403
U6569@DOM1,135,1.0,0.0,11,1.0,1.0,-0.10513665193245403
U545@DOM1,136,1.0,0.0,11,1.0,1.0,-0.10513665193245403
U6364@DOM1,136,1.0,0.0,11,1.0,1.0,-0.10513665193245403
U9876@DOM1,158,1.0,0.0,11,1.0,1.0,-0.1051539476773039
U1073@DOM1,158,1.0,0.0,11,1.0,1.0,-0.1051539476773039
C5577$@DOM1,149,1.0,0.0,10,1.0,0.9932885906040269,-0.1051849665779343
U4195@DOM1,155,1.0,0.0,11,1.0,1.0,-0.10521013212943492
U920@DOM1,155,1.0,0.0,11,1.0,1.0,-0.10521013212943492
C8937$@DOM1,215,1.0,0.0,9,1.0,0.9906976744186047,-0.10523443592490034
U8792@DOM1,126,1.0,0.0,11,1.0,1.0,-0.10524327928156474
U6561@DOM1,126,1.0,0.0,11,1.0,1.0,-0.10524327928156474
U3984@DOM1,127,1.0,0.0,11,1.0,1.0,-0.10524327928156474
U9174@DOM1,127,1.0,0.0,11,1.0,1.0,-0.10524327928156474
C21099$@DOM1,202,1.0,0.0,9,1.0,0.9900990099009901,-0.10526542199912153
U2092@DOM1,134,1.0,0.0,11,1.0,1.0,-0.10527020890928757
U2887@DOM1,134,1.0,0.0,11,1.0,1.0,-0.10527020890928757
C11898$@DOM1,134,1.0,0.0,11,1.0,1.0,-0.10527020890928757
C18894$@DOM1,199,1.0,0.0,9,1.0,0.9899497487437185,-0.1053039351007814
C315$@DOM1,234,1.0,0.0,5,1.0,0.9914529914529915,-0.10532034638526666
U1373@DOM1,120,1.0,0.0,11,1.0,1.0,-0.10532113585293895
U5150@DOM1,120,1.0,0.0,11,1.0,1.0,-0.10532113585293895
U7646@DOM1,120,1.0,0.0,11,1.0,1.0,-0.10532113585293895
U2229@DOM1,129,1.0,0.0,11,1.0,1.0,-0.10535862203964513
U3677@DOM1,130,1.0,0.0,11,1.0,1.0,-0.10535862203964513
U1236@DOM1,129,1.0,0.0,11,1.0,1.0,-0.10535862203964513
U3154@DOM1,130,1.0,0.0,11,1.0,1.0,-0.10535862203964513
U3687@DOM1,21,1.0,0.0,3,1.0,1.0,-0.10538086409592218
C2187$@DOM1,21,1.0,0.0,3,1.0,1.0,-0.10538086409592218
U1376@DOM1,143,1.0,0.0,11,1.0,1.0,-0.10540256846972385
C19274$@DOM1,220,1.0,0.0,9,1.0,0.990909090909091,-0.10542849973744323
C13767$@DOM1,218,1.0,0.0,9,1.0,0.9908256880733946,-0.10543140199809109
U4189@DOM1,119,1.0,0.0,11,1.0,1.0,-0.10543431538477849
U349@DOM1,119,1.0,0.0,11,1.0,1.0,-0.10543431538477849
C16420$@DOM1,146,1.0,0.0,9,1.0,0.9863013698630136,-0.1054376177107143
C491$@DOM1,155,1.0,0.0,10,1.0,0.9935483870967742,-0.10544017206549106
C483$@DOM1,157,1.0,0.0,10,1.0,0.9936305732484076,-0.10545458003891384
C17558$@DOM1,157,1.0,0.0,10,1.0,0.9936305732484076,-0.10545458003891384
C5552$@DOM1,157,1.0,0.0,10,1.0,0.9936305732484076,-0.10545458003891384
C15848$@DOM1,157,1.0,0.0,10,1.0,0.9936305732484076,-0.10545458003891384
C12036$@DOM1,156,1.0,0.0,10,1.0,0.9935897435897436,-0.1054631796388974
C5632$@DOM1,205,1.0,0.0,9,1.0,0.9902439024390244,-0.1054679149236536
C11159$@DOM1,163,1.0,0.0,10,1.0,0.9938650306748467,-0.10551382816604477
C4299$@DOM1,140,1.0,0.0,11,1.0,1.0,-0.1055224048811208
U5602@DOM1,140,1.0,0.0,11,1.0,1.0,-0.1055224048811208
U882@DOM1,140,1.0,0.0,11,1.0,1.0,-0.1055224048811208
U1322@DOM1,139,1.0,0.0,11,1.0,1.0,-0.1055224048811208
U6277@DOM1,140,1.0,0.0,11,1.0,1.0,-0.1055224048811208
U4197@DOM1,139,1.0,0.0,11,1.0,1.0,-0.1055224048811208
U788@DOM1,139,1.0,0.0,11,1.0,1.0,-0.1055224048811208
C478$@DOM1,159,1.0,0.0,10,1.0,0.9937106918238994,-0.10555401752596077
C19122$@DOM1,152,1.0,0.0,10,1.0,0.993421052631579,-0.10555739881387588
U5396@DOM1,141,1.0,0.0,11,1.0,1.0,-0.10561604316172052
U5423@DOM1,141,1.0,0.0,11,1.0,1.0,-0.10561604316172052
C8827$@DOM1,268,1.0,0.0,9,1.0,0.996268656716418,-0.10562062231549396
C15468$@DOM1,106,1.0,0.0,6,1.0,0.9811320754716981,-0.10565697289142095
C11088$@DOM1,148,1.0,0.0,10,1.0,0.9932432432432432,-0.10566882473533795
C19369$@DOM1,245,1.0,0.0,6,1.0,0.9877551020408163,-0.10567149319545482
U4178@DOM1,118,1.0,0.0,11,1.0,1.0,-0.10569727584639238
U1340@DOM1,149,1.0,0.0,11,1.0,1.0,-0.1057619940686026
U2680@DOM1,154,1.0,0.0,11,1.0,1.0,-0.10585477712987934
C16794$@DOM1,192,1.0,0.0,10,1.0,0.9947916666666666,-0.10588297736306967
C14139$@DOM1,198,1.0,0.0,9,1.0,0.98989898989899,-0.10588537468064907
C13762$@DOM1,147,1.0,0.0,11,1.0,1.0,-0.10589732342089514
U7522@DOM1,147,1.0,0.0,11,1.0,1.0,-0.10589732342089514
U9153@DOM1,147,1.0,0.0,11,1.0,1.0,-0.10589732342089514
U9030@DOM1,144,1.0,0.0,11,1.0,1.0,-0.10590923241393502
U2185@DOM1,144,1.0,0.0,11,1.0,1.0,-0.10590923241393502
U4225@DOM1,144,1.0,0.0,11,1.0,1.0,-0.10590923241393502
U7658@DOM1,144,1.0,0.0,11,1.0,1.0,-0.10590923241393502
U1000@DOM1,144,1.0,0.0,11,1.0,1.0,-0.10590923241393502
C4776$@DOM1,256,1.0,0.0,10,1.0,1.0,-0.10592200722550177
U1651@DOM1,256,1.0,0.0,10,1.0,1.0,-0.10592200722550177
C1109$@DOM1,204,1.0,0.0,9,1.0,0.9901960784313726,-0.10594298338275426
U453@DOM1,138,1.0,0.0,11,1.0,1.0,-0.10595102293609465
C173$@DOM1,185,1.0,0.0,10,1.0,0.9945945945945946,-0.10595820707013903
C15795$@DOM1,185,1.0,0.0,10,1.0,0.9945945945945946,-0.10595820707013903
U2275@DOM1,152,1.0,0.0,11,1.0,1.0,-0.1059611535571714
U4650@DOM1,152,1.0,0.0,11,1.0,1.0,-0.1059611535571714
C96$@DOM1,70,1.0,0.0,5,1.0,0.9857142857142858,-0.10596158079558948
C15813$@DOM1,241,1.0,0.0,8,1.0,0.9875518672199171,-0.10597135865054313
C19744$@DOM1,242,1.0,0.0,8,1.0,0.987603305785124,-0.10597135865054313
C21319$@DOM1,187,1.0,0.0,10,1.0,0.9946524064171123,-0.10602216086826705
U1703@DOM1,146,1.0,0.0,11,1.0,1.0,-0.10603062311129047
C5526$@DOM1,146,1.0,0.0,11,1.0,1.0,-0.10603062311129047
C7381$@DOM1,153,1.0,0.0,10,1.0,0.9934640522875817,-0.10603729605521273
C6411$@DOM1,169,1.0,0.0,10,1.0,0.9940828402366864,-0.10608989255546258
C13403$@DOM1,169,1.0,0.0,10,1.0,0.9940828402366864,-0.10608989255546258
C8664$@DOM1,169,1.0,0.0,10,1.0,0.9940828402366864,-0.10608989255546258
C5252$@DOM1,254,1.0,0.0,10,1.0,1.0,-0.10609623659050027
C13738$@DOM1,166,1.0,0.0,3,1.0,1.0,-0.10611206081234187
C18800$@DOM1,165,1.0,0.0,3,1.0,1.0,-0.10611206081234187
C6693$@DOM1,118,1.0,0.0,5,1.0,0.9830508474576272,-0.10614425040802666
U2424@DOM1,151,1.0,0.0,11,1.0,1.0,-0.10617561969031608
U693@DOM1,151,1.0,0.0,11,1.0,1.0,-0.10617561969031608
U1606@DOM1,151,1.0,0.0,11,1.0,1.0,-0.10617561969031608
C13328$@DOM1,232,1.0,0.0,5,1.0,0.9913793103448276,-0.10618121563696215
C20356$@DOM1,162,1.0,0.0,10,1.0,0.9938271604938271,-0.10618386054521656
C239$@DOM1,105,1.0,0.0,9,1.0,0.9904761904761905,-0.10618844301322117
C5591$@DOM1,17,1.0,0.0,1,1.0,1.0,-0.10620160012808283
U10261@DOM1,17,1.0,0.0,1,1.0,1.0,-0.10620160012808283
U1252@DOM1,17,1.0,0.0,1,1.0,1.0,-0.10620160012808283
NETWORK SERVICE@C6037,17,1.0,0.0,1,1.0,1.0,-0.10620160012808283
C16625$@DOM1,148,1.0,0.0,9,1.0,0.9864864864864865,-0.1062128661622499
C6893$@DOM1,148,1.0,0.0,9,1.0,0.9864864864864865,-0.1062128661622499
U6321@DOM1,148,1.0,0.0,11,1.0,1.0,-0.10621348344890036
C560$@DOM1,266,1.0,0.0,9,1.0,0.9962406015037594,-0.10621733350686313
U177@DOM1,153,1.0,0.0,11,1.0,1.0,-0.10622924085944668
U1917@DOM1,153,1.0,0.0,11,1.0,1.0,-0.10622924085944668
U2811@DOM1,22,1.0,0.0,3,1.0,1.0,-0.10624942376877006
U9351@DOM1,22,1.0,0.0,3,1.0,1.0,-0.10624942376877006
U9732@DOM1,22,1.0,0.0,3,1.0,1.0,-0.10624942376877006
C2780$@DOM1,164,1.0,0.0,3,1.0,1.0,-0.10627843510988827
C12668$@DOM1,197,1.0,0.0,9,1.0,0.9898477157360406,-0.10637631200178216
C2671$@DOM1,171,1.0,0.0,10,1.0,0.9941520467836257,-0.10638014103557425
C10033$@DOM1,171,1.0,0.0,10,1.0,0.9941520467836257,-0.10638014103557425
U5327@DOM1,145,1.0,0.0,11,1.0,1.0,-0.10638867750104147
U8901@DOM1,150,1.0,0.0,11,1.0,1.0,-0.1064172183434065
C8488$@DOM1,110,1.0,0.0,7,1.0,0.9818181818181818,-0.1064542693031239
C19037$@DOM1,110,1.0,0.0,7,1.0,0.9818181818181818,-0.1064542693031239
C5695$@DOM1,23,1.0,0.0,3,1.0,1.0,-0.10648503589991754
U1636@DOM1,23,1.0,0.0,3,1.0,1.0,-0.10648503589991754
C20442$@DOM1,179,1.0,0.0,10,1.0,0.994413407821229,-0.10651384570924882
C1291$@DOM1,173,1.0,0.0,10,1.0,0.9942196531791907,-0.10651759927988319
C7133$@DOM1,173,1.0,0.0,10,1.0,0.9942196531791907,-0.10651759927988319
C9368$@DOM1,184,1.0,0.0,10,1.0,0.9945652173913043,-0.1065463962807035
C6251$@DOM1,183,1.0,0.0,10,1.0,0.994535519125683,-0.1065463962807035
C8728$@DOM1,184,1.0,0.0,10,1.0,0.9945652173913043,-0.1065463962807035
C57$@DOM1,181,1.0,0.0,10,1.0,0.994475138121547,-0.10660267500979809
C9572$@DOM1,181,1.0,0.0,10,1.0,0.994475138121547,-0.10660267500979809
C19050$@DOM1,182,1.0,0.0,10,1.0,0.9945054945054945,-0.10660307103262495
C106$@DOM1,151,1.0,0.0,9,1.0,0.9867549668874173,-0.10660435066841589
C1906$@DOM1,148,1.0,0.0,6,1.0,0.9797297297297297,-0.10660831808195276
C13585$@DOM1,148,1.0,0.0,6,1.0,0.9797297297297297,-0.10660831808195276
U10026@DOM1,24,1.0,0.0,3,1.0,1.0,-0.10660984064103579
U9420@DOM1,24,1.0,0.0,3,1.0,1.0,-0.10660984064103579
U3956@DOM1,24,1.0,0.0,3,1.0,1.0,-0.10660984064103579
U3365@DOM1,24,1.0,0.0,3,1.0,1.0,-0.10660984064103579
U9162@DOM1,24,1.0,0.0,3,1.0,1.0,-0.10660984064103579
C5676$@DOM1,24,1.0,0.0,3,1.0,1.0,-0.10660984064103579
C3992$@DOM1,174,1.0,0.0,10,1.0,0.9942528735632183,-0.10668281657304629
C8990$@DOM1,155,1.0,0.0,9,1.0,0.9870967741935484,-0.106685524053032
C7420$@DOM1,239,1.0,0.0,6,1.0,0.9874476987447699,-0.10670254972246562
C808$@DOM1,250,1.0,0.0,10,1.0,1.0,-0.1067195061470731
C167$@DOM1,180,1.0,0.0,10,1.0,0.9944444444444445,-0.10672493399571531
C6806$@DOM1,239,1.0,0.0,8,1.0,0.9874476987447699,-0.10673881200235502
C9436$@DOM1,196,1.0,0.0,9,1.0,0.9897959183673469,-0.10673950892271433
C19256$@DOM1,252,1.0,0.0,10,1.0,1.0,-0.10674316975308229
C1723$@DOM1,111,1.0,0.0,4,1.0,0.990990990990991,-0.10675600066974
C17262$@DOM1,290,1.0,0.0,7,1.0,0.993103448275862,-0.10676028603851062
C901$@DOM1,151,1.0,0.0,7,1.0,0.9801324503311258,-0.10677996295878195
C1038$@DOM1,151,1.0,0.0,7,1.0,0.9801324503311258,-0.10677996295878195
C14374$@DOM1,189,1.0,0.0,9,1.0,0.9894179894179894,-0.10681840357360795
C21170$@DOM1,176,1.0,0.0,10,1.0,0.9943181818181818,-0.10686537096981485
U1089@DOM1,106,1.0,0.0,9,1.0,0.9905660377358491,-0.10691827820863364
C11789$@DOM1,215,1.0,0.0,4,1.0,0.9953488372093023,-0.10694295401124204
C28$@DOM1,237,1.0,0.0,6,1.0,0.9873417721518988,-0.10694758328207477
C10666$@DOM1,149,1.0,0.0,6,1.0,0.9798657718120806,-0.10698228643548297
C6998$@DOM1,149,1.0,0.0,6,1.0,0.9798657718120806,-0.10698228643548297
C19462$@DOM1,149,1.0,0.0,6,1.0,0.9798657718120806,-0.10698228643548297
C13171$@DOM1,179,1.0,0.0,8,1.0,0.9832402234636871,-0.10702417962204425
C13672$@DOM1,256,1.0,0.0,7,1.0,0.98828125,-0.10702741187349224
C17370$@DOM1,248,1.0,0.0,10,1.0,1.0,-0.10706167488276697
C2991$@DOM1,153,1.0,0.0,9,1.0,0.9869281045751634,-0.10713448291447342
C6269$@DOM1,153,1.0,0.0,9,1.0,0.9869281045751634,-0.10713448291447342
C1565$@DOM1,261,1.0,0.0,9,1.0,0.9961685823754789,-0.1071833904310393
C3511$@DOM1,154,1.0,0.0,9,1.0,0.987012987012987,-0.10718695076940893
C1491$@DOM1,154,1.0,0.0,9,1.0,0.987012987012987,-0.10718695076940893
C18852$@DOM1,233,1.0,0.0,8,1.0,0.9871244635193133,-0.10720657110061294
C524$@DOM1,233,1.0,0.0,8,1.0,0.9871244635193133,-0.10720657110061294
C11492$@DOM1,233,1.0,0.0,8,1.0,0.9871244635193133,-0.10720657110061294
C8133$@DOM1,191,1.0,0.0,9,1.0,0.9895287958115183,-0.10732114487625288
C17540$@DOM1,192,1.0,0.0,9,1.0,0.9895833333333334,-0.10732114487625288
LOCAL SERVICE@C11157,16,1.0,0.0,1,1.0,1.0,-0.10743742572951637
ANONYMOUS LOGON@C1015,16,1.0,0.0,1,1.0,1.0,-0.10743742572951637
ANONYMOUS LOGON@C13444,16,1.0,0.0,1,1.0,1.0,-0.10743742572951637
ANONYMOUS LOGON@C2013,16,1.0,0.0,1,1.0,1.0,-0.10743742572951637
ANONYMOUS LOGON@C3421,16,1.0,0.0,1,1.0,1.0,-0.10743742572951637
ANONYMOUS LOGON@C1784,16,1.0,0.0,1,1.0,1.0,-0.10743742572951637
ANONYMOUS LOGON@C1268,16,1.0,0.0,1,1.0,1.0,-0.10743742572951637
U5025@DOM1,16,1.0,0.0,1,1.0,1.0,-0.10743742572951637
ANONYMOUS LOGON@C832,16,1.0,0.0,1,1.0,1.0,-0.10743742572951637
ANONYMOUS LOGON@C3074,16,1.0,0.0,1,1.0,1.0,-0.10743742572951637
ANONYMOUS LOGON@C2079,16,1.0,0.0,1,1.0,1.0,-0.10743742572951637
LOCAL SERVICE@C18713,16,1.0,0.0,1,1.0,1.0,-0.10743742572951637
ANONYMOUS LOGON@C490,16,1.0,0.0,1,1.0,1.0,-0.10743742572951637
ANONYMOUS LOGON@C155,16,1.0,0.0,1,1.0,1.0,-0.10743742572951637
ANONYMOUS LOGON@C3388,16,1.0,0.0,1,1.0,1.0,-0.10743742572951637
ANONYMOUS LOGON@C583,16,1.0,0.0,1,1.0,1.0,-0.10743742572951637
ANONYMOUS LOGON@C648,16,1.0,0.0,1,1.0,1.0,-0.10743742572951637
LOCAL SERVICE@C3301,16,1.0,0.0,1,1.0,1.0,-0.10743742572951637
ANONYMOUS LOGON@C1121,16,1.0,0.0,1,1.0,1.0,-0.10743742572951637
ANONYMOUS LOGON@C2813,16,1.0,0.0,1,1.0,1.0,-0.10743742572951637
C7505$@DOM1,157,1.0,0.0,9,1.0,0.9872611464968153,-0.10747472889397203
C17052$@DOM1,180,1.0,0.0,8,1.0,0.9833333333333333,-0.10749162648641525
C7720$@DOM1,180,1.0,0.0,8,1.0,0.9833333333333333,-0.10749162648641525
C17774$@DOM1,226,1.0,0.0,5,1.0,0.9911504424778761,-0.10755244583842666
C14049$@DOM1,227,1.0,0.0,5,1.0,0.9911894273127754,-0.10755244583842666
C1077$@DOM1,187,1.0,0.0,9,1.0,0.9893048128342246,-0.10757745803916191
C1483$@DOM1,187,1.0,0.0,9,1.0,0.9893048128342246,-0.10757745803916191
C19154$@DOM1,228,1.0,0.0,5,1.0,0.9912280701754386,-0.1075942695212187
C14504$@DOM1,252,1.0,0.0,7,1.0,0.9880952380952381,-0.10760873462563286
C6077$@DOM1,230,1.0,0.0,5,1.0,0.991304347826087,-0.10760979276684762
C11358$@DOM1,158,1.0,0.0,9,1.0,0.9873417721518988,-0.1076535512173335
C3674$@DOM1,158,1.0,0.0,9,1.0,0.9873417721518988,-0.1076535512173335
U9408@DOM1,25,1.0,0.0,3,1.0,1.0,-0.10765943868801114
U7333@DOM1,25,1.0,0.0,3,1.0,1.0,-0.10765943868801114
U10293@DOM1,25,1.0,0.0,3,1.0,1.0,-0.10765943868801114
C14649$@DOM1,163,1.0,0.0,9,1.0,0.9877300613496932,-0.10766114358989975
C14229$@DOM1,225,1.0,0.0,5,1.0,0.9911111111111112,-0.10769985885428934
C5593$@DOM1,185,1.0,0.0,9,1.0,0.9891891891891892,-0.10770385653612424
C1229$@DOM1,164,1.0,0.0,9,1.0,0.9878048780487805,-0.10776803381602884
C8739$@DOM1,164,1.0,0.0,9,1.0,0.9878048780487805,-0.10776803381602884
C12083$@DOM1,214,1.0,0.0,4,1.0,0.9953271028037384,-0.10793494998957204
C2831$@DOM1,177,1.0,0.0,9,1.0,0.9887005649717514,-0.107980868591182
C14919$@DOM1,177,1.0,0.0,9,1.0,0.9887005649717514,-0.107980868591182
C20405$@DOM1,161,1.0,0.0,9,1.0,0.9875776397515528,-0.10802669542999355
C18339$@DOM1,161,1.0,0.0,9,1.0,0.9875776397515528,-0.10802669542999355
C11078$@DOM1,161,1.0,0.0,9,1.0,0.9875776397515528,-0.10802669542999355
C10640$@DOM1,161,1.0,0.0,9,1.0,0.9875776397515528,-0.10802669542999355
C957$@DOM1,259,1.0,0.0,9,1.0,0.9961389961389961,-0.10803456061499095
C8329$@DOM1,72,1.0,0.0,5,1.0,0.9861111111111112,-0.10806182254531771
C13070$@DOM1,278,1.0,0.0,5,1.0,1.0,-0.10807845906263203
C6265$@DOM1,176,1.0,0.0,9,1.0,0.9886363636363636,-0.10809587253030623
C7158$@DOM1,176,1.0,0.0,9,1.0,0.9886363636363636,-0.10809587253030623
C6342$@DOM1,247,1.0,0.0,7,1.0,0.9878542510121457,-0.10810449878474143
C1002$@DOM1,247,1.0,0.0,7,1.0,0.9878542510121457,-0.10810449878474143
C15841$@DOM1,311,1.0,0.0,7,1.0,1.0,-0.10814464477527452
C20267$@DOM1,178,1.0,0.0,9,1.0,0.9887640449438202,-0.10816030131248966
C1287$@DOM1,180,1.0,0.0,9,1.0,0.9888888888888889,-0.10816119137483005
C1027$@DOM1,180,1.0,0.0,9,1.0,0.9888888888888889,-0.10816119137483005
C8253$@DOM1,277,1.0,0.0,5,1.0,1.0,-0.10821102101455715
C11511$@DOM1,231,1.0,0.0,8,1.0,0.987012987012987,-0.10821648022221425
C16083$@DOM1,232,1.0,0.0,8,1.0,0.9870689655172413,-0.10821648022221425
C10412$@DOM1,174,1.0,0.0,9,1.0,0.9885057471264368,-0.10821879325013262
C21143$@DOM1,181,1.0,0.0,9,1.0,0.988950276243094,-0.10822284112449948
C19149$@DOM1,181,1.0,0.0,9,1.0,0.988950276243094,-0.10822284112449948
C1502$@DOM1,175,1.0,0.0,9,1.0,0.9885714285714285,-0.10823933156529325
C2047$@DOM1,175,1.0,0.0,9,1.0,0.9885714285714285,-0.10823933156529325
U4058@DOM1,26,1.0,0.0,3,1.0,1.0,-0.10824519532300608
U5661@DOM1,26,1.0,0.0,3,1.0,1.0,-0.10824519532300608
U4035@DOM1,26,1.0,0.0,3,1.0,1.0,-0.10824519532300608
U1824@DOM1,26,1.0,0.0,3,1.0,1.0,-0.10824519532300608
U8889@DOM1,26,1.0,0.0,3,1.0,1.0,-0.10824519532300608
U6151@DOM1,26,1.0,0.0,3,1.0,1.0,-0.10824519532300608
C12996$@DOM1,155,1.0,0.0,7,1.0,0.9806451612903225,-0.10826266544256186
C7973$@DOM1,248,1.0,0.0,7,1.0,0.9879032258064516,-0.10828387491875452
U251@DOM1,160,1.0,0.0,3,1.0,1.0,-0.10829431881745039
C2742$@DOM1,310,1.0,0.0,8,1.0,1.0,-0.10830315331151802
C3298$@DOM1,162,1.0,0.0,3,1.0,1.0,-0.10830769492032793
C826$@DOM1,255,1.0,0.0,9,1.0,0.996078431372549,-0.1083092599163063
C1018$@DOM1,255,1.0,0.0,9,1.0,0.996078431372549,-0.1083092599163063
C8694$@DOM1,181,1.0,0.0,8,1.0,0.9834254143646409,-0.10835946055400114
C4948$@DOM1,181,1.0,0.0,8,1.0,0.9834254143646409,-0.10835946055400114
C16601$@DOM1,250,1.0,0.0,7,1.0,0.988,-0.10836347216556941
C17792$@DOM1,179,1.0,0.0,9,1.0,0.9888268156424581,-0.10836497231930786
C10741$@DOM1,166,1.0,0.0,9,1.0,0.9879518072289156,-0.10836909234685366
C19699$@DOM1,166,1.0,0.0,9,1.0,0.9879518072289156,-0.10836909234685366
C14831$@DOM1,161,1.0,0.0,3,1.0,1.0,-0.10837394273070872
C2735$@DOM1,161,1.0,0.0,3,1.0,1.0,-0.10837394273070872
C686$@DOM1,224,1.0,0.0,5,1.0,0.9910714285714286,-0.10837402086993742
C17500$@DOM1,227,1.0,0.0,8,1.0,0.986784140969163,-0.10840013584090152
C13873$@DOM1,159,1.0,0.0,9,1.0,0.9874213836477987,-0.10840643599677113
C11301$@DOM1,159,1.0,0.0,9,1.0,0.9874213836477987,-0.10840643599677113
C4934$@DOM1,150,1.0,0.0,6,1.0,0.98,-0.10843713848797981
C8591$@DOM1,257,1.0,0.0,9,1.0,0.9961089494163424,-0.10844785293462866
C19696$@DOM1,284,1.0,0.0,6,1.0,0.9964788732394366,-0.10850955585947536
C15797$@DOM1,283,1.0,0.0,6,1.0,0.9964664310954063,-0.10850955585947536
C21106$@DOM1,109,1.0,0.0,6,1.0,0.981651376146789,-0.10860180757729943
C12137$@DOM1,152,1.0,0.0,6,1.0,0.9802631578947368,-0.10861348909659241
C7507$@DOM1,209,1.0,0.0,4,1.0,0.9952153110047847,-0.10861797853491217
C14320$@DOM1,151,1.0,0.0,6,1.0,0.9801324503311258,-0.10862045274806548
C8926$@DOM1,151,1.0,0.0,6,1.0,0.9801324503311258,-0.10862045274806548
C19164$@DOM1,169,1.0,0.0,9,1.0,0.9881656804733728,-0.10863620076215341
C14362$@DOM1,169,1.0,0.0,9,1.0,0.9881656804733728,-0.10863620076215341
C4642$@DOM1,162,1.0,0.0,9,1.0,0.9876543209876543,-0.10865810267085824
C9084$@DOM1,162,1.0,0.0,9,1.0,0.9876543209876543,-0.10865810267085824
C3520$@DOM1,253,1.0,0.0,9,1.0,0.9960474308300395,-0.1087348499250756
C20027$@DOM1,254,1.0,0.0,9,1.0,0.9960629921259843,-0.1087348499250756
C10125$@DOM1,114,1.0,0.0,7,1.0,0.9824561403508771,-0.10877943272855217
C18326$@DOM1,156,1.0,0.0,7,1.0,0.9807692307692307,-0.10879169929923987
C3907$@DOM1,173,1.0,0.0,9,1.0,0.9884393063583815,-0.10879932658419228
C1259$@DOM1,168,1.0,0.0,9,1.0,0.9880952380952381,-0.108803151817848
C2161$@DOM1,154,1.0,0.0,7,1.0,0.9805194805194806,-0.10880471432059574
C18489$@DOM1,154,1.0,0.0,7,1.0,0.9805194805194806,-0.10880471432059574
C13362$@DOM1,154,1.0,0.0,7,1.0,0.9805194805194806,-0.10880471432059574
C601$@DOM1,223,1.0,0.0,8,1.0,0.9865470852017937,-0.10882082847449381
C17148$@DOM1,167,1.0,0.0,9,1.0,0.9880239520958084,-0.10883189545343558
C14537$@DOM1,167,1.0,0.0,9,1.0,0.9880239520958084,-0.10883189545343558
C10529$@DOM1,190,1.0,0.0,8,1.0,0.9842105263157894,-0.10884571258911113
C3126$@DOM1,194,1.0,0.0,8,1.0,0.9845360824742269,-0.1089863590038741
C5954$@DOM1,194,1.0,0.0,8,1.0,0.9845360824742269,-0.1089863590038741
C18716$@DOM1,273,1.0,0.0,8,1.0,0.9926739926739927,-0.10900472801419431
C775$@DOM1,191,1.0,0.0,8,1.0,0.9842931937172775,-0.10901607883226605
LOCAL SERVICE@C13868,15,1.0,0.0,1,1.0,1.0,-0.10904479246415066
ANONYMOUS LOGON@C7701,15,1.0,0.0,1,1.0,1.0,-0.10904479246415066
ANONYMOUS LOGON@C3286,15,1.0,0.0,1,1.0,1.0,-0.10904479246415066
ANONYMOUS LOGON@C2196,15,1.0,0.0,1,1.0,1.0,-0.10904479246415066
ANONYMOUS LOGON@C2385,15,1.0,0.0,1,1.0,1.0,-0.10904479246415066
ANONYMOUS LOGON@C20811,15,1.0,0.0,1,1.0,1.0,-0.10904479246415066
ANONYMOUS LOGON@C10901,15,1.0,0.0,1,1.0,1.0,-0.10904479246415066
C18225$@DOM1,204,1.0,0.0,4,1.0,0.9950980392156863,-0.10909374960586776
C11977$@DOM1,221,1.0,0.0,8,1.0,0.9864253393665159,-0.10924399623950881
C5301$@DOM1,193,1.0,0.0,8,1.0,0.9844559585492227,-0.10926069384601722
C16766$@DOM1,193,1.0,0.0,8,1.0,0.9844559585492227,-0.10926069384601722
C804$@DOM1,193,1.0,0.0,8,1.0,0.9844559585492227,-0.10926069384601722
C15207$@DOM1,192,1.0,0.0,8,1.0,0.984375,-0.1092940266567815
C7908$@DOM1,192,1.0,0.0,8,1.0,0.984375,-0.1092940266567815
C21778$@DOM1,272,1.0,0.0,8,1.0,0.9926470588235294,-0.10936515707473243
C13062$@DOM1,287,1.0,0.0,7,1.0,0.9930313588850174,-0.1094173006041958
C19603$@DOM1,286,1.0,0.0,7,1.0,0.993006993006993,-0.1094173006041958
C10466$@DOM1,269,1.0,0.0,6,1.0,0.9925650557620818,-0.10941960452040511
C19343$@DOM1,195,1.0,0.0,8,1.0,0.9846153846153847,-0.10945321646191764
U8909@DOM1,242,1.0,0.0,10,1.0,1.0,-0.10954328679406788
C1316$@DOM1,182,1.0,0.0,8,1.0,0.9835164835164835,-0.1095584112708819
C1501$@DOM1,182,1.0,0.0,8,1.0,0.9835164835164835,-0.1095584112708819
C15794$@DOM1,155,1.0,0.0,6,1.0,0.9806451612903225,-0.10964018149490884
C8651$@DOM1,196,1.0,0.0,8,1.0,0.9846938775510204,-0.1096441717705462
C13175$@DOM1,110,1.0,0.0,6,1.0,0.9818181818181818,-0.10971122516038123
C4217$@DOM1,111,1.0,0.0,6,1.0,0.9819819819819819,-0.10971122516038123
C1218$@DOM1,111,1.0,0.0,6,1.0,0.9819819819819819,-0.10971122516038123
C11479$@DOM1,110,1.0,0.0,6,1.0,0.9818181818181818,-0.10971122516038123
C9751$@DOM1,111,1.0,0.0,6,1.0,0.9819819819819819,-0.10971122516038123
C12900$@DOM1,188,1.0,0.0,8,1.0,0.9840425531914894,-0.10971393042728389
C1285$@DOM1,287,1.0,0.0,9,1.0,1.0,-0.10973596310773925
C13410$@DOM1,211,1.0,0.0,8,1.0,0.985781990521327,-0.1097653846129586
C20954$@DOM1,187,1.0,0.0,8,1.0,0.983957219251337,-0.10977994039785527
C1286$@DOM1,198,1.0,0.0,8,1.0,0.9848484848484849,-0.10980411513116017
C6102$@DOM1,217,1.0,0.0,8,1.0,0.9861751152073732,-0.10981101946983912
U1482@DOM1,60,1.0,0.0,6,1.0,0.9833333333333333,-0.10981342009319123
C17231$@DOM1,271,1.0,0.0,8,1.0,0.992619926199262,-0.10982943805865181
C14519$@DOM1,251,1.0,0.0,5,1.0,0.9960159362549801,-0.1098426975054499
C14498$@DOM1,251,1.0,0.0,5,1.0,0.9960159362549801,-0.1098426975054499
C18386$@DOM1,121,1.0,0.0,5,1.0,0.9834710743801653,-0.10985089363467732
C1423$@DOM1,121,1.0,0.0,5,1.0,0.9834710743801653,-0.10985089363467732
C6347$@DOM1,213,1.0,0.0,8,1.0,0.9859154929577465,-0.1098611395719638
C10052$@DOM1,213,1.0,0.0,8,1.0,0.9859154929577465,-0.1098611395719638
C8657$@DOM1,157,1.0,0.0,7,1.0,0.9808917197452229,-0.10986277365887437
C16886$@DOM1,156,1.0,0.0,6,1.0,0.9807692307692307,-0.10992270202554993
C9871$@DOM1,156,1.0,0.0,6,1.0,0.9807692307692307,-0.10992270202554993
C12057$@DOM1,220,1.0,0.0,8,1.0,0.9863636363636363,-0.10994774777381511
C12290$@DOM1,184,1.0,0.0,8,1.0,0.9836956521739131,-0.10995668751118726
C1346$@DOM1,121,1.0,0.0,8,1.0,0.9834710743801653,-0.10998442230556116
U10144@DOM1,27,1.0,0.0,3,1.0,1.0,-0.10999091429755187
U4068@DOM1,27,1.0,0.0,3,1.0,1.0,-0.10999091429755187
U4604@DOM1,27,1.0,0.0,3,1.0,1.0,-0.10999091429755187
U994@DOM1,29,1.0,0.0,3,1.0,1.0,-0.11000034363230499
C2995$@DOM1,29,1.0,0.0,3,1.0,1.0,-0.11000034363230499
U4711@DOM1,29,1.0,0.0,3,1.0,1.0,-0.11000034363230499
U6851@DOM1,29,1.0,0.0,3,1.0,1.0,-0.11000034363230499
U2926@DOM1,29,1.0,0.0,3,1.0,1.0,-0.11000034363230499
C4269$@DOM1,155,1.0,0.0,3,1.0,1.0,-0.1100164346702609
U5696@DOM1,28,1.0,0.0,3,1.0,1.0,-0.11017863252868582
U3174@DOM1,28,1.0,0.0,3,1.0,1.0,-0.11017863252868582
U8890@DOM1,28,1.0,0.0,3,1.0,1.0,-0.11017863252868582
U8680@DOM1,28,1.0,0.0,3,1.0,1.0,-0.11017863252868582
C857$@DOM1,154,1.0,0.0,6,1.0,0.9805194805194806,-0.11018032429720065
C16148$@DOM1,153,1.0,0.0,6,1.0,0.9803921568627451,-0.11020624366348164
C1332$@DOM1,232,1.0,0.0,6,1.0,0.9870689655172413,-0.110211493654651
C14742$@DOM1,232,1.0,0.0,6,1.0,0.9870689655172413,-0.110211493654651
C10634$@DOM1,247,1.0,0.0,9,1.0,0.9959514170040485,-0.11023583738920195
C12247$@DOM1,237,1.0,0.0,4,1.0,1.0,-0.11026717871129621
C13358$@DOM1,248,1.0,0.0,9,1.0,0.9959677419354839,-0.11030175908846185
C761$@DOM1,248,1.0,0.0,9,1.0,0.9959677419354839,-0.11030175908846185
C7643$@DOM1,112,1.0,0.0,6,1.0,0.9821428571428571,-0.11030927000263752
C9425$@DOM1,152,1.0,0.0,3,1.0,1.0,-0.11033153098350212
C18430$@DOM1,152,1.0,0.0,3,1.0,1.0,-0.11033153098350212
C8444$@DOM1,113,1.0,0.0,6,1.0,0.9823008849557522,-0.11033843565709672
C6659$@DOM1,122,1.0,0.0,5,1.0,0.9836065573770492,-0.1103507173212308
C10677$@DOM1,122,1.0,0.0,5,1.0,0.9836065573770492,-0.1103507173212308
C13615$@DOM1,153,1.0,0.0,3,1.0,1.0,-0.11035130425670703
C6857$@DOM1,266,1.0,0.0,6,1.0,0.9924812030075187,-0.11036188242513029
C2589$@DOM1,303,1.0,0.0,8,1.0,1.0,-0.11038028667999833
C639$@DOM1,74,1.0,0.0,5,1.0,0.9864864864864865,-0.11039516710759179
C11286$@DOM1,74,1.0,0.0,5,1.0,0.9864864864864865,-0.11039516710759179
C11768$@DOM1,279,1.0,0.0,7,1.0,0.992831541218638,-0.11050369509675217
C6715$@DOM1,122,1.0,0.0,8,1.0,0.9836065573770492,-0.1105258574434067
C11412$@DOM1,220,1.0,0.0,5,1.0,0.990909090909091,-0.11052973815646211
C490$@DOM1,158,1.0,0.0,7,1.0,0.9810126582278481,-0.11053471935380965
C9389$@DOM1,158,1.0,0.0,7,1.0,0.9810126582278481,-0.11053471935380965
C12790$@DOM1,158,1.0,0.0,7,1.0,0.9810126582278481,-0.11053471935380965
C3112$@DOM1,201,1.0,0.0,8,1.0,0.9850746268656716,-0.11059604937391448
C14954$@DOM1,115,1.0,0.0,4,1.0,0.991304347826087,-0.11065498283071218
C10371$@DOM1,115,1.0,0.0,4,1.0,0.991304347826087,-0.11065498283071218
C1396$@DOM1,202,1.0,0.0,8,1.0,0.9851485148514851,-0.11067556777655546
ANONYMOUS LOGON@C8882,14,1.0,0.0,1,1.0,1.0,-0.11071945536910754
ANONYMOUS LOGON@C12453,14,1.0,0.0,1,1.0,1.0,-0.11071945536910754
ANONYMOUS LOGON@C3625,14,1.0,0.0,1,1.0,1.0,-0.11071945536910754
ANONYMOUS LOGON@C12697,14,1.0,0.0,1,1.0,1.0,-0.11071945536910754
ANONYMOUS LOGON@C10214,14,1.0,0.0,1,1.0,1.0,-0.11071945536910754
ANONYMOUS LOGON@C1479,14,1.0,0.0,1,1.0,1.0,-0.11071945536910754
ANONYMOUS LOGON@C16766,14,1.0,0.0,1,1.0,1.0,-0.11071945536910754
ANONYMOUS LOGON@C15756,14,1.0,0.0,1,1.0,1.0,-0.11071945536910754
ANONYMOUS LOGON@C1500,14,1.0,0.0,1,1.0,1.0,-0.11071945536910754
ANONYMOUS LOGON@C9954,14,1.0,0.0,1,1.0,1.0,-0.11071945536910754
ANONYMOUS LOGON@C775,14,1.0,0.0,1,1.0,1.0,-0.11071945536910754
ANONYMOUS LOGON@C19622,14,1.0,0.0,1,1.0,1.0,-0.11071945536910754
ANONYMOUS LOGON@C20244,14,1.0,0.0,1,1.0,1.0,-0.11071945536910754
ANONYMOUS LOGON@C198,14,1.0,0.0,1,1.0,1.0,-0.11071945536910754
ANONYMOUS LOGON@C17666,14,1.0,0.0,1,1.0,1.0,-0.11071945536910754
ANONYMOUS LOGON@C3635,14,1.0,0.0,1,1.0,1.0,-0.11071945536910754
ANONYMOUS LOGON@C17907,14,1.0,0.0,1,1.0,1.0,-0.11071945536910754
ANONYMOUS LOGON@C3380,14,1.0,0.0,1,1.0,1.0,-0.11071945536910754
ANONYMOUS LOGON@C20405,14,1.0,0.0,1,1.0,1.0,-0.11071945536910754
ANONYMOUS LOGON@C4161,14,1.0,0.0,1,1.0,1.0,-0.11071945536910754
ANONYMOUS LOGON@C3728,14,1.0,0.0,1,1.0,1.0,-0.11071945536910754
ANONYMOUS LOGON@C7011,14,1.0,0.0,1,1.0,1.0,-0.11071945536910754
ANONYMOUS LOGON@C3429,14,1.0,0.0,1,1.0,1.0,-0.11071945536910754
ANONYMOUS LOGON@C3422,14,1.0,0.0,1,1.0,1.0,-0.11071945536910754
ANONYMOUS LOGON@C2128,14,1.0,0.0,1,1.0,1.0,-0.11071945536910754
ANONYMOUS LOGON@C2150,14,1.0,0.0,1,1.0,1.0,-0.11071945536910754
U5146@DOM1,14,1.0,0.0,1,1.0,1.0,-0.11071945536910754
ANONYMOUS LOGON@C246,14,1.0,0.0,1,1.0,1.0,-0.11071945536910754
ANONYMOUS LOGON@C685,14,1.0,0.0,1,1.0,1.0,-0.11071945536910754
ANONYMOUS LOGON@C280,14,1.0,0.0,1,1.0,1.0,-0.11071945536910754
ANONYMOUS LOGON@C58,14,1.0,0.0,1,1.0,1.0,-0.11071945536910754
ANONYMOUS LOGON@C5683,14,1.0,0.0,1,1.0,1.0,-0.11071945536910754
ANONYMOUS LOGON@C5612,14,1.0,0.0,1,1.0,1.0,-0.11071945536910754
U1304@DOM1,14,1.0,0.0,1,1.0,1.0,-0.11071945536910754
ANONYMOUS LOGON@C506,14,1.0,0.0,1,1.0,1.0,-0.11071945536910754
ANONYMOUS LOGON@C4827,14,1.0,0.0,1,1.0,1.0,-0.11071945536910754
ANONYMOUS LOGON@C3034,14,1.0,0.0,1,1.0,1.0,-0.11071945536910754
ANONYMOUS LOGON@C5185,14,1.0,0.0,1,1.0,1.0,-0.11071945536910754
ANONYMOUS LOGON@C11061,14,1.0,0.0,1,1.0,1.0,-0.11071945536910754
ANONYMOUS LOGON@C10508,14,1.0,0.0,1,1.0,1.0,-0.11071945536910754
ANONYMOUS LOGON@C1141,14,1.0,0.0,1,1.0,1.0,-0.11071945536910754
ANONYMOUS LOGON@C1198,14,1.0,0.0,1,1.0,1.0,-0.11071945536910754
C15980$@DOM1,149,1.0,0.0,3,1.0,1.0,-0.1107392844973204
C658$@DOM1,216,1.0,0.0,5,1.0,0.9907407407407407,-0.11077215540086216
C17468$@DOM1,216,1.0,0.0,5,1.0,0.9907407407407407,-0.11077215540086216
C8960$@DOM1,247,1.0,0.0,5,1.0,0.9959514170040485,-0.11083924985037669
C14231$@DOM1,275,1.0,0.0,6,1.0,0.9963636363636363,-0.1108790773882074
C15421$@DOM1,246,1.0,0.0,9,1.0,0.9959349593495935,-0.11088746375915043
C6391$@DOM1,157,1.0,0.0,6,1.0,0.9808917197452229,-0.11091558951154978
C14072$@DOM1,157,1.0,0.0,6,1.0,0.9808917197452229,-0.11091558951154978
C12539$@DOM1,272,1.0,0.0,5,1.0,1.0,-0.11092700552130641
C7061$@DOM1,240,1.0,0.0,7,1.0,0.9875,-0.11095764341681635
C13258$@DOM1,77,1.0,0.0,5,1.0,0.987012987012987,-0.11097378905071664
C972$@DOM1,76,1.0,0.0,5,1.0,0.9868421052631579,-0.1109760831800029
C21301$@DOM1,61,1.0,0.0,6,1.0,0.9836065573770492,-0.11098044037921218
C15577$@DOM1,112,1.0,0.0,9,1.0,0.9910714285714286,-0.11098332555167684
C11619$@DOM1,219,1.0,0.0,5,1.0,0.9908675799086758,-0.11105254831288697
C5921$@DOM1,259,1.0,0.0,6,1.0,0.9922779922779923,-0.11109298531635009
C12234$@DOM1,116,1.0,0.0,4,1.0,0.9913793103448276,-0.11115470321503412
C1880$@DOM1,116,1.0,0.0,4,1.0,0.9913793103448276,-0.11115470321503412
C4591$@DOM1,30,1.0,0.0,3,1.0,1.0,-0.11124553849776692
U2450@DOM1,30,1.0,0.0,3,1.0,1.0,-0.11124553849776692
U1163@DOM1,278,1.0,0.0,9,1.0,1.0,-0.11133134427777008
U614@DOM1,279,1.0,0.0,9,1.0,1.0,-0.11133134427777008
C3436$@DOM1,172,1.0,0.0,7,1.0,0.9825581395348837,-0.11138531213603908
C3740$@DOM1,124,1.0,0.0,5,1.0,0.9838709677419355,-0.11138956864572852
C10309$@DOM1,161,1.0,0.0,7,1.0,0.9813664596273292,-0.11140415778001173
C11202$@DOM1,161,1.0,0.0,7,1.0,0.9813664596273292,-0.11140415778001173
C4057$@DOM1,148,1.0,0.0,3,1.0,1.0,-0.11143767428276286
C5133$@DOM1,148,1.0,0.0,3,1.0,1.0,-0.11143767428276286
C14636$@DOM1,148,1.0,0.0,3,1.0,1.0,-0.11143767428276286
C8007$@DOM1,123,1.0,0.0,8,1.0,0.983739837398374,-0.11145584526241181
C7141$@DOM1,123,1.0,0.0,8,1.0,0.983739837398374,-0.11145584526241181
C19031$@DOM1,159,1.0,0.0,6,1.0,0.9811320754716981,-0.11145707068526339
C13072$@DOM1,246,1.0,0.0,5,1.0,0.9959349593495935,-0.11146171567807345
C9262$@DOM1,163,1.0,0.0,7,1.0,0.9815950920245399,-0.11152854091376785
C13633$@DOM1,144,1.0,0.0,3,1.0,1.0,-0.11159255408973967
C7765$@DOM1,144,1.0,0.0,3,1.0,1.0,-0.11159255408973967
C8289$@DOM1,172,1.0,0.0,6,1.0,0.9825581395348837,-0.11159647193872096
C1632$@DOM1,172,1.0,0.0,6,1.0,0.9825581395348837,-0.11159647193872096
C10293$@DOM1,113,1.0,0.0,9,1.0,0.9911504424778761,-0.11165363267715356
C10852$@DOM1,253,1.0,0.0,6,1.0,0.9920948616600791,-0.11167554092437149
C2548$@DOM1,253,1.0,0.0,6,1.0,0.9920948616600791,-0.11167554092437149
C471$@DOM1,164,1.0,0.0,7,1.0,0.9817073170731707,-0.11168187214247316
C452$@DOM1,124,1.0,0.0,8,1.0,0.9838709677419355,-0.11173017844530664
C1098$@DOM1,124,1.0,0.0,8,1.0,0.9838709677419355,-0.11173017844530664
C13290$@DOM1,143,1.0,0.0,3,1.0,1.0,-0.11174383861907766
C1959$@DOM1,143,1.0,0.0,3,1.0,1.0,-0.11174383861907766
C15248$@DOM1,158,1.0,0.0,6,1.0,0.9810126582278481,-0.1117466096279891
C469$@DOM1,255,1.0,0.0,8,1.0,0.9921568627450981,-0.1117479421891992
C16638$@DOM1,255,1.0,0.0,8,1.0,0.9921568627450981,-0.1117479421891992
C739$@DOM1,255,1.0,0.0,8,1.0,0.9921568627450981,-0.1117479421891992
C19475$@DOM1,165,1.0,0.0,7,1.0,0.9818181818181818,-0.11175826059878341
C12956$@DOM1,165,1.0,0.0,7,1.0,0.9818181818181818,-0.11175826059878341
C1903$@DOM1,146,1.0,0.0,3,1.0,1.0,-0.11181075608369528
C8119$@DOM1,173,1.0,0.0,7,1.0,0.9826589595375722,-0.11183315533509697
C436$@DOM1,191,1.0,0.0,4,1.0,0.9947643979057592,-0.11183538550914879
C18646$@DOM1,166,1.0,0.0,7,1.0,0.9819277108433735,-0.11193596435414777
C12786$@DOM1,166,1.0,0.0,7,1.0,0.9819277108433735,-0.11193596435414777
C713$@DOM1,166,1.0,0.0,7,1.0,0.9819277108433735,-0.11193596435414777
C18777$@DOM1,215,1.0,0.0,5,1.0,0.9906976744186047,-0.11195981127075894
C19787$@DOM1,215,1.0,0.0,5,1.0,0.9906976744186047,-0.11195981127075894
C422$@DOM1,160,1.0,0.0,6,1.0,0.98125,-0.11197135092710986
U3204@DOM1,31,1.0,0.0,3,1.0,1.0,-0.11197868542544787
U1406@DOM1,31,1.0,0.0,3,1.0,1.0,-0.11197868542544787
U1287@DOM1,31,1.0,0.0,3,1.0,1.0,-0.11197868542544787
U7574@DOM1,31,1.0,0.0,3,1.0,1.0,-0.11197868542544787
U5936@DOM1,31,1.0,0.0,3,1.0,1.0,-0.11197868542544787
U1048@DOM1,31,1.0,0.0,3,1.0,1.0,-0.11197868542544787
U9535@DOM1,31,1.0,0.0,3,1.0,1.0,-0.11197868542544787
C14842$@DOM1,261,1.0,0.0,8,1.0,0.9923371647509579,-0.11198273662379526
C14032$@DOM1,261,1.0,0.0,8,1.0,0.9923371647509579,-0.11198273662379526
U448@DOM1,48,1.0,0.0,10,1.0,1.0,-0.11200607759250436
U9031@DOM1,48,1.0,0.0,10,1.0,1.0,-0.11200607759250436
C13044$@DOM1,173,1.0,0.0,6,1.0,0.9826589595375722,-0.11201287647187613
C384$@DOM1,173,1.0,0.0,6,1.0,0.9826589595375722,-0.11201287647187613
C9639$@DOM1,84,1.0,0.0,5,1.0,0.9880952380952381,-0.11206350252709346
C20756$@DOM1,84,1.0,0.0,5,1.0,0.9880952380952381,-0.11206350252709346
U4721@DOM1,275,1.0,0.0,9,1.0,1.0,-0.11209217161701429
C10069$@DOM1,171,1.0,0.0,7,1.0,0.9824561403508771,-0.1121810103262485
C19193$@DOM1,254,1.0,0.0,8,1.0,0.9921259842519685,-0.11219978427155441
C5583$@DOM1,73,1.0,0.0,8,1.0,0.9863013698630136,-0.11221757652376507
C1506$@DOM1,117,1.0,0.0,4,1.0,0.9914529914529915,-0.11224703830470817
C19452$@DOM1,114,1.0,0.0,9,1.0,0.9912280701754386,-0.11224923288230465
U4371@DOM1,299,1.0,0.0,7,1.0,1.0,-0.11225309966675223
C6832$@DOM1,176,1.0,0.0,6,1.0,0.9829545454545454,-0.1122661794722567
C7798$@DOM1,176,1.0,0.0,6,1.0,0.9829545454545454,-0.1122661794722567
C519$@DOM1,115,1.0,0.0,6,1.0,0.9826086956521739,-0.11226962511705935
C10353$@DOM1,115,1.0,0.0,6,1.0,0.9826086956521739,-0.11226962511705935
C14147$@DOM1,171,1.0,0.0,6,1.0,0.9824561403508771,-0.11227437155621461
C4975$@DOM1,266,1.0,0.0,8,1.0,0.9924812030075187,-0.11227444887826432
C11615$@DOM1,228,1.0,0.0,10,1.0,1.0,-0.11227699024180404
C10285$@DOM1,263,1.0,0.0,8,1.0,0.9923954372623575,-0.11235079946374926
C7276$@DOM1,125,1.0,0.0,5,1.0,0.984,-0.11239714490468183
C6008$@DOM1,125,1.0,0.0,5,1.0,0.984,-0.11239714490468183
C20181$@DOM1,125,1.0,0.0,5,1.0,0.984,-0.11239714490468183
C5033$@DOM1,142,1.0,0.0,3,1.0,1.0,-0.11239747688293245
C12704$@DOM1,142,1.0,0.0,3,1.0,1.0,-0.11239747688293245
C10660$@DOM1,142,1.0,0.0,3,1.0,1.0,-0.11239747688293245
C10195$@DOM1,142,1.0,0.0,3,1.0,1.0,-0.11239747688293245
C12412$@DOM1,175,1.0,0.0,7,1.0,0.9828571428571429,-0.1124081853782028
C17772$@DOM1,212,1.0,0.0,5,1.0,0.9905660377358491,-0.11241758168870347
C18221$@DOM1,83,1.0,0.0,5,1.0,0.9879518072289156,-0.11242953128948963
U637@DOM1,32,1.0,0.0,3,1.0,1.0,-0.11243175827015278
C3855$@DOM1,32,1.0,0.0,3,1.0,1.0,-0.11243175827015278
U8705@DOM1,32,1.0,0.0,3,1.0,1.0,-0.11243175827015278
U7424@DOM1,32,1.0,0.0,3,1.0,1.0,-0.11243175827015278
C17172$@DOM1,170,1.0,0.0,6,1.0,0.9823529411764705,-0.11244465619967892
C13270$@DOM1,252,1.0,0.0,8,1.0,0.9920634920634921,-0.11247039555535682
C12594$@DOM1,140,1.0,0.0,3,1.0,1.0,-0.11248837172215376
C10703$@DOM1,140,1.0,0.0,3,1.0,1.0,-0.11248837172215376
C4451$@DOM1,141,1.0,0.0,3,1.0,1.0,-0.11248837172215376
C4388$@DOM1,140,1.0,0.0,3,1.0,1.0,-0.11248837172215376
C19371$@DOM1,140,1.0,0.0,3,1.0,1.0,-0.11248837172215376
C14092$@DOM1,175,1.0,0.0,6,1.0,0.9828571428571429,-0.11253182769164016
C1702$@DOM1,119,1.0,0.0,4,1.0,0.9915966386554622,-0.11253191548311653
C1154$@DOM1,119,1.0,0.0,4,1.0,0.9915966386554622,-0.11253191548311653
C1411$@DOM1,176,1.0,0.0,7,1.0,0.9829545454545454,-0.11260160357737464
C12434$@DOM1,251,1.0,0.0,6,1.0,0.9920318725099602,-0.11261562568918865
U1494@DOM1,74,1.0,0.0,8,1.0,0.9864864864864865,-0.11264437309374908
C18884$@DOM1,126,1.0,0.0,5,1.0,0.9841269841269841,-0.11269411906514532
C14458$@DOM1,244,1.0,0.0,9,1.0,0.9959016393442623,-0.11271620018726891
C1047$@DOM1,244,1.0,0.0,9,1.0,0.9959016393442623,-0.11271620018726891
C10099$@DOM1,75,1.0,0.0,8,1.0,0.9866666666666667,-0.11271960515311319
C13406$@DOM1,135,1.0,0.0,3,1.0,1.0,-0.11272040913435644
C12716$@DOM1,135,1.0,0.0,3,1.0,1.0,-0.11272040913435644
U2932@DOM1,50,1.0,0.0,10,1.0,1.0,-0.11273223359564827
C663$@DOM1,125,1.0,0.0,8,1.0,0.984,-0.1127368715824496
C1585$@DOM1,126,1.0,0.0,8,1.0,0.9841269841269841,-0.1127368715824496
C11037$@DOM1,126,1.0,0.0,8,1.0,0.9841269841269841,-0.1127368715824496
C15580$@DOM1,126,1.0,0.0,8,1.0,0.9841269841269841,-0.1127368715824496
C1443$@DOM1,174,1.0,0.0,6,1.0,0.9827586206896551,-0.1128118001195263
C937$@DOM1,178,1.0,0.0,6,1.0,0.9831460674157303,-0.11282738782116525
C19127$@DOM1,243,1.0,0.0,9,1.0,0.9958847736625515,-0.11287269784247783
C18401$@DOM1,243,1.0,0.0,9,1.0,0.9958847736625515,-0.11287269784247783
C13343$@DOM1,177,1.0,0.0,7,1.0,0.9830508474576272,-0.112898306024108
C13$@DOM1,177,1.0,0.0,7,1.0,0.9830508474576272,-0.112898306024108
C3596$@DOM1,177,1.0,0.0,7,1.0,0.9830508474576272,-0.112898306024108
C20819$@DOM1,244,1.0,0.0,5,1.0,0.9959016393442623,-0.11291790319426498
C7085$@DOM1,250,1.0,0.0,6,1.0,0.992,-0.11294311089507758
C8456$@DOM1,250,1.0,0.0,6,1.0,0.992,-0.11294311089507758
C8$@DOM1,163,1.0,0.0,6,1.0,0.9815950920245399,-0.11294394656595114
C3546$@DOM1,235,1.0,0.0,7,1.0,0.9872340425531915,-0.11295589946487061
C17404$@DOM1,139,1.0,0.0,3,1.0,1.0,-0.11297366298798789
C12935$@DOM1,164,1.0,0.0,6,1.0,0.9817073170731707,-0.11297783790163429
C10962$@DOM1,164,1.0,0.0,6,1.0,0.9817073170731707,-0.11297783790163429
C9537$@DOM1,164,1.0,0.0,6,1.0,0.9817073170731707,-0.11297783790163429
C858$@DOM1,169,1.0,0.0,6,1.0,0.9822485207100592,-0.1129836279665481
C19434$@DOM1,169,1.0,0.0,6,1.0,0.9822485207100592,-0.1129836279665481
U6226@DOM1,33,1.0,0.0,3,1.0,1.0,-0.11299170632728689
C7516$@DOM1,136,1.0,0.0,3,1.0,1.0,-0.1130124469057337
C11236$@DOM1,208,1.0,0.0,5,1.0,0.9903846153846154,-0.11305876685737831
C6460$@DOM1,166,1.0,0.0,6,1.0,0.9819277108433735,-0.11309613655688516
C10849$@DOM1,165,1.0,0.0,6,1.0,0.9818181818181818,-0.11309613655688516
C1741$@DOM1,165,1.0,0.0,6,1.0,0.9818181818181818,-0.11309613655688516
C12870$@DOM1,222,1.0,0.0,6,1.0,0.9864864864864865,-0.11312678164482659
C15378$@DOM1,241,1.0,0.0,9,1.0,0.995850622406639,-0.11315273128009246
C1393$@DOM1,242,1.0,0.0,9,1.0,0.9958677685950413,-0.11315273128009246
C10071$@DOM1,167,1.0,0.0,6,1.0,0.9820359281437125,-0.1131580045895278
C7352$@DOM1,167,1.0,0.0,6,1.0,0.9820359281437125,-0.1131580045895278
C13799$@DOM1,169,1.0,0.0,7,1.0,0.9822485207100592,-0.11319711481495998
C6561$@DOM1,169,1.0,0.0,7,1.0,0.9822485207100592,-0.11319711481495998
C7802$@DOM1,169,1.0,0.0,7,1.0,0.9822485207100592,-0.11319711481495998
C5483$@DOM1,138,1.0,0.0,3,1.0,1.0,-0.11319795597240195
C5329$@DOM1,138,1.0,0.0,3,1.0,1.0,-0.11319795597240195
U2766@DOM1,34,1.0,0.0,3,1.0,1.0,-0.11323703448487055
U935@DOM1,34,1.0,0.0,3,1.0,1.0,-0.11323703448487055
C3412$@DOM1,120,1.0,0.0,4,1.0,0.9916666666666667,-0.1132429635087282
U35@DOM1,296,1.0,0.0,8,1.0,1.0,-0.11324914551614335
C19546$@DOM1,134,1.0,0.0,3,1.0,1.0,-0.1132643904717241
C19831$@DOM1,134,1.0,0.0,3,1.0,1.0,-0.1132643904717241
C1150$@DOM1,178,1.0,0.0,7,1.0,0.9831460674157303,-0.1132715612885889
C724$@DOM1,178,1.0,0.0,7,1.0,0.9831460674157303,-0.1132715612885889
C7123$@DOM1,178,1.0,0.0,7,1.0,0.9831460674157303,-0.1132715612885889
C16596$@DOM1,249,1.0,0.0,8,1.0,0.9919678714859438,-0.11331410465546982
C160$@DOM1,168,1.0,0.0,6,1.0,0.9821428571428571,-0.11334884019234698
C9666$@DOM1,168,1.0,0.0,6,1.0,0.9821428571428571,-0.11334884019234698
C201$@DOM1,168,1.0,0.0,6,1.0,0.9821428571428571,-0.11334884019234698
C6519$@DOM1,248,1.0,0.0,6,1.0,0.9919354838709677,-0.1134279759215942
C19694$@DOM1,248,1.0,0.0,6,1.0,0.9919354838709677,-0.1134279759215942
C2089$@DOM1,209,1.0,0.0,5,1.0,0.9904306220095693,-0.11344371951294924
U4039@DOM1,35,1.0,0.0,3,1.0,1.0,-0.11353201156567916
C1651$@DOM1,222,1.0,0.0,10,1.0,1.0,-0.113544524050544
C1167$@DOM1,288,1.0,0.0,7,1.0,0.9965277777777778,-0.11357704736670565
U3252@DOM1,53,1.0,0.0,10,1.0,1.0,-0.1135826042535012
U2744@DOM1,53,1.0,0.0,10,1.0,1.0,-0.1135826042535012
C15053$@DOM1,132,1.0,0.0,3,1.0,1.0,-0.11365613880405379
C11658$@DOM1,132,1.0,0.0,3,1.0,1.0,-0.11365613880405379
C4087$@DOM1,132,1.0,0.0,3,1.0,1.0,-0.11365613880405379
C5192$@DOM1,132,1.0,0.0,3,1.0,1.0,-0.11365613880405379
C4027$@DOM1,206,1.0,0.0,5,1.0,0.9902912621359223,-0.11376835860637985
C12224$@DOM1,200,1.0,0.0,5,1.0,0.99,-0.11379205382925806
C11303$@DOM1,137,1.0,0.0,3,1.0,1.0,-0.11379818128699998
C20314$@DOM1,247,1.0,0.0,6,1.0,0.9919028340080972,-0.11384400038097903
C1222$@DOM1,247,1.0,0.0,6,1.0,0.9919028340080972,-0.11384400038097903
C259$@DOM1,127,1.0,0.0,8,1.0,0.984251968503937,-0.11388989765197649
C6961$@DOM1,238,1.0,0.0,9,1.0,0.9957983193277311,-0.11399344432016761
C18839$@DOM1,238,1.0,0.0,9,1.0,0.9957983193277311,-0.11399344432016761
C17306$@DOM1,238,1.0,0.0,9,1.0,0.9957983193277311,-0.11399344432016761
C19006$@DOM1,116,1.0,0.0,6,1.0,0.9827586206896551,-0.11399557570757896
U3390@DOM1,36,1.0,0.0,3,1.0,1.0,-0.11400605663954766
U9696@DOM1,36,1.0,0.0,3,1.0,1.0,-0.11400605663954766
U5090@DOM1,36,1.0,0.0,3,1.0,1.0,-0.11400605663954766
U5445@DOM1,36,1.0,0.0,3,1.0,1.0,-0.11400605663954766
U6981@DOM1,36,1.0,0.0,3,1.0,1.0,-0.11400605663954766
U5285@DOM1,36,1.0,0.0,3,1.0,1.0,-0.11400605663954766
U4180@DOM1,37,1.0,0.0,3,1.0,1.0,-0.11407134067305108
U4105@DOM1,37,1.0,0.0,3,1.0,1.0,-0.11407134067305108
U5838@DOM1,37,1.0,0.0,3,1.0,1.0,-0.11407134067305108
U6444@DOM1,37,1.0,0.0,3,1.0,1.0,-0.11407134067305108
U433@DOM1,54,1.0,0.0,10,1.0,1.0,-0.1140777878955565
C20530$@DOM1,201,1.0,0.0,5,1.0,0.9900497512437811,-0.11408142645076208
C20714$@DOM1,201,1.0,0.0,5,1.0,0.9900497512437811,-0.11408142645076208
C2328$@DOM1,129,1.0,0.0,3,1.0,1.0,-0.11408966455586089
C7599$@DOM1,129,1.0,0.0,3,1.0,1.0,-0.11408966455586089
C11334$@DOM1,129,1.0,0.0,3,1.0,1.0,-0.11408966455586089
C6445$@DOM1,131,1.0,0.0,3,1.0,1.0,-0.11415493444856728
C11704$@DOM1,131,1.0,0.0,3,1.0,1.0,-0.11415493444856728
C7409$@DOM1,131,1.0,0.0,3,1.0,1.0,-0.11415493444856728
C14114$@DOM1,131,1.0,0.0,3,1.0,1.0,-0.11415493444856728
C20125$@DOM1,218,1.0,0.0,6,1.0,0.9862385321100917,-0.11416745155474417
C11348$@DOM1,218,1.0,0.0,6,1.0,0.9862385321100917,-0.11416745155474417
U6622@DOM1,286,1.0,0.0,6,1.0,1.0,-0.11419848015313899
C12987$@DOM1,204,1.0,0.0,5,1.0,0.9901960784313726,-0.11426975121861405
U9290@DOM1,55,1.0,0.0,10,1.0,1.0,-0.11427697721773783
U7623@DOM1,55,1.0,0.0,10,1.0,1.0,-0.11427697721773783
U8920@DOM1,221,1.0,0.0,10,1.0,1.0,-0.114288237259839
C18508$@DOM1,123,1.0,0.0,4,1.0,0.991869918699187,-0.1143058909206211
C19725$@DOM1,240,1.0,0.0,5,1.0,0.9958333333333333,-0.11433419199517814
C339$@DOM1,246,1.0,0.0,8,1.0,0.991869918699187,-0.11435388525769397
C9681$@DOM1,162,1.0,0.0,6,1.0,0.9814814814814815,-0.1143767403243327
C5491$@DOM1,162,1.0,0.0,6,1.0,0.9814814814814815,-0.1143767403243327
C4308$@DOM1,162,1.0,0.0,6,1.0,0.9814814814814815,-0.1143767403243327
C110$@DOM1,162,1.0,0.0,6,1.0,0.9814814814814815,-0.1143767403243327
C139$@DOM1,181,1.0,0.0,4,1.0,0.994475138121547,-0.11450252357798674
U7700@DOM1,43,1.0,0.0,3,1.0,1.0,-0.11450382069783888
U7073@DOM1,43,1.0,0.0,3,1.0,1.0,-0.11450382069783888
U9430@DOM1,43,1.0,0.0,3,1.0,1.0,-0.11450382069783888
U9555@DOM1,43,1.0,0.0,3,1.0,1.0,-0.11450382069783888
C21085$@DOM1,285,1.0,0.0,7,1.0,0.9964912280701754,-0.11451298038699531
C5630$@DOM1,237,1.0,0.0,9,1.0,0.9957805907172996,-0.11453846089228653
U3379@DOM1,56,1.0,0.0,10,1.0,1.0,-0.11454410066002424
C21147$@DOM1,280,1.0,0.0,8,1.0,0.9964285714285714,-0.11454435273972674
C13318$@DOM1,228,1.0,0.0,7,1.0,0.9868421052631579,-0.11458311396320603
C3715$@DOM1,228,1.0,0.0,7,1.0,0.9868421052631579,-0.11458311396320603
C12733$@DOM1,228,1.0,0.0,7,1.0,0.9868421052631579,-0.11458311396320603
C8217$@DOM1,133,1.0,0.0,5,1.0,0.9849624060150376,-0.11459031565056937
C614$@DOM1,130,1.0,0.0,5,1.0,0.9846153846153847,-0.1146014774596813
C8080$@DOM1,130,1.0,0.0,5,1.0,0.9846153846153847,-0.1146014774596813
C7018$@DOM1,130,1.0,0.0,5,1.0,0.9846153846153847,-0.1146014774596813
C21389$@DOM1,178,1.0,0.0,4,1.0,0.9943820224719101,-0.11463190433825932
C10774$@DOM1,128,1.0,0.0,3,1.0,1.0,-0.11467071312270904
C3032$@DOM1,128,1.0,0.0,3,1.0,1.0,-0.11467071312270904
C4227$@DOM1,128,1.0,0.0,3,1.0,1.0,-0.11467071312270904
C5303$@DOM1,127,1.0,0.0,3,1.0,1.0,-0.11468423012439222
C7499$@DOM1,127,1.0,0.0,3,1.0,1.0,-0.11468423012439222
U8606@DOM1,38,1.0,0.0,3,1.0,1.0,-0.1146883155302188
C5549$@DOM1,38,1.0,0.0,3,1.0,1.0,-0.1146883155302188
U1367@DOM1,38,1.0,0.0,3,1.0,1.0,-0.1146883155302188
U4292@DOM1,38,1.0,0.0,3,1.0,1.0,-0.1146883155302188
U8681@DOM1,38,1.0,0.0,3,1.0,1.0,-0.1146883155302188
U997@DOM1,38,1.0,0.0,3,1.0,1.0,-0.1146883155302188
U1302@DOM1,38,1.0,0.0,3,1.0,1.0,-0.1146883155302188
U2375@DOM1,38,1.0,0.0,3,1.0,1.0,-0.1146883155302188
C10421$@DOM1,217,1.0,0.0,6,1.0,0.9861751152073732,-0.11471995420858772
C1126$@DOM1,269,1.0,0.0,7,1.0,0.9925650557620818,-0.11475531996458704
C716$@DOM1,132,1.0,0.0,5,1.0,0.9848484848484849,-0.11475879558835445
C9339$@DOM1,132,1.0,0.0,5,1.0,0.9848484848484849,-0.11475879558835445
C8437$@DOM1,132,1.0,0.0,5,1.0,0.9848484848484849,-0.11475879558835445
U7142@DOM1,40,1.0,0.0,3,1.0,1.0,-0.114810804454889
U7486@DOM1,40,1.0,0.0,3,1.0,1.0,-0.114810804454889
C10697$@DOM1,236,1.0,0.0,9,1.0,0.9957627118644068,-0.11482007429170205
U8992@DOM1,42,1.0,0.0,3,1.0,1.0,-0.11483732491110682
U5522@DOM1,42,1.0,0.0,3,1.0,1.0,-0.11483732491110682
U7306@DOM1,42,1.0,0.0,3,1.0,1.0,-0.11483732491110682
U2583@DOM1,42,1.0,0.0,3,1.0,1.0,-0.11483732491110682
U1224@DOM1,42,1.0,0.0,3,1.0,1.0,-0.11483732491110682
U4123@DOM1,42,1.0,0.0,3,1.0,1.0,-0.11483732491110682
U5492@DOM1,42,1.0,0.0,3,1.0,1.0,-0.11483732491110682
U2490@DOM1,42,1.0,0.0,3,1.0,1.0,-0.11483732491110682
C8124$@DOM1,126,1.0,0.0,3,1.0,1.0,-0.11484479283398796
C4047$@DOM1,126,1.0,0.0,3,1.0,1.0,-0.11484479283398796
NETWORK SERVICE@C4264,13,1.0,0.0,1,1.0,1.0,-0.11484535502955023
LOCAL SERVICE@C12856,13,1.0,0.0,1,1.0,1.0,-0.11484535502955023
C5616$@DOM1,13,1.0,0.0,1,1.0,1.0,-0.11484535502955023
LOCAL SERVICE@C3317,13,1.0,0.0,1,1.0,1.0,-0.11484535502955023
LOCAL SERVICE@C19831,13,1.0,0.0,1,1.0,1.0,-0.11484535502955023
NETWORK SERVICE@C14905,13,1.0,0.0,1,1.0,1.0,-0.11484535502955023
LOCAL SERVICE@C12115,13,1.0,0.0,1,1.0,1.0,-0.11484535502955023
ANONYMOUS LOGON@C17957,13,1.0,0.0,1,1.0,1.0,-0.11484535502955023
ANONYMOUS LOGON@C179,13,1.0,0.0,1,1.0,1.0,-0.11484535502955023
LOCAL SERVICE@C17946,13,1.0,0.0,1,1.0,1.0,-0.11484535502955023
ANONYMOUS LOGON@C452,13,1.0,0.0,1,1.0,1.0,-0.11484535502955023
U9590@DOM1,41,1.0,0.0,3,1.0,1.0,-0.11486628876585725
U7849@DOM1,39,1.0,0.0,3,1.0,1.0,-0.11488647502526472
U8845@DOM1,39,1.0,0.0,3,1.0,1.0,-0.11488647502526472
C10014$@DOM1,216,1.0,0.0,6,1.0,0.9861111111111112,-0.11489552604960934
U3455@DOM1,55,1.0,0.0,3,1.0,1.0,-0.11489941903003614
C14112$@DOM1,55,1.0,0.0,3,1.0,1.0,-0.11489941903003614
U2998@DOM9,4,1.0,0.0,4,1.0,1.0,-0.11498001875343822
C4349$@DOM1,124,1.0,0.0,3,1.0,1.0,-0.1149941128908391
C17827$@DOM1,124,1.0,0.0,3,1.0,1.0,-0.1149941128908391
C1151$@DOM1,223,1.0,0.0,7,1.0,0.9865470852017937,-0.11501150611549399
U1417@DOM1,44,1.0,0.0,3,1.0,1.0,-0.11504800870410337
C1094$@DOM1,44,1.0,0.0,3,1.0,1.0,-0.11504800870410337
U1332@DOM1,44,1.0,0.0,3,1.0,1.0,-0.11504800870410337
U1235@DOM1,44,1.0,0.0,3,1.0,1.0,-0.11504800870410337
U4563@DOM1,44,1.0,0.0,3,1.0,1.0,-0.11504800870410337
C7398$@DOM1,179,1.0,0.0,6,1.0,0.9832402234636871,-0.11507361721549547
U795@DOM1,219,1.0,0.0,10,1.0,1.0,-0.11509179565544958
C9067$@DOM1,219,1.0,0.0,10,1.0,1.0,-0.11509179565544958
C6062$@DOM1,103,1.0,0.0,3,1.0,1.0,-0.11509325054509206
C20824$@DOM1,123,1.0,0.0,3,1.0,1.0,-0.11510719397067987
C18982$@DOM1,123,1.0,0.0,3,1.0,1.0,-0.11510719397067987
C17269$@DOM1,123,1.0,0.0,3,1.0,1.0,-0.11510719397067987
C4616$@DOM1,123,1.0,0.0,3,1.0,1.0,-0.11510719397067987
C18469$@DOM1,123,1.0,0.0,3,1.0,1.0,-0.11510719397067987
C10097$@DOM1,123,1.0,0.0,3,1.0,1.0,-0.11510719397067987
C14578$@DOM1,123,1.0,0.0,3,1.0,1.0,-0.11510719397067987
C12496$@DOM1,282,1.0,0.0,7,1.0,0.9964539007092199,-0.11512424305668761
C13705$@DOM1,226,1.0,0.0,7,1.0,0.9867256637168141,-0.11515398617904055
C15146$@DOM1,113,1.0,0.0,3,1.0,1.0,-0.11517738524935134
C4653$@DOM1,113,1.0,0.0,3,1.0,1.0,-0.11517738524935134
C15620$@DOM1,113,1.0,0.0,3,1.0,1.0,-0.11517738524935134
C7703$@DOM1,113,1.0,0.0,3,1.0,1.0,-0.11517738524935134
C20624$@DOM1,116,1.0,0.0,9,1.0,0.9913793103448276,-0.11524832823798781
C12933$@DOM1,124,1.0,0.0,4,1.0,0.9919354838709677,-0.11525571469470541
C10990$@DOM1,135,1.0,0.0,5,1.0,0.9851851851851852,-0.1152808427712283
C13670$@DOM1,135,1.0,0.0,5,1.0,0.9851851851851852,-0.1152808427712283
C11721$@DOM1,122,1.0,0.0,3,1.0,1.0,-0.11528302169183707
C14700$@DOM1,122,1.0,0.0,3,1.0,1.0,-0.11528302169183707
C18390$@DOM1,122,1.0,0.0,3,1.0,1.0,-0.11528302169183707
C11866$@DOM1,122,1.0,0.0,3,1.0,1.0,-0.11528302169183707
C15005$@DOM1,122,1.0,0.0,3,1.0,1.0,-0.11528302169183707
C13030$@DOM1,283,1.0,0.0,6,1.0,1.0,-0.11533970212145417
C4899$@DOM1,112,1.0,0.0,3,1.0,1.0,-0.1153438211457718
C4081$@DOM1,112,1.0,0.0,3,1.0,1.0,-0.1153438211457718
C5078$@DOM1,112,1.0,0.0,3,1.0,1.0,-0.1153438211457718
C4835$@DOM1,112,1.0,0.0,3,1.0,1.0,-0.1153438211457718
C19251$@DOM1,112,1.0,0.0,3,1.0,1.0,-0.1153438211457718
C11714$@DOM1,112,1.0,0.0,3,1.0,1.0,-0.1153438211457718
C3473$@DOM1,112,1.0,0.0,3,1.0,1.0,-0.1153438211457718
C11551$@DOM1,112,1.0,0.0,3,1.0,1.0,-0.1153438211457718
C9420$@DOM1,125,1.0,0.0,3,1.0,1.0,-0.11535608885079829
C18859$@DOM1,125,1.0,0.0,3,1.0,1.0,-0.11535608885079829
C12954$@DOM1,125,1.0,0.0,3,1.0,1.0,-0.11535608885079829
C8988$@DOM1,125,1.0,0.0,3,1.0,1.0,-0.11535608885079829
C13275$@DOM1,125,1.0,0.0,3,1.0,1.0,-0.11535608885079829
C12067$@DOM1,125,1.0,0.0,3,1.0,1.0,-0.11535608885079829
C18506$@DOM1,125,1.0,0.0,3,1.0,1.0,-0.11535608885079829
C21678$@DOM1,125,1.0,0.0,3,1.0,1.0,-0.11535608885079829
C14755$@DOM1,125,1.0,0.0,3,1.0,1.0,-0.11535608885079829
C10271$@DOM1,125,1.0,0.0,3,1.0,1.0,-0.11535608885079829
U6800@DOM1,62,1.0,0.0,3,1.0,1.0,-0.11535626934248627
U7645@DOM1,62,1.0,0.0,3,1.0,1.0,-0.11535626934248627
U5338@DOM1,62,1.0,0.0,3,1.0,1.0,-0.11535626934248627
U395@DOM1,62,1.0,0.0,3,1.0,1.0,-0.11535626934248627
C958$@DOM1,175,1.0,0.0,4,1.0,0.9942857142857143,-0.11539391996429282
C15272$@DOM1,237,1.0,0.0,5,1.0,0.9957805907172996,-0.1154434168839037
C1254$@DOM1,267,1.0,0.0,7,1.0,0.9925093632958801,-0.11544369742838645
C1193$@DOM1,279,1.0,0.0,7,1.0,0.996415770609319,-0.11544906999234628
C12423$@DOM1,104,1.0,0.0,3,1.0,1.0,-0.11547059263007353
C6069$@DOM1,104,1.0,0.0,3,1.0,1.0,-0.11547059263007353
C18872$@DOM1,134,1.0,0.0,5,1.0,0.9850746268656716,-0.11549617760955061
C4784$@DOM1,111,1.0,0.0,3,1.0,1.0,-0.11552263074401498
C14804$@DOM1,111,1.0,0.0,3,1.0,1.0,-0.11552263074401498
C11529$@DOM1,111,1.0,0.0,3,1.0,1.0,-0.11552263074401498
C19314$@DOM1,111,1.0,0.0,3,1.0,1.0,-0.11552263074401498
C4009$@DOM1,111,1.0,0.0,3,1.0,1.0,-0.11552263074401498
C4964$@DOM1,111,1.0,0.0,3,1.0,1.0,-0.11552263074401498
C4392$@DOM1,111,1.0,0.0,3,1.0,1.0,-0.11552263074401498
C2766$@DOM1,111,1.0,0.0,3,1.0,1.0,-0.11552263074401498
C1354$@DOM1,215,1.0,0.0,6,1.0,0.986046511627907,-0.11553869665837074
U3775@DOM1,45,1.0,0.0,3,1.0,1.0,-0.11555667975229977
U2620@DOM1,45,1.0,0.0,3,1.0,1.0,-0.11555667975229977
U2271@DOM1,45,1.0,0.0,3,1.0,1.0,-0.11555667975229977
U5622@DOM1,45,1.0,0.0,3,1.0,1.0,-0.11555667975229977
C19174$@DOM1,276,1.0,0.0,8,1.0,0.9963768115942029,-0.11556367499851788
C429$@DOM1,276,1.0,0.0,8,1.0,0.9963768115942029,-0.11556367499851788
C13909$@DOM1,216,1.0,0.0,10,1.0,1.0,-0.11556642313141924
C5210$@DOM1,216,1.0,0.0,10,1.0,1.0,-0.11556642313141924
C2749$@DOM1,95,1.0,0.0,3,1.0,1.0,-0.11557097018523338
C10574$@DOM1,109,1.0,0.0,3,1.0,1.0,-0.11557432440770649
C14066$@DOM1,109,1.0,0.0,3,1.0,1.0,-0.11557432440770649
C2043$@DOM1,109,1.0,0.0,3,1.0,1.0,-0.11557432440770649
C12160$@DOM1,109,1.0,0.0,3,1.0,1.0,-0.11557432440770649
U166@DOM1,109,1.0,0.0,3,1.0,1.0,-0.11557432440770649
C4417$@DOM1,109,1.0,0.0,3,1.0,1.0,-0.11557432440770649
U1264@DOM1,58,1.0,0.0,10,1.0,1.0,-0.11557517436581988
U8354@DOM1,58,1.0,0.0,10,1.0,1.0,-0.11557517436581988
C4771$@DOM1,125,1.0,0.0,4,1.0,0.992,-0.1155811211432321
C8363$@DOM1,125,1.0,0.0,4,1.0,0.992,-0.1155811211432321
C4573$@DOM1,96,1.0,0.0,3,1.0,1.0,-0.11558445560671565
C16061$@DOM1,96,1.0,0.0,3,1.0,1.0,-0.11558445560671565
C15667$@DOM1,210,1.0,0.0,6,1.0,0.9857142857142858,-0.11558771843318338
U8020@DOM1,50,1.0,0.0,3,1.0,1.0,-0.11562544308913353
U8073@DOM1,50,1.0,0.0,3,1.0,1.0,-0.11562544308913353
U7465@DOM1,50,1.0,0.0,3,1.0,1.0,-0.11562544308913353
U9268@DOM1,50,1.0,0.0,3,1.0,1.0,-0.11562544308913353
C6113$@DOM1,50,1.0,0.0,3,1.0,1.0,-0.11562544308913353
U8687@DOM1,63,1.0,0.0,3,1.0,1.0,-0.11564207677851407
U7407@DOM1,56,1.0,0.0,3,1.0,1.0,-0.11565043468965408
U6464@DOM1,56,1.0,0.0,3,1.0,1.0,-0.11565043468965408
U1444@DOM1,56,1.0,0.0,3,1.0,1.0,-0.11565043468965408
C5049$@DOM1,110,1.0,0.0,3,1.0,1.0,-0.11565131321656935
C2702$@DOM1,110,1.0,0.0,3,1.0,1.0,-0.11565131321656935
C3415$@DOM1,110,1.0,0.0,3,1.0,1.0,-0.11565131321656935
C11829$@DOM1,110,1.0,0.0,3,1.0,1.0,-0.11565131321656935
C11388$@DOM1,128,1.0,0.0,4,1.0,0.9921875,-0.1156560119184758
C9$@DOM1,235,1.0,0.0,9,1.0,0.9957446808510638,-0.11565626282288854
C15366$@DOM1,235,1.0,0.0,9,1.0,0.9957446808510638,-0.11565626282288854
U2007@DOM1,47,1.0,0.0,3,1.0,1.0,-0.1156624486399872
U6412@DOM1,47,1.0,0.0,3,1.0,1.0,-0.1156624486399872
U1060@DOM1,47,1.0,0.0,3,1.0,1.0,-0.1156624486399872
U1135@DOM1,47,1.0,0.0,3,1.0,1.0,-0.1156624486399872
U7200@DOM1,47,1.0,0.0,3,1.0,1.0,-0.1156624486399872
U1371@DOM1,47,1.0,0.0,3,1.0,1.0,-0.1156624486399872
U9099@DOM1,47,1.0,0.0,3,1.0,1.0,-0.1156624486399872
U8287@DOM1,47,1.0,0.0,3,1.0,1.0,-0.1156624486399872
U563@DOM1,47,1.0,0.0,3,1.0,1.0,-0.1156624486399872
U5366@DOM1,60,1.0,0.0,3,1.0,1.0,-0.11567042963574642
U3165@DOM1,60,1.0,0.0,3,1.0,1.0,-0.11567042963574642
C667$@DOM1,181,1.0,0.0,6,1.0,0.9834254143646409,-0.11567969092071234
C11165$@DOM1,266,1.0,0.0,7,1.0,0.9924812030075187,-0.1156847254189099
C2266$@DOM1,129,1.0,0.0,8,1.0,0.9844961240310077,-0.11569201355388031
C102$@DOM1,129,1.0,0.0,8,1.0,0.9844961240310077,-0.11569201355388031
C403$@DOM1,129,1.0,0.0,8,1.0,0.9844961240310077,-0.11569201355388031
C8131$@DOM1,218,1.0,0.0,7,1.0,0.9862385321100917,-0.11570697775418304
C18998$@DOM1,180,1.0,0.0,6,1.0,0.9833333333333333,-0.11570746592535819
U4673@DOM1,57,1.0,0.0,3,1.0,1.0,-0.11570791969742916
U2290@DOM1,57,1.0,0.0,3,1.0,1.0,-0.11570791969742916
U5969@DOM1,57,1.0,0.0,3,1.0,1.0,-0.11570791969742916
U1434@DOM1,57,1.0,0.0,3,1.0,1.0,-0.11570791969742916
C20607$@DOM1,234,1.0,0.0,9,1.0,0.9957264957264957,-0.11572126775326719
U388@DOM1,48,1.0,0.0,3,1.0,1.0,-0.11572745252414457
U1729@DOM1,48,1.0,0.0,3,1.0,1.0,-0.11572745252414457
U8741@DOM1,48,1.0,0.0,3,1.0,1.0,-0.11572745252414457
U4823@DOM1,59,1.0,0.0,3,1.0,1.0,-0.11575238730103249
U3284@DOM1,59,1.0,0.0,3,1.0,1.0,-0.11575238730103249
C11853$@DOM1,65,1.0,0.0,3,1.0,1.0,-0.11576370636046118
C15097$@DOM1,92,1.0,0.0,3,1.0,1.0,-0.11576455221456167
C3711$@DOM1,92,1.0,0.0,3,1.0,1.0,-0.11576455221456167
C2881$@DOM1,92,1.0,0.0,3,1.0,1.0,-0.11576455221456167
C15628$@DOM1,93,1.0,0.0,3,1.0,1.0,-0.11576455221456167
C4172$@DOM1,93,1.0,0.0,3,1.0,1.0,-0.11576455221456167
C20513$@DOM1,91,1.0,0.0,3,1.0,1.0,-0.11576455221456167
C15598$@DOM1,93,1.0,0.0,3,1.0,1.0,-0.11576455221456167
U5575@DOM1,58,1.0,0.0,3,1.0,1.0,-0.11577291589096311
U3955@DOM1,58,1.0,0.0,3,1.0,1.0,-0.11577291589096311
C6275$@DOM1,274,1.0,0.0,8,1.0,0.9963503649635036,-0.11577995723839102
C1000$@DOM1,274,1.0,0.0,8,1.0,0.9963503649635036,-0.11577995723839102
C11227$@DOM1,107,1.0,0.0,3,1.0,1.0,-0.11580224016489649
C21195$@DOM1,107,1.0,0.0,3,1.0,1.0,-0.11580224016489649
C18279$@DOM1,107,1.0,0.0,3,1.0,1.0,-0.11580224016489649
C1609$@DOM1,107,1.0,0.0,3,1.0,1.0,-0.11580224016489649
C13111$@DOM1,107,1.0,0.0,3,1.0,1.0,-0.11580224016489649
C9825$@DOM1,107,1.0,0.0,3,1.0,1.0,-0.11580224016489649
C1495$@DOM1,129,1.0,0.0,4,1.0,0.9922480620155039,-0.11580548835161925
C12975$@DOM1,121,1.0,0.0,3,1.0,1.0,-0.11580808907153323
C14864$@DOM1,121,1.0,0.0,3,1.0,1.0,-0.11580808907153323
C19626$@DOM1,121,1.0,0.0,3,1.0,1.0,-0.11580808907153323
C4031$@DOM1,121,1.0,0.0,3,1.0,1.0,-0.11580808907153323
C3528$@DOM1,121,1.0,0.0,3,1.0,1.0,-0.11580808907153323
C12970$@DOM1,121,1.0,0.0,3,1.0,1.0,-0.11580808907153323
C10397$@DOM1,278,1.0,0.0,7,1.0,0.9964028776978417,-0.11580896308427802
C1138$@DOM1,126,1.0,0.0,4,1.0,0.9920634920634921,-0.11581325097723161
C8690$@DOM1,126,1.0,0.0,4,1.0,0.9920634920634921,-0.11581325097723161
C11934$@DOM1,90,1.0,0.0,3,1.0,1.0,-0.1158212136630179
C10376$@DOM1,90,1.0,0.0,3,1.0,1.0,-0.1158212136630179
C10514$@DOM1,105,1.0,0.0,3,1.0,1.0,-0.11582161139685254
C4499$@DOM1,106,1.0,0.0,3,1.0,1.0,-0.11582161139685254
C11702$@DOM1,106,1.0,0.0,3,1.0,1.0,-0.11582161139685254
C3025$@DOM1,106,1.0,0.0,3,1.0,1.0,-0.11582161139685254
C2389$@DOM1,106,1.0,0.0,3,1.0,1.0,-0.11582161139685254
C6815$@DOM1,106,1.0,0.0,3,1.0,1.0,-0.11582161139685254
C12006$@DOM1,105,1.0,0.0,3,1.0,1.0,-0.11582161139685254
C5746$@DOM1,219,1.0,0.0,7,1.0,0.9863013698630136,-0.11583513119974476
C15339$@DOM1,196,1.0,0.0,5,1.0,0.9897959183673469,-0.11583730851195573
C8978$@DOM1,180,1.0,0.0,7,1.0,0.9833333333333333,-0.11584432885391338
C276$@DOM1,180,1.0,0.0,7,1.0,0.9833333333333333,-0.11584432885391338
C19065$@DOM1,67,1.0,0.0,3,1.0,1.0,-0.11586917471896974
U8735@DOM1,67,1.0,0.0,3,1.0,1.0,-0.11586917471896974
U130@DOM1,84,1.0,0.0,3,1.0,1.0,-0.11586978490584599
U516@DOM1,84,1.0,0.0,3,1.0,1.0,-0.11586978490584599
U367@DOM1,54,1.0,0.0,3,1.0,1.0,-0.11588425647799744
U940@DOM1,54,1.0,0.0,3,1.0,1.0,-0.11588425647799744
U6830@DOM1,54,1.0,0.0,3,1.0,1.0,-0.11588425647799744
U2129@DOM1,54,1.0,0.0,3,1.0,1.0,-0.11588425647799744
C3179$@DOM1,89,1.0,0.0,3,1.0,1.0,-0.11588619069488576
U2814@DOM1,46,1.0,0.0,3,1.0,1.0,-0.1158884211077798
U84@DOM1,46,1.0,0.0,3,1.0,1.0,-0.1158884211077798
U1316@DOM1,46,1.0,0.0,3,1.0,1.0,-0.1158884211077798
U2423@DOM1,46,1.0,0.0,3,1.0,1.0,-0.1158884211077798
C20781$@DOM1,220,1.0,0.0,7,1.0,0.9863636363636363,-0.11590661359953697
C1513$@DOM1,220,1.0,0.0,7,1.0,0.9863636363636363,-0.11590661359953697
C3300$@DOM1,114,1.0,0.0,3,1.0,1.0,-0.11593145158942747
C2217$@DOM1,114,1.0,0.0,3,1.0,1.0,-0.11593145158942747
C14034$@DOM1,114,1.0,0.0,3,1.0,1.0,-0.11593145158942747
C16201$@DOM1,114,1.0,0.0,3,1.0,1.0,-0.11593145158942747
C10713$@DOM1,114,1.0,0.0,3,1.0,1.0,-0.11593145158942747
C4353$@DOM1,114,1.0,0.0,3,1.0,1.0,-0.11593145158942747
C1830$@DOM1,83,1.0,0.0,3,1.0,1.0,-0.1159332343364895
C11161$@DOM1,52,1.0,0.0,3,1.0,1.0,-0.11594106261835313
U4229@DOM1,52,1.0,0.0,3,1.0,1.0,-0.11594106261835313
U217@DOM1,52,1.0,0.0,3,1.0,1.0,-0.11594106261835313
U3210@DOM1,52,1.0,0.0,3,1.0,1.0,-0.11594106261835313
U1291@DOM1,69,1.0,0.0,3,1.0,1.0,-0.11594447064066493
U4688@DOM1,51,1.0,0.0,3,1.0,1.0,-0.11594724742108337
U3351@DOM1,51,1.0,0.0,3,1.0,1.0,-0.11594724742108337
U8658@DOM1,51,1.0,0.0,3,1.0,1.0,-0.11594724742108337
C11325$@DOM1,75,1.0,0.0,3,1.0,1.0,-0.11596549538797457
U9932@DOM1,75,1.0,0.0,3,1.0,1.0,-0.11596549538797457
C5260$@DOM1,74,1.0,0.0,3,1.0,1.0,-0.11596695159982928
C13202$@DOM1,88,1.0,0.0,3,1.0,1.0,-0.11597426487654222
C3573$@DOM1,88,1.0,0.0,3,1.0,1.0,-0.11597426487654222
U9491@DOM1,78,1.0,0.0,3,1.0,1.0,-0.1159904592169218
U61@DOM1,66,1.0,0.0,3,1.0,1.0,-0.11599910157083937
U8697@DOM1,66,1.0,0.0,3,1.0,1.0,-0.11599910157083937
U6530@DOM1,66,1.0,0.0,3,1.0,1.0,-0.11599910157083937
U9871@DOM1,66,1.0,0.0,3,1.0,1.0,-0.11599910157083937
U2972@DOM1,66,1.0,0.0,3,1.0,1.0,-0.11599910157083937
C157$@DOM1,68,1.0,0.0,3,1.0,1.0,-0.11600942682579984
U1523@DOM1,81,1.0,0.0,8,1.0,0.9876543209876543,-0.11601833714246346
U80@DOM1,76,1.0,0.0,3,1.0,1.0,-0.11603044801714618
C3348$@DOM1,76,1.0,0.0,3,1.0,1.0,-0.11603044801714618
C2913$@DOM1,77,1.0,0.0,3,1.0,1.0,-0.11604388179259012
C9597$@DOM1,195,1.0,0.0,5,1.0,0.9897435897435898,-0.1160455230630788
C14292$@DOM1,108,1.0,0.0,3,1.0,1.0,-0.11604883277893241
C14872$@DOM1,108,1.0,0.0,3,1.0,1.0,-0.11604883277893241
U1201@DOM1,7,1.0,0.0,4,1.0,1.0,-0.11606218215482283
U9296@DOM9,7,1.0,0.0,4,1.0,1.0,-0.11606218215482283
C5706$@DOM1,7,1.0,0.0,4,1.0,1.0,-0.11606218215482283
U6662@DOM1,7,1.0,0.0,4,1.0,1.0,-0.11606218215482283
U7517@DOM1,64,1.0,0.0,3,1.0,1.0,-0.11606258928729929
U7839@DOM1,64,1.0,0.0,3,1.0,1.0,-0.11606258928729929
C11327$@DOM1,64,1.0,0.0,3,1.0,1.0,-0.11606258928729929
U4799@DOM1,64,1.0,0.0,3,1.0,1.0,-0.11606258928729929
C11313$@DOM1,277,1.0,0.0,7,1.0,0.9963898916967509,-0.11609004987298716
C2029$@DOM1,115,1.0,0.0,3,1.0,1.0,-0.11610761162060645
C17407$@DOM1,115,1.0,0.0,3,1.0,1.0,-0.11610761162060645
C15934$@DOM1,115,1.0,0.0,3,1.0,1.0,-0.11610761162060645
C14172$@DOM1,115,1.0,0.0,3,1.0,1.0,-0.11610761162060645
C11136$@DOM1,115,1.0,0.0,3,1.0,1.0,-0.11610761162060645
U5429@DOM1,71,1.0,0.0,3,1.0,1.0,-0.11613191306719212
U5266@DOM1,71,1.0,0.0,3,1.0,1.0,-0.11613191306719212
U4869@DOM1,6,1.0,0.0,4,1.0,1.0,-0.11616115793340154
U9293@DOM1,6,1.0,0.0,4,1.0,1.0,-0.11616115793340154
C5697$@DOM1,49,1.0,0.0,3,1.0,1.0,-0.11617653690746199
U1771@DOM1,49,1.0,0.0,3,1.0,1.0,-0.11617653690746199
C4265$@DOM1,173,1.0,0.0,4,1.0,0.9942196531791907,-0.1161881507035829
C1776$@DOM1,206,1.0,0.0,6,1.0,0.9854368932038835,-0.11620788051913733
C229$@DOM1,206,1.0,0.0,6,1.0,0.9854368932038835,-0.11620788051913733
U1007@DOM1,60,1.0,0.0,10,1.0,1.0,-0.11621707873908216
U6553@DOM1,60,1.0,0.0,10,1.0,1.0,-0.11621707873908216
U4490@DOM1,60,1.0,0.0,10,1.0,1.0,-0.11621707873908216
U7722@DOM1,60,1.0,0.0,10,1.0,1.0,-0.11621707873908216
C4169$@DOM1,85,1.0,0.0,3,1.0,1.0,-0.11622584027887056
U3973@DOM9,9,1.0,0.0,4,1.0,1.0,-0.11622973916239404
U7255@DOM1,9,1.0,0.0,4,1.0,1.0,-0.11622973916239404
U1329@DOM1,9,1.0,0.0,4,1.0,1.0,-0.11622973916239404
U662@DOM9,9,1.0,0.0,4,1.0,1.0,-0.11622973916239404
U7996@DOM1,8,1.0,0.0,4,1.0,1.0,-0.11624835873401251
U4294@DOM9,8,1.0,0.0,4,1.0,1.0,-0.11624835873401251
C9190$@DOM1,217,1.0,0.0,7,1.0,0.9861751152073732,-0.1162572758446368
C9818$@DOM1,189,1.0,0.0,6,1.0,0.9841269841269841,-0.11626075345185694
C6975$@DOM1,233,1.0,0.0,5,1.0,0.9957081545064378,-0.11629121253798447
C1046$@DOM1,82,1.0,0.0,8,1.0,0.9878048780487805,-0.1162960951420457
C4067$@DOM1,120,1.0,0.0,3,1.0,1.0,-0.1163054861438767
C4455$@DOM1,120,1.0,0.0,3,1.0,1.0,-0.1163054861438767
C10860$@DOM1,120,1.0,0.0,3,1.0,1.0,-0.1163054861438767
C17688$@DOM1,120,1.0,0.0,3,1.0,1.0,-0.1163054861438767
C17723$@DOM1,261,1.0,0.0,7,1.0,0.9923371647509579,-0.11631216125478583
C16882$@DOM1,87,1.0,0.0,3,1.0,1.0,-0.11632156132689125
U3403@DOM1,87,1.0,0.0,3,1.0,1.0,-0.11632156132689125
C7616$@DOM1,87,1.0,0.0,3,1.0,1.0,-0.11632156132689125
C2325$@DOM1,97,1.0,0.0,3,1.0,1.0,-0.11633358377163167
C13968$@DOM1,97,1.0,0.0,3,1.0,1.0,-0.11633358377163167
C4786$@DOM1,97,1.0,0.0,3,1.0,1.0,-0.11633358377163167
C11996$@DOM1,102,1.0,0.0,3,1.0,1.0,-0.11635109717162179
C17433$@DOM1,102,1.0,0.0,3,1.0,1.0,-0.11635109717162179
C2294$@DOM1,81,1.0,0.0,3,1.0,1.0,-0.11638739672424248
U5448@DOM1,81,1.0,0.0,3,1.0,1.0,-0.11638739672424248
C4431$@DOM1,81,1.0,0.0,3,1.0,1.0,-0.11638739672424248
C5929$@DOM1,267,1.0,0.0,6,1.0,0.9962546816479401,-0.11639662521442845
C17037$@DOM1,267,1.0,0.0,6,1.0,0.9962546816479401,-0.11639662521442845
C4069$@DOM1,98,1.0,0.0,3,1.0,1.0,-0.11640291064620384
C14876$@DOM1,98,1.0,0.0,3,1.0,1.0,-0.11640291064620384
C3271$@DOM1,98,1.0,0.0,3,1.0,1.0,-0.11640291064620384
C13523$@DOM1,98,1.0,0.0,3,1.0,1.0,-0.11640291064620384
C11837$@DOM1,98,1.0,0.0,3,1.0,1.0,-0.11640291064620384
C7583$@DOM1,232,1.0,0.0,9,1.0,0.9956896551724138,-0.11642837557045388
C8228$@DOM1,232,1.0,0.0,9,1.0,0.9956896551724138,-0.11642837557045388
C18052$@DOM1,73,1.0,0.0,3,1.0,1.0,-0.11644201792287373
U5933@DOM1,73,1.0,0.0,3,1.0,1.0,-0.11644201792287373
C8178$@DOM1,182,1.0,0.0,6,1.0,0.9835164835164835,-0.11644658503130384
C9418$@DOM1,235,1.0,0.0,5,1.0,0.9957446808510638,-0.1164540095787795
C18373$@DOM1,235,1.0,0.0,5,1.0,0.9957446808510638,-0.1164540095787795
C771$@DOM1,139,1.0,0.0,5,1.0,0.9856115107913669,-0.11647375222486961
C8962$@DOM1,139,1.0,0.0,5,1.0,0.9856115107913669,-0.11647375222486961
C1168$@DOM1,139,1.0,0.0,5,1.0,0.9856115107913669,-0.11647375222486961
C20123$@DOM1,138,1.0,0.0,5,1.0,0.9855072463768116,-0.11648759204990478
C16698$@DOM1,138,1.0,0.0,5,1.0,0.9855072463768116,-0.11648759204990478
C10091$@DOM1,138,1.0,0.0,5,1.0,0.9855072463768116,-0.11648759204990478
C12670$@DOM1,138,1.0,0.0,5,1.0,0.9855072463768116,-0.11648759204990478
C8535$@DOM1,137,1.0,0.0,5,1.0,0.9854014598540146,-0.11648759204990478
C11352$@DOM1,138,1.0,0.0,5,1.0,0.9855072463768116,-0.11648759204990478
C10833$@DOM1,191,1.0,0.0,5,1.0,0.9895287958115183,-0.11649871481201313
C1745$@DOM1,100,1.0,0.0,3,1.0,1.0,-0.11650582299557832
C5248$@DOM1,100,1.0,0.0,3,1.0,1.0,-0.11650582299557832
U4876@DOM1,69,1.0,0.0,7,1.0,0.9855072463768116,-0.11654047887942226
C11182$@DOM1,244,1.0,0.0,6,1.0,0.9918032786885246,-0.11655944063670953
C397$@DOM1,211,1.0,0.0,10,1.0,1.0,-0.1165820103100928
C16535$@DOM1,116,1.0,0.0,3,1.0,1.0,-0.1166003336111277
C14868$@DOM1,116,1.0,0.0,3,1.0,1.0,-0.1166003336111277
C4285$@DOM1,116,1.0,0.0,3,1.0,1.0,-0.1166003336111277
C4755$@DOM1,116,1.0,0.0,3,1.0,1.0,-0.1166003336111277
C9168$@DOM1,116,1.0,0.0,3,1.0,1.0,-0.1166003336111277
C1298$@DOM1,140,1.0,0.0,5,1.0,0.9857142857142858,-0.11660147104925256
C626$@DOM1,140,1.0,0.0,5,1.0,0.9857142857142858,-0.11660147104925256
C571$@DOM1,272,1.0,0.0,8,1.0,0.9963235294117647,-0.1166095439275801
C349$@DOM1,262,1.0,0.0,7,1.0,0.9923664122137404,-0.11661765967577886
C8066$@DOM1,119,1.0,0.0,7,1.0,0.9831932773109243,-0.11662092926214723
C8221$@DOM1,199,1.0,0.0,7,1.0,0.9849246231155779,-0.11663639664243436
C4143$@DOM1,119,1.0,0.0,3,1.0,1.0,-0.1166439155684661
C8986$@DOM1,119,1.0,0.0,3,1.0,1.0,-0.1166439155684661
C13604$@DOM1,119,1.0,0.0,3,1.0,1.0,-0.1166439155684661
C19709$@DOM1,119,1.0,0.0,3,1.0,1.0,-0.1166439155684661
C14240$@DOM1,119,1.0,0.0,3,1.0,1.0,-0.1166439155684661
C16293$@DOM1,263,1.0,0.0,7,1.0,0.9923954372623575,-0.11666775186314304
C13855$@DOM1,264,1.0,0.0,7,1.0,0.9924242424242424,-0.11666775186314304
C8730$@DOM1,263,1.0,0.0,7,1.0,0.9923954372623575,-0.11666775186314304
U1500@DOM1,66,1.0,0.0,6,1.0,0.9848484848484849,-0.11668770271160989
C5004$@DOM1,117,1.0,0.0,3,1.0,1.0,-0.11669244307343818
C3093$@DOM1,117,1.0,0.0,3,1.0,1.0,-0.11669244307343818
C4192$@DOM1,117,1.0,0.0,3,1.0,1.0,-0.11669244307343818
C12316$@DOM1,117,1.0,0.0,3,1.0,1.0,-0.11669244307343818
C5937$@DOM1,117,1.0,0.0,3,1.0,1.0,-0.11669244307343818
C19797$@DOM1,214,1.0,0.0,6,1.0,0.985981308411215,-0.11669457612969014
C5222$@DOM1,99,1.0,0.0,3,1.0,1.0,-0.11670420211952176
C12463$@DOM1,184,1.0,0.0,6,1.0,0.9836956521739131,-0.11670819181272868
C829$@DOM1,205,1.0,0.0,6,1.0,0.9853658536585366,-0.11671050382015691
C11886$@DOM1,256,1.0,0.0,7,1.0,0.9921875,-0.11671911626097103
C14964$@DOM1,256,1.0,0.0,7,1.0,0.9921875,-0.11671911626097103
C3514$@DOM1,243,1.0,0.0,8,1.0,0.9917695473251029,-0.11674846833044494
C6631$@DOM1,243,1.0,0.0,8,1.0,0.9917695473251029,-0.11674846833044494
C14334$@DOM1,200,1.0,0.0,7,1.0,0.985,-0.11675065631569526
U9360@DOM9,10,1.0,0.0,4,1.0,1.0,-0.11675563893047908
U8945@DOM9,10,1.0,0.0,4,1.0,1.0,-0.11675563893047908
C1024$@DOM1,197,1.0,0.0,7,1.0,0.9847715736040609,-0.11679861504907901
C1069$@DOM1,197,1.0,0.0,7,1.0,0.9847715736040609,-0.11679861504907901
C13791$@DOM1,258,1.0,0.0,7,1.0,0.9922480620155039,-0.1168555155833636
C6240$@DOM1,258,1.0,0.0,7,1.0,0.9922480620155039,-0.1168555155833636
C1817$@DOM1,189,1.0,0.0,7,1.0,0.9841269841269841,-0.11687539096301602
C6031$@DOM1,190,1.0,0.0,7,1.0,0.9842105263157894,-0.11687539096301602
C1084$@DOM1,259,1.0,0.0,7,1.0,0.9922779922779923,-0.11688180868917059
C17909$@DOM1,276,1.0,0.0,7,1.0,0.9963768115942029,-0.11689130906210898
C4647$@DOM1,276,1.0,0.0,7,1.0,0.9963768115942029,-0.11689130906210898
C9725$@DOM1,276,1.0,0.0,7,1.0,0.9963768115942029,-0.11689130906210898
C18700$@DOM1,101,1.0,0.0,3,1.0,1.0,-0.11694779921134313
C2584$@DOM1,101,1.0,0.0,3,1.0,1.0,-0.11694779921134313
C4426$@DOM1,101,1.0,0.0,3,1.0,1.0,-0.11694779921134313
C19812$@DOM1,131,1.0,0.0,4,1.0,0.9923664122137404,-0.11694831105987408
C8932$@DOM1,187,1.0,0.0,6,1.0,0.983957219251337,-0.11695009481054863
C19312$@DOM1,118,1.0,0.0,3,1.0,1.0,-0.1169599174652291
C2871$@DOM1,118,1.0,0.0,3,1.0,1.0,-0.1169599174652291
C15160$@DOM1,118,1.0,0.0,3,1.0,1.0,-0.1169599174652291
C6747$@DOM1,118,1.0,0.0,3,1.0,1.0,-0.1169599174652291
C14657$@DOM1,118,1.0,0.0,3,1.0,1.0,-0.1169599174652291
C13755$@DOM1,232,1.0,0.0,5,1.0,0.9956896551724138,-0.11697880176948167
C82$@DOM1,118,1.0,0.0,6,1.0,0.9830508474576272,-0.11698199841386114
U9198@DOM1,262,1.0,0.0,5,1.0,1.0,-0.11698846502288152
U5160@DOM1,61,1.0,0.0,10,1.0,1.0,-0.1170239944545109
U3537@DOM1,61,1.0,0.0,10,1.0,1.0,-0.1170239944545109
C2186$@DOM1,209,1.0,0.0,10,1.0,1.0,-0.11704949476160931
U2610@DOM1,62,1.0,0.0,10,1.0,1.0,-0.11716072707004771
U2973@DOM1,12,1.0,0.0,4,1.0,1.0,-0.11722277437059725
U2380@DOM9,12,1.0,0.0,4,1.0,1.0,-0.11722277437059725
C1944$@DOM1,202,1.0,0.0,6,1.0,0.9851485148514851,-0.11729091651402385
C10247$@DOM1,253,1.0,0.0,7,1.0,0.9920948616600791,-0.1173004135725852
C396$@DOM1,191,1.0,0.0,7,1.0,0.9842931937172775,-0.11732892799210282
C3601$@DOM1,191,1.0,0.0,7,1.0,0.9842931937172775,-0.11732892799210282
C133$@DOM1,191,1.0,0.0,7,1.0,0.9842931937172775,-0.11732892799210282
C6707$@DOM1,183,1.0,0.0,7,1.0,0.9836065573770492,-0.11733814666679909
C19554$@DOM1,183,1.0,0.0,7,1.0,0.9836065573770492,-0.11733814666679909
C14781$@DOM1,141,1.0,0.0,5,1.0,0.9858156028368794,-0.11734345716574857
C12517$@DOM1,141,1.0,0.0,5,1.0,0.9858156028368794,-0.11734345716574857
C9178$@DOM1,131,1.0,0.0,8,1.0,0.9847328244274809,-0.11737542586917593
C13685$@DOM1,241,1.0,0.0,8,1.0,0.991701244813278,-0.11737989561935386
C18388$@DOM1,186,1.0,0.0,6,1.0,0.9838709677419355,-0.11738291740979129
C7950$@DOM1,240,1.0,0.0,8,1.0,0.9916666666666667,-0.1173856448320319
C9473$@DOM1,240,1.0,0.0,8,1.0,0.9916666666666667,-0.1173856448320319
C1238$@DOM1,207,1.0,0.0,7,1.0,0.9855072463768116,-0.11741093949059928
C8952$@DOM1,182,1.0,0.0,7,1.0,0.9835164835164835,-0.117416288296538
C12078$@DOM1,182,1.0,0.0,7,1.0,0.9835164835164835,-0.117416288296538
C12897$@DOM1,182,1.0,0.0,7,1.0,0.9835164835164835,-0.117416288296538
C830$@DOM1,182,1.0,0.0,7,1.0,0.9835164835164835,-0.117416288296538
U3261@DOM1,63,1.0,0.0,10,1.0,1.0,-0.11742511483684676
C14106$@DOM1,133,1.0,0.0,4,1.0,0.9924812030075187,-0.11748609381990571
C275$@DOM1,133,1.0,0.0,4,1.0,0.9924812030075187,-0.11748609381990571
ANONYMOUS LOGON@C6326,12,1.0,0.0,1,1.0,1.0,-0.11749685936694121
ANONYMOUS LOGON@C6265,12,1.0,0.0,1,1.0,1.0,-0.11749685936694121
ANONYMOUS LOGON@C7308,12,1.0,0.0,1,1.0,1.0,-0.11749685936694121
ANONYMOUS LOGON@C6731,12,1.0,0.0,1,1.0,1.0,-0.11749685936694121
ANONYMOUS LOGON@C14423,12,1.0,0.0,1,1.0,1.0,-0.11749685936694121
ANONYMOUS LOGON@C10936,12,1.0,0.0,1,1.0,1.0,-0.11749685936694121
ANONYMOUS LOGON@C12234,12,1.0,0.0,1,1.0,1.0,-0.11749685936694121
ANONYMOUS LOGON@C13983,12,1.0,0.0,1,1.0,1.0,-0.11749685936694121
ANONYMOUS LOGON@C10185,12,1.0,0.0,1,1.0,1.0,-0.11749685936694121
ANONYMOUS LOGON@C1069,12,1.0,0.0,1,1.0,1.0,-0.11749685936694121
ANONYMOUS LOGON@C1028,12,1.0,0.0,1,1.0,1.0,-0.11749685936694121
ANONYMOUS LOGON@C12531,12,1.0,0.0,1,1.0,1.0,-0.11749685936694121
ANONYMOUS LOGON@C1281,12,1.0,0.0,1,1.0,1.0,-0.11749685936694121
ANONYMOUS LOGON@C12670,12,1.0,0.0,1,1.0,1.0,-0.11749685936694121
ANONYMOUS LOGON@C12539,12,1.0,0.0,1,1.0,1.0,-0.11749685936694121
ANONYMOUS LOGON@C17342,12,1.0,0.0,1,1.0,1.0,-0.11749685936694121
ANONYMOUS LOGON@C2940,12,1.0,0.0,1,1.0,1.0,-0.11749685936694121
U4691@DOM1,12,1.0,0.0,1,1.0,1.0,-0.11749685936694121
ANONYMOUS LOGON@C14030,12,1.0,0.0,1,1.0,1.0,-0.11749685936694121
ANONYMOUS LOGON@C13134,12,1.0,0.0,1,1.0,1.0,-0.11749685936694121
ANONYMOUS LOGON@C17668,12,1.0,0.0,1,1.0,1.0,-0.11749685936694121
ANONYMOUS LOGON@C1901,12,1.0,0.0,1,1.0,1.0,-0.11749685936694121
ANONYMOUS LOGON@C18996,12,1.0,0.0,1,1.0,1.0,-0.11749685936694121
ANONYMOUS LOGON@C2012,12,1.0,0.0,1,1.0,1.0,-0.11749685936694121
ANONYMOUS LOGON@C19772,12,1.0,0.0,1,1.0,1.0,-0.11749685936694121
ANONYMOUS LOGON@C19096,12,1.0,0.0,1,1.0,1.0,-0.11749685936694121
ANONYMOUS LOGON@C687,12,1.0,0.0,1,1.0,1.0,-0.11749685936694121
ANONYMOUS LOGON@C8481,12,1.0,0.0,1,1.0,1.0,-0.11749685936694121
ANONYMOUS LOGON@C844,12,1.0,0.0,1,1.0,1.0,-0.11749685936694121
U4946@DOM1,12,1.0,0.0,1,1.0,1.0,-0.11749685936694121
ANONYMOUS LOGON@C9666,12,1.0,0.0,1,1.0,1.0,-0.11749685936694121
ANONYMOUS LOGON@C3482,12,1.0,0.0,1,1.0,1.0,-0.11749685936694121
ANONYMOUS LOGON@C84,12,1.0,0.0,1,1.0,1.0,-0.11749685936694121
LOCAL SERVICE@C14878,12,1.0,0.0,1,1.0,1.0,-0.11749685936694121
ANONYMOUS LOGON@C15882,12,1.0,0.0,1,1.0,1.0,-0.11749685936694121
ANONYMOUS LOGON@C14915,12,1.0,0.0,1,1.0,1.0,-0.11749685936694121
ANONYMOUS LOGON@C16436,12,1.0,0.0,1,1.0,1.0,-0.11749685936694121
ANONYMOUS LOGON@C16241,12,1.0,0.0,1,1.0,1.0,-0.11749685936694121
LOCAL SERVICE@C9978,12,1.0,0.0,1,1.0,1.0,-0.11749685936694121
ANONYMOUS LOGON@C20605,12,1.0,0.0,1,1.0,1.0,-0.11749685936694121
ANONYMOUS LOGON@C15445,12,1.0,0.0,1,1.0,1.0,-0.11749685936694121
NETWORK SERVICE@C3703,12,1.0,0.0,1,1.0,1.0,-0.11749685936694121
ANONYMOUS LOGON@C4403,12,1.0,0.0,1,1.0,1.0,-0.11749685936694121
ANONYMOUS LOGON@C21857,12,1.0,0.0,1,1.0,1.0,-0.11749685936694121
ANONYMOUS LOGON@C21838,12,1.0,0.0,1,1.0,1.0,-0.11749685936694121
ANONYMOUS LOGON@C1319,12,1.0,0.0,1,1.0,1.0,-0.11749685936694121
ANONYMOUS LOGON@C10,12,1.0,0.0,1,1.0,1.0,-0.11749685936694121
ANONYMOUS LOGON@C21174,12,1.0,0.0,1,1.0,1.0,-0.11749685936694121
ANONYMOUS LOGON@C21205,12,1.0,0.0,1,1.0,1.0,-0.11749685936694121
ANONYMOUS LOGON@C883,12,1.0,0.0,1,1.0,1.0,-0.11749685936694121
ANONYMOUS LOGON@C9260,12,1.0,0.0,1,1.0,1.0,-0.11749685936694121
ANONYMOUS LOGON@C10249,12,1.0,0.0,1,1.0,1.0,-0.11749685936694121
ANONYMOUS LOGON@C10233,12,1.0,0.0,1,1.0,1.0,-0.11749685936694121
ANONYMOUS LOGON@C12747,12,1.0,0.0,1,1.0,1.0,-0.11749685936694121
ANONYMOUS LOGON@C5575,12,1.0,0.0,1,1.0,1.0,-0.11749685936694121
ANONYMOUS LOGON@C2759,12,1.0,0.0,1,1.0,1.0,-0.11749685936694121
ANONYMOUS LOGON@C1480,12,1.0,0.0,1,1.0,1.0,-0.11749685936694121
ANONYMOUS LOGON@C2603,12,1.0,0.0,1,1.0,1.0,-0.11749685936694121
ANONYMOUS LOGON@C10131,12,1.0,0.0,1,1.0,1.0,-0.11749685936694121
C381$@DOM1,188,1.0,0.0,7,1.0,0.9840425531914894,-0.11749893492435881
C9311$@DOM1,188,1.0,0.0,7,1.0,0.9840425531914894,-0.11749893492435881
C129$@DOM1,230,1.0,0.0,9,1.0,0.9956521739130435,-0.11754857692170811
C16585$@DOM1,132,1.0,0.0,4,1.0,0.9924242424242424,-0.11756409688413721
C13801$@DOM1,133,1.0,0.0,8,1.0,0.9849624060150376,-0.11759637238730503
C15470$@DOM1,133,1.0,0.0,8,1.0,0.9849624060150376,-0.11759637238730503
U4567@DOM9,13,1.0,0.0,4,1.0,1.0,-0.11759880012104407
U5753@DOM1,13,1.0,0.0,4,1.0,1.0,-0.11759880012104407
C7656$@DOM1,242,1.0,0.0,6,1.0,0.9917355371900827,-0.11763042024820997
C1110$@DOM1,184,1.0,0.0,7,1.0,0.9836956521739131,-0.11767723368129607
C11264$@DOM1,184,1.0,0.0,7,1.0,0.9836956521739131,-0.11767723368129607
C8802$@DOM1,229,1.0,0.0,9,1.0,0.9956331877729258,-0.11770475829101251
C14268$@DOM1,229,1.0,0.0,9,1.0,0.9956331877729258,-0.11770475829101251
C16658$@DOM1,229,1.0,0.0,9,1.0,0.9956331877729258,-0.11770475829101251
C9046$@DOM1,263,1.0,0.0,6,1.0,0.9961977186311787,-0.11772984745800885
C12564$@DOM1,143,1.0,0.0,5,1.0,0.986013986013986,-0.11775997790933107
C17881$@DOM1,231,1.0,0.0,5,1.0,0.9956709956709957,-0.11779252623340553
C1256$@DOM1,231,1.0,0.0,5,1.0,0.9956709956709957,-0.11779252623340553
C12139$@DOM1,231,1.0,0.0,5,1.0,0.9956709956709957,-0.11779252623340553
C137$@DOM1,201,1.0,0.0,10,1.0,1.0,-0.11781889676239932
C227$@DOM1,202,1.0,0.0,7,1.0,0.9851485148514851,-0.11782768308776731
C1349$@DOM1,185,1.0,0.0,7,1.0,0.9837837837837838,-0.11783075189988929
C3039$@DOM1,185,1.0,0.0,7,1.0,0.9837837837837838,-0.11783075189988929
C9483$@DOM1,136,1.0,0.0,4,1.0,0.9926470588235294,-0.1178468365998327
C15266$@DOM1,136,1.0,0.0,4,1.0,0.9926470588235294,-0.1178468365998327
C18123$@DOM1,171,1.0,0.0,4,1.0,0.9941520467836257,-0.11788014242397288
C1538$@DOM1,142,1.0,0.0,5,1.0,0.9859154929577465,-0.11792318051582223
C12665$@DOM1,142,1.0,0.0,5,1.0,0.9859154929577465,-0.11792318051582223
U1873@DOM1,14,1.0,0.0,4,1.0,1.0,-0.11793233034305195
C3388$@DOM1,92,1.0,0.0,5,1.0,0.9891304347826086,-0.11795699666112197
U1513@DOM1,85,1.0,0.0,8,1.0,0.9882352941176471,-0.1179610331150156
C7685$@DOM1,186,1.0,0.0,7,1.0,0.9838709677419355,-0.1179957575440378
C6526$@DOM1,204,1.0,0.0,7,1.0,0.9852941176470589,-0.11806760127959343
C1295$@DOM1,238,1.0,0.0,6,1.0,0.9915966386554622,-0.1180697373260769
C14975$@DOM1,238,1.0,0.0,6,1.0,0.9915966386554622,-0.1180697373260769
C2686$@DOM1,240,1.0,0.0,6,1.0,0.9916666666666667,-0.11807047437219453
C176$@DOM1,90,1.0,0.0,5,1.0,0.9888888888888889,-0.11807525870619684
C8234$@DOM1,239,1.0,0.0,6,1.0,0.9916317991631799,-0.11813507098148318
C21079$@DOM1,263,1.0,0.0,9,1.0,1.0,-0.11813731458222448
U5418@DOM1,64,1.0,0.0,10,1.0,1.0,-0.1181656049349013
U4932@DOM1,64,1.0,0.0,10,1.0,1.0,-0.1181656049349013
C119$@DOM1,238,1.0,0.0,8,1.0,0.9915966386554622,-0.11816915856354948
C1083$@DOM1,226,1.0,0.0,9,1.0,0.995575221238938,-0.11824640859947544
C15337$@DOM1,226,1.0,0.0,9,1.0,0.995575221238938,-0.11824640859947544
C2232$@DOM1,226,1.0,0.0,9,1.0,0.995575221238938,-0.11824640859947544
C10867$@DOM1,144,1.0,0.0,5,1.0,0.9861111111111112,-0.11826145792128712
C9402$@DOM1,144,1.0,0.0,5,1.0,0.9861111111111112,-0.11826145792128712
C15260$@DOM1,144,1.0,0.0,5,1.0,0.9861111111111112,-0.11826145792128712
C1394$@DOM1,122,1.0,0.0,9,1.0,0.9918032786885246,-0.11834358131107264
C166$@DOM1,122,1.0,0.0,9,1.0,0.9918032786885246,-0.11834358131107264
C4672$@DOM1,122,1.0,0.0,9,1.0,0.9918032786885246,-0.11834358131107264
U3831@DOM1,67,1.0,0.0,10,1.0,1.0,-0.11838042334006865
U2104@DOM1,65,1.0,0.0,10,1.0,1.0,-0.11838042334006865
U5154@DOM1,65,1.0,0.0,10,1.0,1.0,-0.11838042334006865
U508@DOM1,65,1.0,0.0,10,1.0,1.0,-0.11838042334006865
U7779@DOM1,66,1.0,0.0,10,1.0,1.0,-0.11838042334006865
U5655@DOM1,67,1.0,0.0,10,1.0,1.0,-0.11838042334006865
U5644@DOM1,66,1.0,0.0,10,1.0,1.0,-0.11838042334006865
U5881@DOM1,65,1.0,0.0,10,1.0,1.0,-0.11838042334006865
U5766@DOM1,65,1.0,0.0,10,1.0,1.0,-0.11838042334006865
U2854@DOM1,67,1.0,0.0,10,1.0,1.0,-0.11838042334006865
U4599@DOM1,67,1.0,0.0,10,1.0,1.0,-0.11838042334006865
C9479$@DOM1,250,1.0,0.0,7,1.0,0.992,-0.11839630384315597
C1073$@DOM1,258,1.0,0.0,5,1.0,1.0,-0.11839775876178049
C7666$@DOM1,181,1.0,0.0,5,1.0,0.988950276243094,-0.11845023197897608
C18771$@DOM1,166,1.0,0.0,4,1.0,0.9939759036144579,-0.11845368885854618
C19597$@DOM1,225,1.0,0.0,9,1.0,0.9955555555555555,-0.11846120392239379
C3395$@DOM1,15,1.0,0.0,4,1.0,1.0,-0.1184645315620182
C2480$@DOM1,95,1.0,0.0,5,1.0,0.9894736842105263,-0.11849081530051636
U2457@DOM1,68,1.0,0.0,10,1.0,1.0,-0.1185152346486612
U4956@DOM1,68,1.0,0.0,10,1.0,1.0,-0.1185152346486612
C19624$@DOM1,260,1.0,0.0,6,1.0,0.9961538461538462,-0.11852518197926531
C11632$@DOM1,139,1.0,0.0,4,1.0,0.9928057553956835,-0.11859919674968528
C822$@DOM1,139,1.0,0.0,4,1.0,0.9928057553956835,-0.11859919674968528
C21183$@DOM1,198,1.0,0.0,10,1.0,1.0,-0.11860913336480061
C5877$@DOM1,123,1.0,0.0,9,1.0,0.991869918699187,-0.11869481314286462
C12149$@DOM1,119,1.0,0.0,6,1.0,0.9831932773109243,-0.11869849081660433
C8293$@DOM1,119,1.0,0.0,6,1.0,0.9831932773109243,-0.11869849081660433
C3067$@DOM1,224,1.0,0.0,9,1.0,0.9955357142857143,-0.11870134790751807
C142$@DOM1,120,1.0,0.0,9,1.0,0.9916666666666667,-0.11870429572955632
C3928$@DOM1,120,1.0,0.0,9,1.0,0.9916666666666667,-0.11870429572955632
C13314$@DOM1,145,1.0,0.0,5,1.0,0.9862068965517241,-0.11871014658771517
C633$@DOM1,145,1.0,0.0,5,1.0,0.9862068965517241,-0.11871014658771517
C1090$@DOM1,145,1.0,0.0,5,1.0,0.9862068965517241,-0.11871014658771517
U3714@DOM1,69,1.0,0.0,10,1.0,1.0,-0.11871332567509207
U6846@DOM1,69,1.0,0.0,10,1.0,1.0,-0.11871332567509207
U4449@DOM1,70,1.0,0.0,10,1.0,1.0,-0.11871332567509207
C14429$@DOM1,140,1.0,0.0,4,1.0,0.9928571428571429,-0.11871593390818236
C19499$@DOM1,237,1.0,0.0,6,1.0,0.9915611814345991,-0.11871814070100478
C16533$@DOM1,237,1.0,0.0,6,1.0,0.9915611814345991,-0.11871814070100478
C20848$@DOM1,237,1.0,0.0,6,1.0,0.9915611814345991,-0.11871814070100478
C7854$@DOM1,135,1.0,0.0,8,1.0,0.9851851851851852,-0.11877913795037226
C14967$@DOM1,168,1.0,0.0,4,1.0,0.9940476190476191,-0.11879967960988658
C19414$@DOM1,138,1.0,0.0,4,1.0,0.9927536231884058,-0.11880677388901756
U3550@DOM1,16,1.0,0.0,4,1.0,1.0,-0.11882609421534762
U6260@DOM1,16,1.0,0.0,4,1.0,1.0,-0.11882609421534762
U2056@DOM1,16,1.0,0.0,4,1.0,1.0,-0.11882609421534762
C5659$@DOM1,16,1.0,0.0,4,1.0,1.0,-0.11882609421534762
U9298@DOM1,83,1.0,0.0,10,1.0,1.0,-0.11882657620715609
U2869@DOM1,83,1.0,0.0,10,1.0,1.0,-0.11882657620715609
U1691@DOM1,84,1.0,0.0,10,1.0,1.0,-0.11882657620715609
U1721@DOM1,84,1.0,0.0,10,1.0,1.0,-0.11882657620715609
U5119@DOM1,83,1.0,0.0,10,1.0,1.0,-0.11882657620715609
U926@DOM1,84,1.0,0.0,10,1.0,1.0,-0.11882657620715609
U6213@DOM1,83,1.0,0.0,10,1.0,1.0,-0.11882657620715609
U10054@DOM1,84,1.0,0.0,10,1.0,1.0,-0.11882657620715609
U9238@DOM1,84,1.0,0.0,10,1.0,1.0,-0.11882657620715609
C7674$@DOM1,160,1.0,0.0,4,1.0,0.99375,-0.1188454742169664
C18544$@DOM1,197,1.0,0.0,10,1.0,1.0,-0.11884746117000822
C19976$@DOM1,141,1.0,0.0,4,1.0,0.9929078014184397,-0.11890298504088698
C18588$@DOM1,141,1.0,0.0,4,1.0,0.9929078014184397,-0.11890298504088698
U134@DOM1,141,1.0,0.0,4,1.0,0.9929078014184397,-0.11890298504088698
C13080$@DOM1,141,1.0,0.0,4,1.0,0.9929078014184397,-0.11890298504088698
C14486$@DOM1,134,1.0,0.0,8,1.0,0.9850746268656716,-0.1189146950344524
C17117$@DOM1,230,1.0,0.0,5,1.0,0.9956521739130435,-0.11899321355284631
C9810$@DOM1,177,1.0,0.0,5,1.0,0.9887005649717514,-0.11900186310095467
U8273@DOM1,71,1.0,0.0,10,1.0,1.0,-0.11904283856093828
U789@DOM1,71,1.0,0.0,10,1.0,1.0,-0.11904283856093828
U3267@DOM1,71,1.0,0.0,10,1.0,1.0,-0.11904283856093828
U7661@DOM1,71,1.0,0.0,10,1.0,1.0,-0.11904283856093828
C13162$@DOM1,236,1.0,0.0,6,1.0,0.9915254237288136,-0.11906114043297217
C13032$@DOM1,236,1.0,0.0,6,1.0,0.9915254237288136,-0.11906114043297217
C8607$@DOM1,236,1.0,0.0,6,1.0,0.9915254237288136,-0.11906114043297217
U9335@DOM1,89,1.0,0.0,10,1.0,1.0,-0.11907716717016709
U2715@DOM1,89,1.0,0.0,10,1.0,1.0,-0.11907716717016709
U4067@DOM1,89,1.0,0.0,10,1.0,1.0,-0.11907716717016709
U1273@DOM1,89,1.0,0.0,10,1.0,1.0,-0.11907716717016709
U2053@DOM1,89,1.0,0.0,10,1.0,1.0,-0.11907716717016709
U6370@DOM1,89,1.0,0.0,10,1.0,1.0,-0.11907716717016709
U5304@DOM1,89,1.0,0.0,10,1.0,1.0,-0.11907716717016709
C17935$@DOM1,176,1.0,0.0,5,1.0,0.9886363636363636,-0.11910190913736579
C7178$@DOM1,220,1.0,0.0,4,1.0,1.0,-0.11911178206988238
C8964$@DOM1,174,1.0,0.0,5,1.0,0.9885057471264368,-0.1191245154573321
U4421@DOM1,85,1.0,0.0,10,1.0,1.0,-0.11912785452067964
U9235@DOM1,85,1.0,0.0,10,1.0,1.0,-0.11912785452067964
C8799$@DOM1,68,1.0,0.0,6,1.0,0.9852941176470589,-0.11915723276363427
U5302@DOM1,90,1.0,0.0,10,1.0,1.0,-0.1191928399816789
U3930@DOM1,90,1.0,0.0,10,1.0,1.0,-0.1191928399816789
U674@DOM1,90,1.0,0.0,10,1.0,1.0,-0.1191928399816789
C222$@DOM1,196,1.0,0.0,10,1.0,1.0,-0.11919915095070338
C428$@DOM1,196,1.0,0.0,10,1.0,1.0,-0.11919915095070338
U681@DOM1,93,1.0,0.0,10,1.0,1.0,-0.11920151359189429
U4205@DOM1,93,1.0,0.0,10,1.0,1.0,-0.11920151359189429
C11663$@DOM1,172,1.0,0.0,5,1.0,0.9883720930232558,-0.11923264432497443
C11416$@DOM1,151,1.0,0.0,4,1.0,0.9933774834437086,-0.11924896531270884
U4267@DOM1,86,1.0,0.0,10,1.0,1.0,-0.1192624600425059
U9064@DOM1,86,1.0,0.0,10,1.0,1.0,-0.1192624600425059
U8266@DOM1,86,1.0,0.0,10,1.0,1.0,-0.1192624600425059
C933$@DOM1,236,1.0,0.0,8,1.0,0.9915254237288136,-0.11926278092120557
C6501$@DOM1,236,1.0,0.0,8,1.0,0.9915254237288136,-0.11926278092120557
C2658$@DOM1,266,1.0,0.0,8,1.0,0.9962406015037594,-0.1192853906072539
C3098$@DOM1,266,1.0,0.0,8,1.0,0.9962406015037594,-0.1192853906072539
C19183$@DOM1,265,1.0,0.0,8,1.0,0.9962264150943396,-0.1192853906072539
U5047@DOM1,73,1.0,0.0,10,1.0,1.0,-0.11928651369843135
U3570@DOM1,73,1.0,0.0,10,1.0,1.0,-0.11928651369843135
U5765@DOM1,73,1.0,0.0,10,1.0,1.0,-0.11928651369843135
C2734$@DOM1,259,1.0,0.0,6,1.0,0.9961389961389961,-0.11929921673660815
C14197$@DOM1,267,1.0,0.0,8,1.0,0.9962546816479401,-0.11931245890249703
C14940$@DOM1,267,1.0,0.0,8,1.0,0.9962546816479401,-0.11931245890249703
C304$@DOM1,124,1.0,0.0,9,1.0,0.9919354838709677,-0.11931529959104337
C7131$@DOM1,124,1.0,0.0,9,1.0,0.9919354838709677,-0.11931529959104337
C13825$@DOM1,136,1.0,0.0,8,1.0,0.9852941176470589,-0.11932565585116212
C7495$@DOM1,91,1.0,0.0,8,1.0,0.989010989010989,-0.11932811713434105
C7105$@DOM1,261,1.0,0.0,9,1.0,1.0,-0.11933012605468363
C707$@DOM1,122,1.0,0.0,7,1.0,0.9836065573770492,-0.11933497297036166
C12604$@DOM1,122,1.0,0.0,7,1.0,0.9836065573770492,-0.11933497297036166
U4143@DOM1,96,1.0,0.0,10,1.0,1.0,-0.11934635454280973
U3137@DOM1,96,1.0,0.0,10,1.0,1.0,-0.11934635454280973
U3661@DOM1,96,1.0,0.0,10,1.0,1.0,-0.11934635454280973
U3909@DOM1,96,1.0,0.0,10,1.0,1.0,-0.11934635454280973
U472@DOM1,96,1.0,0.0,10,1.0,1.0,-0.11934635454280973
C3734$@DOM1,180,1.0,0.0,5,1.0,0.9888888888888889,-0.1193499770932745
C11861$@DOM1,97,1.0,0.0,5,1.0,0.9896907216494846,-0.11939888558181833
U4465@DOM1,91,1.0,0.0,10,1.0,1.0,-0.1194297891436979
U7570@DOM1,91,1.0,0.0,10,1.0,1.0,-0.1194297891436979
U6037@DOM1,91,1.0,0.0,10,1.0,1.0,-0.1194297891436979
C655$@DOM1,146,1.0,0.0,5,1.0,0.9863013698630136,-0.11944327606035021
C19587$@DOM1,178,1.0,0.0,5,1.0,0.9887640449438202,-0.11944608687207592
C19887$@DOM1,178,1.0,0.0,5,1.0,0.9887640449438202,-0.11944608687207592
C19308$@DOM1,144,1.0,0.0,4,1.0,0.9930555555555556,-0.11944752937933378
U4674@DOM1,81,1.0,0.0,10,1.0,1.0,-0.11945297170365132
U9057@DOM1,81,1.0,0.0,10,1.0,1.0,-0.11945297170365132
U974@DOM1,76,1.0,0.0,10,1.0,1.0,-0.11945720961394113
U4172@DOM1,75,1.0,0.0,10,1.0,1.0,-0.11945720961394113
U961@DOM1,75,1.0,0.0,10,1.0,1.0,-0.11945720961394113
U8547@DOM1,75,1.0,0.0,10,1.0,1.0,-0.11945720961394113
U7616@DOM1,75,1.0,0.0,10,1.0,1.0,-0.11945720961394113
U6433@DOM1,75,1.0,0.0,10,1.0,1.0,-0.11945720961394113
U402@DOM1,75,1.0,0.0,10,1.0,1.0,-0.11945720961394113
U3929@DOM1,76,1.0,0.0,10,1.0,1.0,-0.11945720961394113
U5803@DOM1,76,1.0,0.0,10,1.0,1.0,-0.11945720961394113
C13853$@DOM1,221,1.0,0.0,9,1.0,0.995475113122172,-0.11946120835025242
C17010$@DOM1,142,1.0,0.0,4,1.0,0.9929577464788732,-0.119498164153516
C12129$@DOM1,142,1.0,0.0,4,1.0,0.9929577464788732,-0.119498164153516
U3477@DOM1,77,1.0,0.0,10,1.0,1.0,-0.11950194068170905
U721@DOM1,78,1.0,0.0,10,1.0,1.0,-0.11950194068170905
U3728@DOM1,77,1.0,0.0,10,1.0,1.0,-0.11950194068170905
U3290@DOM1,80,1.0,0.0,10,1.0,1.0,-0.11950194068170905
U4482@DOM1,79,1.0,0.0,10,1.0,1.0,-0.11950194068170905
U1527@DOM1,77,1.0,0.0,10,1.0,1.0,-0.11950194068170905
U131@DOM1,80,1.0,0.0,10,1.0,1.0,-0.11950194068170905
U3400@DOM1,77,1.0,0.0,10,1.0,1.0,-0.11950194068170905
U948@DOM1,80,1.0,0.0,10,1.0,1.0,-0.11950194068170905
U4463@DOM1,77,1.0,0.0,10,1.0,1.0,-0.11950194068170905
U4148@DOM1,77,1.0,0.0,10,1.0,1.0,-0.11950194068170905
U8950@DOM1,88,1.0,0.0,10,1.0,1.0,-0.11950662736419598
U9659@DOM1,88,1.0,0.0,10,1.0,1.0,-0.11950662736419598
U8712@DOM1,88,1.0,0.0,10,1.0,1.0,-0.11950662736419598
U765@DOM1,88,1.0,0.0,10,1.0,1.0,-0.11950662736419598
U3788@DOM1,88,1.0,0.0,10,1.0,1.0,-0.11950662736419598
U9020@DOM1,88,1.0,0.0,10,1.0,1.0,-0.11950662736419598
C1058$@DOM1,150,1.0,0.0,4,1.0,0.9933333333333333,-0.11950918691469753
U5594@DOM1,74,1.0,0.0,10,1.0,1.0,-0.11951404905517499
U1307@DOM1,74,1.0,0.0,10,1.0,1.0,-0.11951404905517499
U9045@DOM1,74,1.0,0.0,10,1.0,1.0,-0.11951404905517499
U5010@DOM1,82,1.0,0.0,10,1.0,1.0,-0.11951733448802215
U3145@DOM1,82,1.0,0.0,10,1.0,1.0,-0.11951733448802215
U5096@DOM1,87,1.0,0.0,10,1.0,1.0,-0.1195199747263962
U4797@DOM1,87,1.0,0.0,10,1.0,1.0,-0.1195199747263962
C16976$@DOM1,246,1.0,0.0,7,1.0,0.991869918699187,-0.11953889374376248
C9696$@DOM1,173,1.0,0.0,5,1.0,0.9884393063583815,-0.11955446344029136
C20011$@DOM1,173,1.0,0.0,5,1.0,0.9884393063583815,-0.11955446344029136
C15993$@DOM1,173,1.0,0.0,5,1.0,0.9884393063583815,-0.11955446344029136
LOCAL SERVICE@C19438,11,1.0,0.0,1,1.0,1.0,-0.1195609780234212
NETWORK SERVICE@C20166,11,1.0,0.0,1,1.0,1.0,-0.1195609780234212
NETWORK SERVICE@C18359,11,1.0,0.0,1,1.0,1.0,-0.1195609780234212
NETWORK SERVICE@C4511,11,1.0,0.0,1,1.0,1.0,-0.1195609780234212
U9214@DOM1,11,1.0,0.0,1,1.0,1.0,-0.1195609780234212
LOCAL SERVICE@C12279,11,1.0,0.0,1,1.0,1.0,-0.1195609780234212
ANONYMOUS LOGON@C11204,11,1.0,0.0,1,1.0,1.0,-0.1195609780234212
LOCAL SERVICE@C15292,11,1.0,0.0,1,1.0,1.0,-0.1195609780234212
LOCAL SERVICE@C4803,11,1.0,0.0,1,1.0,1.0,-0.1195609780234212
LOCAL SERVICE@C3500,11,1.0,0.0,1,1.0,1.0,-0.1195609780234212
LOCAL SERVICE@C8818,11,1.0,0.0,1,1.0,1.0,-0.1195609780234212
LOCAL SERVICE@C5292,11,1.0,0.0,1,1.0,1.0,-0.1195609780234212
LOCAL SERVICE@C3374,11,1.0,0.0,1,1.0,1.0,-0.1195609780234212
U6732@DOM1,11,1.0,0.0,1,1.0,1.0,-0.1195609780234212
ANONYMOUS LOGON@C3226,11,1.0,0.0,1,1.0,1.0,-0.1195609780234212
NETWORK SERVICE@C9067,11,1.0,0.0,1,1.0,1.0,-0.1195609780234212
C9295$@DOM1,126,1.0,0.0,9,1.0,0.9920634920634921,-0.11956476473374805
U5129@DOM1,94,1.0,0.0,10,1.0,1.0,-0.11956902797124952
U2132@DOM1,94,1.0,0.0,10,1.0,1.0,-0.11956902797124952
U8591@DOM1,94,1.0,0.0,10,1.0,1.0,-0.11956902797124952
U2727@DOM1,92,1.0,0.0,10,1.0,1.0,-0.11961502967660881
U7674@DOM1,92,1.0,0.0,10,1.0,1.0,-0.11961502967660881
U3695@DOM1,92,1.0,0.0,10,1.0,1.0,-0.11961502967660881
U6958@DOM1,92,1.0,0.0,10,1.0,1.0,-0.11961502967660881
U655@DOM1,92,1.0,0.0,10,1.0,1.0,-0.11961502967660881
U3951@DOM1,99,1.0,0.0,10,1.0,1.0,-0.11963509320187621
U2603@DOM1,99,1.0,0.0,10,1.0,1.0,-0.11963509320187621
U6808@DOM1,99,1.0,0.0,10,1.0,1.0,-0.11963509320187621
U7048@DOM1,99,1.0,0.0,10,1.0,1.0,-0.11963509320187621
U9376@DOM1,99,1.0,0.0,10,1.0,1.0,-0.11963509320187621
U5065@DOM1,99,1.0,0.0,10,1.0,1.0,-0.11963509320187621
U9744@DOM1,99,1.0,0.0,10,1.0,1.0,-0.11963509320187621
U4258@DOM1,99,1.0,0.0,10,1.0,1.0,-0.11963509320187621
U9208@DOM1,99,1.0,0.0,10,1.0,1.0,-0.11963509320187621
U1160@DOM1,99,1.0,0.0,10,1.0,1.0,-0.11963509320187621
C14326$@DOM1,255,1.0,0.0,6,1.0,0.996078431372549,-0.11967181365885882
C600$@DOM1,255,1.0,0.0,6,1.0,0.996078431372549,-0.11967181365885882
U2396@DOM1,98,1.0,0.0,10,1.0,1.0,-0.11968089704394735
U2321@DOM1,98,1.0,0.0,10,1.0,1.0,-0.11968089704394735
U5592@DOM1,98,1.0,0.0,10,1.0,1.0,-0.11968089704394735
U5369@DOM1,98,1.0,0.0,10,1.0,1.0,-0.11968089704394735
U8125@DOM1,98,1.0,0.0,10,1.0,1.0,-0.11968089704394735
U8798@DOM1,98,1.0,0.0,10,1.0,1.0,-0.11968089704394735
U2678@DOM1,98,1.0,0.0,10,1.0,1.0,-0.11968089704394735
C489$@DOM1,229,1.0,0.0,8,1.0,0.9912663755458515,-0.11968385572933982
U6346@DOM1,95,1.0,0.0,10,1.0,1.0,-0.11970794806884294
U6552@DOM1,95,1.0,0.0,10,1.0,1.0,-0.11970794806884294
U2619@DOM1,95,1.0,0.0,10,1.0,1.0,-0.11970794806884294
U4199@DOM1,95,1.0,0.0,10,1.0,1.0,-0.11970794806884294
C14233$@DOM1,264,1.0,0.0,8,1.0,0.9962121212121212,-0.11971207253835126
C20242$@DOM1,264,1.0,0.0,8,1.0,0.9962121212121212,-0.11971207253835126
C7764$@DOM1,258,1.0,0.0,6,1.0,0.9961240310077519,-0.11973437789452407
C14523$@DOM1,270,1.0,0.0,7,1.0,0.9962962962962963,-0.11973891180962948
C1370$@DOM1,270,1.0,0.0,7,1.0,0.9962962962962963,-0.11973891180962948
U4057@DOM1,103,1.0,0.0,10,1.0,1.0,-0.11977137111998121
C11180$@DOM1,169,1.0,0.0,5,1.0,0.9881656804733728,-0.11978190484238216
C333$@DOM1,169,1.0,0.0,5,1.0,0.9881656804733728,-0.11978190484238216
C10480$@DOM1,256,1.0,0.0,6,1.0,0.99609375,-0.11981379137657855
U117@DOM1,147,1.0,0.0,4,1.0,0.9931972789115646,-0.11982370124663594
C19430$@DOM1,147,1.0,0.0,4,1.0,0.9931972789115646,-0.11982370124663594
C16991$@DOM1,227,1.0,0.0,8,1.0,0.9911894273127754,-0.11984186142442477
C1269$@DOM1,195,1.0,0.0,10,1.0,1.0,-0.11987229915615111
U2818@DOM1,101,1.0,0.0,10,1.0,1.0,-0.11988066752151116
U8704@DOM1,101,1.0,0.0,10,1.0,1.0,-0.11988066752151116
U467@DOM1,101,1.0,0.0,10,1.0,1.0,-0.11988066752151116
U1341@DOM1,101,1.0,0.0,10,1.0,1.0,-0.11988066752151116
U2664@DOM1,101,1.0,0.0,10,1.0,1.0,-0.11988066752151116
U4580@DOM1,97,1.0,0.0,10,1.0,1.0,-0.11988257099697697
U9867@DOM1,97,1.0,0.0,10,1.0,1.0,-0.11988257099697697
U2968@DOM1,97,1.0,0.0,10,1.0,1.0,-0.11988257099697697
U9357@DOM1,17,1.0,0.0,4,1.0,1.0,-0.11989703031740373
U9436@DOM1,17,1.0,0.0,4,1.0,1.0,-0.11989703031740373
C19505$@DOM1,90,1.0,0.0,8,1.0,0.9888888888888889,-0.11989823567280938
C6400$@DOM1,120,1.0,0.0,6,1.0,0.9833333333333333,-0.1199017468237753
C13391$@DOM1,120,1.0,0.0,6,1.0,0.9833333333333333,-0.1199017468237753
C12570$@DOM1,120,1.0,0.0,6,1.0,0.9833333333333333,-0.1199017468237753
C7521$@DOM1,120,1.0,0.0,6,1.0,0.9833333333333333,-0.1199017468237753
C12459$@DOM1,220,1.0,0.0,9,1.0,0.9954545454545455,-0.11991013102007947
C9232$@DOM1,261,1.0,0.0,8,1.0,0.9961685823754789,-0.11994132458461376
C16318$@DOM1,261,1.0,0.0,8,1.0,0.9961685823754789,-0.11994132458461376
C3059$@DOM1,261,1.0,0.0,8,1.0,0.9961685823754789,-0.11994132458461376
U6127@DOM1,100,1.0,0.0,10,1.0,1.0,-0.11994495796871557
U2364@DOM1,100,1.0,0.0,10,1.0,1.0,-0.11994495796871557
U8806@DOM1,100,1.0,0.0,10,1.0,1.0,-0.11994495796871557
C1379$@DOM1,226,1.0,0.0,5,1.0,0.995575221238938,-0.11996122202735665
C7980$@DOM1,227,1.0,0.0,5,1.0,0.9955947136563876,-0.11996122202735665
C18767$@DOM1,163,1.0,0.0,5,1.0,0.9877300613496932,-0.11996273078247166
C9186$@DOM1,163,1.0,0.0,5,1.0,0.9877300613496932,-0.11996273078247166
C13254$@DOM1,147,1.0,0.0,5,1.0,0.9863945578231292,-0.1199664946813579
C18542$@DOM1,147,1.0,0.0,5,1.0,0.9863945578231292,-0.1199664946813579
C6834$@DOM1,152,1.0,0.0,4,1.0,0.993421052631579,-0.12003105490021032
C506$@DOM1,152,1.0,0.0,4,1.0,0.993421052631579,-0.12003105490021032
C1835$@DOM1,234,1.0,0.0,8,1.0,0.9914529914529915,-0.12004014804135715
C14370$@DOM1,159,1.0,0.0,4,1.0,0.9937106918238994,-0.12007451634786392
C4984$@DOM1,159,1.0,0.0,4,1.0,0.9937106918238994,-0.12007451634786392
C17602$@DOM1,224,1.0,0.0,8,1.0,0.9910714285714286,-0.12009540074005959
U5550@DOM1,102,1.0,0.0,10,1.0,1.0,-0.12009760109906176
U7019@DOM1,102,1.0,0.0,10,1.0,1.0,-0.12009760109906176
U4008@DOM1,102,1.0,0.0,10,1.0,1.0,-0.12009760109906176
U4336@DOM1,102,1.0,0.0,10,1.0,1.0,-0.12009760109906176
U7731@DOM1,102,1.0,0.0,10,1.0,1.0,-0.12009760109906176
U9790@DOM1,19,1.0,0.0,4,1.0,1.0,-0.12012312069950676
U8945@DOM1,19,1.0,0.0,4,1.0,1.0,-0.12012312069950676
U10008@DOM1,19,1.0,0.0,4,1.0,1.0,-0.12012312069950676
C2685$@DOM1,218,1.0,0.0,4,1.0,1.0,-0.12012996160069844
C1582$@DOM1,225,1.0,0.0,8,1.0,0.9911111111111112,-0.12013939747788116
C9651$@DOM1,223,1.0,0.0,8,1.0,0.9910313901345291,-0.12014486855779849
C4668$@DOM1,193,1.0,0.0,10,1.0,1.0,-0.1201491800141199
C2196$@DOM1,171,1.0,0.0,5,1.0,0.9883040935672515,-0.12016979396567273
C6859$@DOM1,171,1.0,0.0,5,1.0,0.9883040935672515,-0.12016979396567273
C12$@DOM1,171,1.0,0.0,5,1.0,0.9883040935672515,-0.12016979396567273
C7079$@DOM1,168,1.0,0.0,5,1.0,0.9880952380952381,-0.1202163475447704
C7320$@DOM1,168,1.0,0.0,5,1.0,0.9880952380952381,-0.1202163475447704
U6350@DOM1,105,1.0,0.0,10,1.0,1.0,-0.12023164611708598
U139@DOM1,105,1.0,0.0,10,1.0,1.0,-0.12023164611708598
U2060@DOM1,105,1.0,0.0,10,1.0,1.0,-0.12023164611708598
U582@DOM1,105,1.0,0.0,10,1.0,1.0,-0.12023164611708598
U2884@DOM1,107,1.0,0.0,10,1.0,1.0,-0.12023275372181624
U6116@DOM1,107,1.0,0.0,10,1.0,1.0,-0.12023275372181624
C20209$@DOM1,225,1.0,0.0,5,1.0,0.9955555555555555,-0.1202534744931899
C13840$@DOM1,98,1.0,0.0,5,1.0,0.9897959183673469,-0.12025930870569856
C9522$@DOM1,137,1.0,0.0,8,1.0,0.9854014598540146,-0.1202658702609068
C19948$@DOM1,262,1.0,0.0,8,1.0,0.9961832061068703,-0.12028443521793969
C1048$@DOM1,262,1.0,0.0,8,1.0,0.9961832061068703,-0.12028443521793969
C15168$@DOM1,255,1.0,0.0,9,1.0,1.0,-0.12031609715231706
C3237$@DOM1,123,1.0,0.0,7,1.0,0.983739837398374,-0.12034336329976458
C10650$@DOM1,158,1.0,0.0,4,1.0,0.9936708860759493,-0.12037411017930205
C12457$@DOM1,231,1.0,0.0,8,1.0,0.9913419913419913,-0.1203845039281537
C18379$@DOM1,231,1.0,0.0,8,1.0,0.9913419913419913,-0.1203845039281537
C11583$@DOM1,189,1.0,0.0,10,1.0,1.0,-0.12038495314217335
U2521@DOM1,191,1.0,0.0,10,1.0,1.0,-0.12038495314217335
C7900$@DOM1,156,1.0,0.0,4,1.0,0.9935897435897436,-0.12040707876050738
C15172$@DOM1,100,1.0,0.0,5,1.0,0.99,-0.1204128748544192
C8312$@DOM1,164,1.0,0.0,5,1.0,0.9878048780487805,-0.12043034148441195
C21714$@DOM1,164,1.0,0.0,5,1.0,0.9878048780487805,-0.12043034148441195
C21382$@DOM1,18,1.0,0.0,4,1.0,1.0,-0.12048475139767528
U5441@DOM1,18,1.0,0.0,4,1.0,1.0,-0.12048475139767528
U3381@DOM1,18,1.0,0.0,4,1.0,1.0,-0.12048475139767528
U5657@DOM1,93,1.0,0.0,8,1.0,0.989247311827957,-0.1204963116169479
C17159$@DOM1,157,1.0,0.0,5,1.0,0.9872611464968153,-0.12050365105724176
C14775$@DOM1,157,1.0,0.0,5,1.0,0.9872611464968153,-0.12050365105724176
C6507$@DOM1,157,1.0,0.0,5,1.0,0.9872611464968153,-0.12050365105724176
C1175$@DOM1,151,1.0,0.0,5,1.0,0.9867549668874173,-0.12053062101423456
C15180$@DOM1,151,1.0,0.0,5,1.0,0.9867549668874173,-0.12053062101423456
C7776$@DOM1,151,1.0,0.0,5,1.0,0.9867549668874173,-0.12053062101423456
C19556$@DOM1,151,1.0,0.0,5,1.0,0.9867549668874173,-0.12053062101423456
C330$@DOM1,156,1.0,0.0,5,1.0,0.9871794871794872,-0.12055807097850685
C15420$@DOM1,156,1.0,0.0,5,1.0,0.9871794871794872,-0.12055807097850685
C19223$@DOM1,253,1.0,0.0,6,1.0,0.9960474308300395,-0.12056508275863864
C12371$@DOM1,253,1.0,0.0,6,1.0,0.9960474308300395,-0.12056508275863864
C1317$@DOM1,235,1.0,0.0,6,1.0,0.9914893617021276,-0.12057252492316467
C7887$@DOM1,160,1.0,0.0,5,1.0,0.9875,-0.12059394550023195
C14827$@DOM1,155,1.0,0.0,4,1.0,0.9935483870967742,-0.12059487088600473
C6611$@DOM1,92,1.0,0.0,8,1.0,0.9891304347826086,-0.12061522046005729
C6365$@DOM1,99,1.0,0.0,5,1.0,0.98989898989899,-0.12061646944794419
C20151$@DOM1,99,1.0,0.0,5,1.0,0.98989898989899,-0.12061646944794419
C5020$@DOM1,186,1.0,0.0,10,1.0,1.0,-0.12061814135183713
C10173$@DOM1,148,1.0,0.0,5,1.0,0.9864864864864865,-0.12061945377963479
C8082$@DOM1,148,1.0,0.0,5,1.0,0.9864864864864865,-0.12061945377963479
C5793$@DOM1,148,1.0,0.0,5,1.0,0.9864864864864865,-0.12061945377963479
C10158$@DOM1,148,1.0,0.0,5,1.0,0.9864864864864865,-0.12061945377963479
C11045$@DOM1,148,1.0,0.0,5,1.0,0.9864864864864865,-0.12061945377963479
C684$@DOM1,221,1.0,0.0,8,1.0,0.9909502262443439,-0.12063180919573785
C16839$@DOM1,282,1.0,0.0,8,1.0,1.0,-0.12065973097534288
C878$@DOM1,138,1.0,0.0,8,1.0,0.9855072463768116,-0.12067006782095596
C16931$@DOM1,158,1.0,0.0,5,1.0,0.9873417721518988,-0.12069344144324612
C570$@DOM1,158,1.0,0.0,5,1.0,0.9873417721518988,-0.12069344144324612
C18512$@DOM1,124,1.0,0.0,7,1.0,0.9838709677419355,-0.12070824117402856
C7637$@DOM1,124,1.0,0.0,7,1.0,0.9838709677419355,-0.12070824117402856
C1575$@DOM1,165,1.0,0.0,5,1.0,0.9878787878787879,-0.12081477662948747
C12852$@DOM1,165,1.0,0.0,5,1.0,0.9878787878787879,-0.12081477662948747
C11398$@DOM1,224,1.0,0.0,5,1.0,0.9955357142857143,-0.12081591031451622
C11775$@DOM1,224,1.0,0.0,5,1.0,0.9955357142857143,-0.12081591031451622
C9399$@DOM1,224,1.0,0.0,5,1.0,0.9955357142857143,-0.12081591031451622
C620$@DOM1,259,1.0,0.0,8,1.0,0.9961389961389961,-0.12090642006830216
C5812$@DOM1,259,1.0,0.0,8,1.0,0.9961389961389961,-0.12090642006830216
C450$@DOM1,217,1.0,0.0,9,1.0,0.9953917050691244,-0.12095255582439224
C1471$@DOM1,217,1.0,0.0,9,1.0,0.9953917050691244,-0.12095255582439224
C14074$@DOM1,152,1.0,0.0,5,1.0,0.9868421052631579,-0.12095734168282662
C11539$@DOM1,152,1.0,0.0,5,1.0,0.9868421052631579,-0.12095734168282662
C20099$@DOM1,153,1.0,0.0,4,1.0,0.9934640522875817,-0.12096768802143426
C13519$@DOM1,153,1.0,0.0,4,1.0,0.9934640522875817,-0.12096768802143426
C16760$@DOM1,153,1.0,0.0,4,1.0,0.9934640522875817,-0.12096768802143426
C21869$@DOM1,188,1.0,0.0,10,1.0,1.0,-0.12098795183429667
C12689$@DOM1,188,1.0,0.0,10,1.0,1.0,-0.12098795183429667
C16831$@DOM1,270,1.0,0.0,6,1.0,1.0,-0.12100523134344227
C21527$@DOM1,270,1.0,0.0,6,1.0,1.0,-0.12100523134344227
C926$@DOM1,216,1.0,0.0,8,1.0,0.9907407407407407,-0.12106938575838194
C484$@DOM1,155,1.0,0.0,5,1.0,0.9870967741935484,-0.1210972719028705
C150$@DOM1,245,1.0,0.0,7,1.0,0.9918367346938776,-0.12112692220890858
C1159$@DOM1,245,1.0,0.0,7,1.0,0.9918367346938776,-0.12112692220890858
C18244$@DOM1,245,1.0,0.0,7,1.0,0.9918367346938776,-0.12112692220890858
C21288$@DOM1,245,1.0,0.0,7,1.0,0.9918367346938776,-0.12112692220890858
C12770$@DOM1,212,1.0,0.0,8,1.0,0.9905660377358491,-0.12116291375348581
C11425$@DOM1,212,1.0,0.0,8,1.0,0.9905660377358491,-0.12116291375348581
C21859$@DOM1,212,1.0,0.0,8,1.0,0.9905660377358491,-0.12116291375348581
C20107$@DOM1,212,1.0,0.0,8,1.0,0.9905660377358491,-0.12116291375348581
C16748$@DOM1,268,1.0,0.0,7,1.0,0.996268656716418,-0.12116900560485883
C20031$@DOM1,268,1.0,0.0,7,1.0,0.996268656716418,-0.12116900560485883
C21568$@DOM1,159,1.0,0.0,5,1.0,0.9874213836477987,-0.12118266983779474
C14038$@DOM1,159,1.0,0.0,5,1.0,0.9874213836477987,-0.12118266983779474
C14722$@DOM1,162,1.0,0.0,5,1.0,0.9876543209876543,-0.1211901869363694
C8766$@DOM1,153,1.0,0.0,5,1.0,0.9869281045751634,-0.12119251922132845
C944$@DOM1,153,1.0,0.0,5,1.0,0.9869281045751634,-0.12119251922132845
C867$@DOM1,153,1.0,0.0,5,1.0,0.9869281045751634,-0.12119251922132845
C394$@DOM1,153,1.0,0.0,5,1.0,0.9869281045751634,-0.12119251922132845
C70$@DOM1,250,1.0,0.0,9,1.0,1.0,-0.12120063448456747
C16356$@DOM1,255,1.0,0.0,8,1.0,0.996078431372549,-0.12121337895657791
C11184$@DOM1,232,1.0,0.0,6,1.0,0.9913793103448276,-0.12123083744255558
C10323$@DOM1,216,1.0,0.0,9,1.0,0.9953703703703703,-0.12124987648319768
C21524$@DOM1,161,1.0,0.0,5,1.0,0.9875776397515528,-0.12125425590157696
C13521$@DOM1,161,1.0,0.0,5,1.0,0.9875776397515528,-0.12125425590157696
C13866$@DOM1,161,1.0,0.0,5,1.0,0.9875776397515528,-0.12125425590157696
C10438$@DOM1,219,1.0,0.0,8,1.0,0.9908675799086758,-0.12126482903603952
C1900$@DOM1,258,1.0,0.0,8,1.0,0.9961240310077519,-0.1212756896037423
U573@DOM1,94,1.0,0.0,8,1.0,0.9893617021276596,-0.12127581784836322
U640@DOM1,179,1.0,0.0,10,1.0,1.0,-0.12130617882330863
C11987$@DOM1,139,1.0,0.0,8,1.0,0.9856115107913669,-0.12130810688294552
C19764$@DOM1,223,1.0,0.0,5,1.0,0.9955156950672646,-0.12133264628113904
C641$@DOM1,223,1.0,0.0,5,1.0,0.9955156950672646,-0.12133264628113904
C1204$@DOM1,222,1.0,0.0,5,1.0,0.9954954954954955,-0.12134592958825291
C6802$@DOM1,256,1.0,0.0,8,1.0,0.99609375,-0.12135478120308474
C2560$@DOM1,184,1.0,0.0,10,1.0,1.0,-0.12137619635862157
C16492$@DOM1,184,1.0,0.0,10,1.0,1.0,-0.12137619635862157
C11557$@DOM1,251,1.0,0.0,6,1.0,0.9960159362549801,-0.1214215871661326
C12824$@DOM1,154,1.0,0.0,5,1.0,0.987012987012987,-0.1215030343079459
C652$@DOM1,154,1.0,0.0,5,1.0,0.987012987012987,-0.1215030343079459
C725$@DOM1,154,1.0,0.0,5,1.0,0.987012987012987,-0.1215030343079459
C10898$@DOM1,154,1.0,0.0,5,1.0,0.987012987012987,-0.1215030343079459
C15038$@DOM1,154,1.0,0.0,5,1.0,0.987012987012987,-0.1215030343079459
C16445$@DOM1,211,1.0,0.0,8,1.0,0.990521327014218,-0.12152110630977819
C12187$@DOM1,211,1.0,0.0,8,1.0,0.990521327014218,-0.12152110630977819
U6886@DOM1,112,1.0,0.0,10,1.0,1.0,-0.12155019494930897
U7011@DOM1,111,1.0,0.0,10,1.0,1.0,-0.12155019494930897
U764@DOM1,112,1.0,0.0,10,1.0,1.0,-0.12155019494930897
U986@DOM1,111,1.0,0.0,10,1.0,1.0,-0.12155019494930897
U4534@DOM1,111,1.0,0.0,10,1.0,1.0,-0.12155019494930897
U912@DOM1,111,1.0,0.0,10,1.0,1.0,-0.12155019494930897
U1267@DOM1,111,1.0,0.0,10,1.0,1.0,-0.12155019494930897
C5959$@DOM1,250,1.0,0.0,6,1.0,0.996,-0.1215608576568411
C13923$@DOM1,250,1.0,0.0,6,1.0,0.996,-0.1215608576568411
C10912$@DOM1,250,1.0,0.0,6,1.0,0.996,-0.1215608576568411
C1371$@DOM1,122,1.0,0.0,6,1.0,0.9836065573770492,-0.12157039372630385
C13985$@DOM1,122,1.0,0.0,6,1.0,0.9836065573770492,-0.12157039372630385
C9698$@DOM1,102,1.0,0.0,5,1.0,0.9901960784313726,-0.12157690260738585
U1872@DOM1,22,1.0,0.0,9,1.0,1.0,-0.12158422706483568
U3604@DOM1,108,1.0,0.0,10,1.0,1.0,-0.12159749392285008
U4697@DOM1,108,1.0,0.0,10,1.0,1.0,-0.12159749392285008
U7957@DOM1,108,1.0,0.0,10,1.0,1.0,-0.12159749392285008
C4042$@DOM1,182,1.0,0.0,10,1.0,1.0,-0.12161569537027023
C2578$@DOM1,249,1.0,0.0,6,1.0,0.9959839357429718,-0.1216248639296667
C14445$@DOM1,249,1.0,0.0,6,1.0,0.9959839357429718,-0.1216248639296667
C7256$@DOM1,249,1.0,0.0,6,1.0,0.9959839357429718,-0.1216248639296667
C15198$@DOM1,220,1.0,0.0,8,1.0,0.990909090909091,-0.12162592019629126
C7231$@DOM1,173,1.0,0.0,10,1.0,1.0,-0.12165180620442723
C13728$@DOM1,215,1.0,0.0,9,1.0,0.9953488372093023,-0.12166099912720285
C10319$@DOM1,215,1.0,0.0,9,1.0,0.9953488372093023,-0.12166099912720285
C18698$@DOM1,215,1.0,0.0,9,1.0,0.9953488372093023,-0.12166099912720285
C14117$@DOM1,265,1.0,0.0,7,1.0,0.9962264150943396,-0.12167865967470781
C15950$@DOM1,125,1.0,0.0,7,1.0,0.984,-0.12169165628740541
C2985$@DOM1,180,1.0,0.0,10,1.0,1.0,-0.12170134414690015
C10521$@DOM1,215,1.0,0.0,8,1.0,0.9906976744186047,-0.121716773577418
C592$@DOM1,126,1.0,0.0,7,1.0,0.9841269841269841,-0.1217241463334261
C16482$@DOM1,96,1.0,0.0,8,1.0,0.9895833333333334,-0.12172498374510476
C8930$@DOM1,172,1.0,0.0,10,1.0,1.0,-0.1217290669614492
C12478$@DOM1,172,1.0,0.0,10,1.0,1.0,-0.1217290669614492
C11759$@DOM1,254,1.0,0.0,8,1.0,0.9960629921259843,-0.1217387937190691
C20976$@DOM1,95,1.0,0.0,8,1.0,0.9894736842105263,-0.12175313546280303
C252$@DOM1,140,1.0,0.0,8,1.0,0.9857142857142858,-0.1217560553074098
C10095$@DOM1,215,1.0,0.0,4,1.0,1.0,-0.12177437998962826
U6216@DOM1,20,1.0,0.0,4,1.0,1.0,-0.12179612148640939
C219$@DOM1,244,1.0,0.0,7,1.0,0.9918032786885246,-0.12180575683546307
C10263$@DOM1,244,1.0,0.0,7,1.0,0.9918032786885246,-0.12180575683546307
C13115$@DOM1,244,1.0,0.0,7,1.0,0.9918032786885246,-0.12180575683546307
C13661$@DOM1,229,1.0,0.0,6,1.0,0.9912663755458515,-0.12191325617712079
C10197$@DOM1,171,1.0,0.0,10,1.0,1.0,-0.12198796715746318
C20055$@DOM1,253,1.0,0.0,8,1.0,0.9960474308300395,-0.12203981221784255
C8653$@DOM1,253,1.0,0.0,8,1.0,0.9960474308300395,-0.12203981221784255
C594$@DOM1,247,1.0,0.0,5,1.0,1.0,-0.12206583208109306
C15948$@DOM1,247,1.0,0.0,5,1.0,1.0,-0.12206583208109306
C726$@DOM1,213,1.0,0.0,9,1.0,0.9953051643192489,-0.12206615926323727
C14462$@DOM1,213,1.0,0.0,9,1.0,0.9953051643192489,-0.12206615926323727
C17804$@DOM1,210,1.0,0.0,9,1.0,0.9952380952380953,-0.12207269413268707
C14426$@DOM1,131,1.0,0.0,9,1.0,0.9923664122137404,-0.12209355922431098
C563$@DOM1,131,1.0,0.0,9,1.0,0.9923664122137404,-0.12209355922431098
U1203@DOM1,275,1.0,0.0,7,1.0,1.0,-0.12209844585772495
U380@DOM1,113,1.0,0.0,10,1.0,1.0,-0.12210289189302809
U4777@DOM1,113,1.0,0.0,10,1.0,1.0,-0.12210289189302809
ANONYMOUS LOGON@C8080,10,1.0,0.0,1,1.0,1.0,-0.12211025329920744
ANONYMOUS LOGON@C2622,10,1.0,0.0,1,1.0,1.0,-0.12211025329920744
NETWORK SERVICE@C5855,10,1.0,0.0,1,1.0,1.0,-0.12211025329920744
NETWORK SERVICE@C4002,10,1.0,0.0,1,1.0,1.0,-0.12211025329920744
ANONYMOUS LOGON@C1961,10,1.0,0.0,1,1.0,1.0,-0.12211025329920744
ANONYMOUS LOGON@C2626,10,1.0,0.0,1,1.0,1.0,-0.12211025329920744
ANONYMOUS LOGON@C4948,10,1.0,0.0,1,1.0,1.0,-0.12211025329920744
U1534@C1624,10,1.0,0.0,1,1.0,1.0,-0.12211025329920744
ANONYMOUS LOGON@C11499,10,1.0,0.0,1,1.0,1.0,-0.12211025329920744
ANONYMOUS LOGON@C19930,10,1.0,0.0,1,1.0,1.0,-0.12211025329920744
ANONYMOUS LOGON@C12642,10,1.0,0.0,1,1.0,1.0,-0.12211025329920744
ANONYMOUS LOGON@C1355,10,1.0,0.0,1,1.0,1.0,-0.12211025329920744
NETWORK SERVICE@C3563,10,1.0,0.0,1,1.0,1.0,-0.12211025329920744
ANONYMOUS LOGON@C13481,10,1.0,0.0,1,1.0,1.0,-0.12211025329920744
NETWORK SERVICE@C6509,10,1.0,0.0,1,1.0,1.0,-0.12211025329920744
ANONYMOUS LOGON@C3599,10,1.0,0.0,1,1.0,1.0,-0.12211025329920744
U5275@DOM1,10,1.0,0.0,1,1.0,1.0,-0.12211025329920744
ANONYMOUS LOGON@C3420,10,1.0,0.0,1,1.0,1.0,-0.12211025329920744
ANONYMOUS LOGON@C19587,10,1.0,0.0,1,1.0,1.0,-0.12211025329920744
ANONYMOUS LOGON@C3983,10,1.0,0.0,1,1.0,1.0,-0.12211025329920744
NETWORK SERVICE@C4287,10,1.0,0.0,1,1.0,1.0,-0.12211025329920744
ANONYMOUS LOGON@C10206,10,1.0,0.0,1,1.0,1.0,-0.12211025329920744
ANONYMOUS LOGON@C2689,10,1.0,0.0,1,1.0,1.0,-0.12211025329920744
ANONYMOUS LOGON@C16886,10,1.0,0.0,1,1.0,1.0,-0.12211025329920744
ANONYMOUS LOGON@C11182,10,1.0,0.0,1,1.0,1.0,-0.12211025329920744
ANONYMOUS LOGON@C10858,10,1.0,0.0,1,1.0,1.0,-0.12211025329920744
ANONYMOUS LOGON@C20263,10,1.0,0.0,1,1.0,1.0,-0.12211025329920744
ANONYMOUS LOGON@C15279,10,1.0,0.0,1,1.0,1.0,-0.12211025329920744
ANONYMOUS LOGON@C15102,10,1.0,0.0,1,1.0,1.0,-0.12211025329920744
ANONYMOUS LOGON@C15661,10,1.0,0.0,1,1.0,1.0,-0.12211025329920744
LOCAL SERVICE@C1807,10,1.0,0.0,1,1.0,1.0,-0.12211025329920744
LOCAL SERVICE@C15792,10,1.0,0.0,1,1.0,1.0,-0.12211025329920744
ANONYMOUS LOGON@C15538,10,1.0,0.0,1,1.0,1.0,-0.12211025329920744
ANONYMOUS LOGON@C8178,10,1.0,0.0,1,1.0,1.0,-0.12211025329920744
ANONYMOUS LOGON@C6834,10,1.0,0.0,1,1.0,1.0,-0.12211025329920744
NETWORK SERVICE@C15741,10,1.0,0.0,1,1.0,1.0,-0.12211025329920744
NETWORK SERVICE@C3134,10,1.0,0.0,1,1.0,1.0,-0.12211025329920744
NETWORK SERVICE@C3444,10,1.0,0.0,1,1.0,1.0,-0.12211025329920744
NETWORK SERVICE@C4618,10,1.0,0.0,1,1.0,1.0,-0.12211025329920744
NETWORK SERVICE@C4434,10,1.0,0.0,1,1.0,1.0,-0.12211025329920744
ANONYMOUS LOGON@C849,10,1.0,0.0,1,1.0,1.0,-0.12211025329920744
LOCAL SERVICE@C9897,10,1.0,0.0,1,1.0,1.0,-0.12211025329920744
LOCAL SERVICE@C2459,10,1.0,0.0,1,1.0,1.0,-0.12211025329920744
ANONYMOUS LOGON@C10520,10,1.0,0.0,1,1.0,1.0,-0.12211025329920744
LOCAL SERVICE@C12010,10,1.0,0.0,1,1.0,1.0,-0.12211025329920744
LOCAL SERVICE@C18144,10,1.0,0.0,1,1.0,1.0,-0.12211025329920744
LOCAL SERVICE@C11325,10,1.0,0.0,1,1.0,1.0,-0.12211025329920744
LOCAL SERVICE@C6402,10,1.0,0.0,1,1.0,1.0,-0.12211025329920744
C1859$@DOM1,209,1.0,0.0,8,1.0,0.9904306220095693,-0.12213782937580941
U247@DOM1,170,1.0,0.0,10,1.0,1.0,-0.1221743474804095
C526$@DOM1,141,1.0,0.0,8,1.0,0.9858156028368794,-0.12217662456154138
C15582$@DOM1,141,1.0,0.0,8,1.0,0.9858156028368794,-0.12217662456154138
C12512$@DOM1,243,1.0,0.0,7,1.0,0.9917695473251029,-0.12220479315128152
C5578$@DOM1,209,1.0,0.0,9,1.0,0.9952153110047847,-0.12222965265363978
C19373$@DOM1,209,1.0,0.0,9,1.0,0.9952153110047847,-0.12222965265363978
C18165$@DOM1,97,1.0,0.0,8,1.0,0.9896907216494846,-0.12231990338418514
C12562$@DOM1,169,1.0,0.0,10,1.0,1.0,-0.12232303321974713
C17879$@DOM1,251,1.0,0.0,8,1.0,0.9960159362549801,-0.12233345530486667
C499$@DOM1,251,1.0,0.0,8,1.0,0.9960159362549801,-0.12233345530486667
C17668$@DOM1,251,1.0,0.0,8,1.0,0.9960159362549801,-0.12233345530486667
C1440$@DOM1,251,1.0,0.0,8,1.0,0.9960159362549801,-0.12233345530486667
C1468$@DOM1,241,1.0,0.0,7,1.0,0.991701244813278,-0.12235346690933346
C13078$@DOM1,241,1.0,0.0,7,1.0,0.991701244813278,-0.12235346690933346
C7558$@DOM1,242,1.0,0.0,7,1.0,0.9917355371900827,-0.12235346690933346
U2300@DOM1,21,1.0,0.0,4,1.0,1.0,-0.1223576093894877
U6021@DOM1,21,1.0,0.0,4,1.0,1.0,-0.1223576093894877
C14407$@DOM1,208,1.0,0.0,9,1.0,0.9951923076923077,-0.12237568225840778
C3993$@DOM1,208,1.0,0.0,9,1.0,0.9951923076923077,-0.12237568225840778
C16801$@DOM1,214,1.0,0.0,9,1.0,0.9953271028037384,-0.12239890158939543
C2914$@DOM1,214,1.0,0.0,9,1.0,0.9953271028037384,-0.12239890158939543
C1250$@DOM1,214,1.0,0.0,9,1.0,0.9953271028037384,-0.12239890158939543
U2590@DOM1,164,1.0,0.0,10,1.0,1.0,-0.12240332704518414
U313@DOM1,164,1.0,0.0,10,1.0,1.0,-0.12240332704518414
C688$@DOM1,163,1.0,0.0,10,1.0,1.0,-0.12240332704518414
C2014$@DOM1,163,1.0,0.0,10,1.0,1.0,-0.12240332704518414
C1773$@DOM1,273,1.0,0.0,8,1.0,1.0,-0.12242178857063313
C12206$@DOM1,273,1.0,0.0,8,1.0,1.0,-0.12242178857063313
C20532$@DOM1,77,1.0,0.0,7,1.0,0.987012987012987,-0.12243624437862016
C1791$@DOM1,207,1.0,0.0,9,1.0,0.9951690821256038,-0.12243955071809537
U8537@DOM1,114,1.0,0.0,10,1.0,1.0,-0.12246325441261124
U782@DOM1,114,1.0,0.0,10,1.0,1.0,-0.12246325441261124
U5787@DOM1,114,1.0,0.0,10,1.0,1.0,-0.12246325441261124
U3128@DOM9,25,1.0,0.0,9,1.0,1.0,-0.12255228567330062
C5557$@DOM1,200,1.0,0.0,9,1.0,0.995,-0.12256690828841577
C9313$@DOM1,228,1.0,0.0,6,1.0,0.9912280701754386,-0.12257288138546735
C8009$@DOM1,228,1.0,0.0,6,1.0,0.9912280701754386,-0.12257288138546735
C20398$@DOM1,228,1.0,0.0,6,1.0,0.9912280701754386,-0.12257288138546735
U440@DOM1,166,1.0,0.0,10,1.0,1.0,-0.12259361593069623
C517$@DOM1,227,1.0,0.0,6,1.0,0.9911894273127754,-0.12259649607502626
C8025$@DOM1,227,1.0,0.0,6,1.0,0.9911894273127754,-0.12259649607502626
C18442$@DOM1,250,1.0,0.0,8,1.0,0.996,-0.1226000837467866
C19673$@DOM1,263,1.0,0.0,7,1.0,0.9961977186311787,-0.12261620133035905
C14619$@DOM1,263,1.0,0.0,7,1.0,0.9961977186311787,-0.12261620133035905
C63$@DOM1,105,1.0,0.0,5,1.0,0.9904761904761905,-0.12272718761713991
C9064$@DOM1,105,1.0,0.0,5,1.0,0.9904761904761905,-0.12272718761713991
U841@DOM1,168,1.0,0.0,10,1.0,1.0,-0.12273378309372074
U3382@DOM1,168,1.0,0.0,10,1.0,1.0,-0.12273378309372074
C942$@DOM1,247,1.0,0.0,6,1.0,0.9959514170040485,-0.12275200323535723
C15939$@DOM1,205,1.0,0.0,9,1.0,0.9951219512195122,-0.1227834118406605
C6643$@DOM1,127,1.0,0.0,7,1.0,0.984251968503937,-0.12278661499261095
U807@DOM1,98,1.0,0.0,8,1.0,0.9897959183673469,-0.12278665272406675
U3625@DOM1,167,1.0,0.0,10,1.0,1.0,-0.12279590495914722
C17146$@DOM1,225,1.0,0.0,6,1.0,0.9911111111111112,-0.12282292918097343
C611$@DOM1,78,1.0,0.0,7,1.0,0.9871794871794872,-0.1228331339639318
C551$@DOM1,142,1.0,0.0,8,1.0,0.9859154929577465,-0.12283731827961597
C6328$@DOM1,206,1.0,0.0,9,1.0,0.9951456310679612,-0.12283774774291811
C992$@DOM1,238,1.0,0.0,7,1.0,0.9915966386554622,-0.12286683496069273
C6277$@DOM1,238,1.0,0.0,7,1.0,0.9915966386554622,-0.12286683496069273
C1845$@DOM1,238,1.0,0.0,7,1.0,0.9915966386554622,-0.12286683496069273
C1248$@DOM1,201,1.0,0.0,9,1.0,0.9950248756218906,-0.122882676898177
C16752$@DOM1,201,1.0,0.0,9,1.0,0.9950248756218906,-0.122882676898177
C912$@DOM1,201,1.0,0.0,9,1.0,0.9950248756218906,-0.122882676898177
C9491$@DOM1,240,1.0,0.0,7,1.0,0.9916666666666667,-0.12292188653020591
U2786@DOM1,22,1.0,0.0,4,1.0,1.0,-0.1229300054685562
U6741@DOM1,22,1.0,0.0,4,1.0,1.0,-0.1229300054685562
U9541@DOM1,22,1.0,0.0,4,1.0,1.0,-0.1229300054685562
U8730@DOM1,22,1.0,0.0,4,1.0,1.0,-0.1229300054685562
C5815$@DOM1,249,1.0,0.0,8,1.0,0.9959839357429718,-0.12293450801656686
U4785@DOM1,115,1.0,0.0,10,1.0,1.0,-0.12294435233982987
U2815@DOM1,115,1.0,0.0,10,1.0,1.0,-0.12294435233982987
U3675@DOM1,115,1.0,0.0,10,1.0,1.0,-0.12294435233982987
U207@DOM1,115,1.0,0.0,10,1.0,1.0,-0.12294435233982987
U6009@DOM1,115,1.0,0.0,10,1.0,1.0,-0.12294435233982987
U574@DOM1,246,1.0,0.0,5,1.0,1.0,-0.122960541736373
C14913$@DOM1,202,1.0,0.0,9,1.0,0.995049504950495,-0.12300077202486287
C12107$@DOM1,202,1.0,0.0,9,1.0,0.995049504950495,-0.12300077202486287
C9790$@DOM1,206,1.0,0.0,8,1.0,0.9902912621359223,-0.1230025751175533
C12500$@DOM1,206,1.0,0.0,8,1.0,0.9902912621359223,-0.1230025751175533
U8664@DOM1,23,1.0,0.0,4,1.0,1.0,-0.1230224648311426
U3821@DOM1,23,1.0,0.0,4,1.0,1.0,-0.1230224648311426
U7888@DOM1,23,1.0,0.0,4,1.0,1.0,-0.1230224648311426
U6919@DOM1,23,1.0,0.0,4,1.0,1.0,-0.1230224648311426
C14714$@DOM1,239,1.0,0.0,7,1.0,0.9916317991631799,-0.1230494279014464
C382$@DOM1,204,1.0,0.0,9,1.0,0.9950980392156863,-0.12307922699095841
C8408$@DOM1,261,1.0,0.0,7,1.0,0.9961685823754789,-0.12308214816521734
U3433@DOM1,116,1.0,0.0,10,1.0,1.0,-0.12322172680619176
U1183@DOM1,116,1.0,0.0,10,1.0,1.0,-0.12322172680619176
C4831$@DOM1,211,1.0,0.0,4,1.0,1.0,-0.12328306364179403
U320@DOM1,99,1.0,0.0,8,1.0,0.98989898989899,-0.12329833899877579
C2850$@DOM1,219,1.0,0.0,5,1.0,0.9954337899543378,-0.12331766899489216
C11394$@DOM1,224,1.0,0.0,6,1.0,0.9910714285714286,-0.12331913843841547
C3173$@DOM1,246,1.0,0.0,6,1.0,0.9959349593495935,-0.12335541451581844
C648$@DOM1,246,1.0,0.0,6,1.0,0.9959349593495935,-0.12335541451581844
C7946$@DOM1,246,1.0,0.0,6,1.0,0.9959349593495935,-0.12335541451581844
C9700$@DOM1,246,1.0,0.0,6,1.0,0.9959349593495935,-0.12335541451581844
U333@DOM1,160,1.0,0.0,10,1.0,1.0,-0.12336686690122395
C1482$@DOM1,160,1.0,0.0,10,1.0,1.0,-0.12336686690122395
C6255$@DOM1,143,1.0,0.0,8,1.0,0.986013986013986,-0.12337968542744848
C1417$@DOM1,143,1.0,0.0,8,1.0,0.986013986013986,-0.12337968542744848
C3292$@DOM1,101,1.0,0.0,8,1.0,0.9900990099009901,-0.12341047535788696
C398$@DOM1,101,1.0,0.0,8,1.0,0.9900990099009901,-0.12341047535788696
C12484$@DOM1,198,1.0,0.0,9,1.0,0.9949494949494949,-0.12341064274804264
C1122$@DOM1,262,1.0,0.0,7,1.0,0.9961832061068703,-0.12342242331539921
U8944@DOM1,24,1.0,0.0,4,1.0,1.0,-0.1234271953888667
U5031@DOM1,24,1.0,0.0,4,1.0,1.0,-0.1234271953888667
U3325@DOM1,24,1.0,0.0,4,1.0,1.0,-0.1234271953888667
C8756$@DOM1,106,1.0,0.0,5,1.0,0.9905660377358491,-0.12343448439818544
C849$@DOM1,161,1.0,0.0,10,1.0,1.0,-0.12344342694454408
C21734$@DOM1,162,1.0,0.0,10,1.0,1.0,-0.12344342694454408
U8823@DOM1,162,1.0,0.0,10,1.0,1.0,-0.12344342694454408
U953@DOM1,159,1.0,0.0,10,1.0,1.0,-0.12349862989103594
U3532@DOM1,159,1.0,0.0,10,1.0,1.0,-0.12349862989103594
C16673$@DOM1,135,1.0,0.0,9,1.0,0.9925925925925926,-0.12350586034123623
C19288$@DOM1,135,1.0,0.0,9,1.0,0.9925925925925926,-0.12350586034123623
C45$@DOM1,267,1.0,0.0,6,1.0,1.0,-0.12352250707018986
C13384$@DOM1,201,1.0,0.0,8,1.0,0.9900497512437811,-0.1235226795138275
C3600$@DOM1,237,1.0,0.0,7,1.0,0.9915611814345991,-0.12354473124236698
C1561$@DOM1,128,1.0,0.0,7,1.0,0.984375,-0.12356856207248534
C2202$@DOM1,128,1.0,0.0,7,1.0,0.984375,-0.12356856207248534
C9506$@DOM1,128,1.0,0.0,7,1.0,0.984375,-0.12356856207248534
C7073$@DOM1,247,1.0,0.0,8,1.0,0.9959514170040485,-0.12358627172153064
C14330$@DOM1,247,1.0,0.0,8,1.0,0.9959514170040485,-0.12358627172153064
C17087$@DOM1,247,1.0,0.0,8,1.0,0.9959514170040485,-0.12358627172153064
C412$@DOM1,203,1.0,0.0,8,1.0,0.9901477832512315,-0.12359093221166761
C14368$@DOM1,199,1.0,0.0,8,1.0,0.9899497487437185,-0.12359150268357832
C9357$@DOM1,218,1.0,0.0,5,1.0,0.9954128440366973,-0.12359681620191765
C10541$@DOM1,218,1.0,0.0,5,1.0,0.9954128440366973,-0.12359681620191765
C16164$@DOM1,218,1.0,0.0,5,1.0,0.9954128440366973,-0.12359681620191765
C6876$@DOM1,218,1.0,0.0,5,1.0,0.9954128440366973,-0.12359681620191765
C5608$@DOM1,204,1.0,0.0,8,1.0,0.9901960784313726,-0.12364342783275484
C1217$@DOM1,248,1.0,0.0,8,1.0,0.9959677419354839,-0.12364993543146907
C19922$@DOM1,248,1.0,0.0,8,1.0,0.9959677419354839,-0.12364993543146907
C9583$@DOM1,248,1.0,0.0,8,1.0,0.9959677419354839,-0.12364993543146907
C14764$@DOM1,248,1.0,0.0,8,1.0,0.9959677419354839,-0.12364993543146907
C11033$@DOM1,245,1.0,0.0,5,1.0,1.0,-0.1236635678194507
C14694$@DOM1,157,1.0,0.0,10,1.0,1.0,-0.12376764476820795
U5868@DOM1,158,1.0,0.0,10,1.0,1.0,-0.12376764476820795
C1178$@DOM1,136,1.0,0.0,9,1.0,0.9926470588235294,-0.12378138736829974
C859$@DOM1,136,1.0,0.0,9,1.0,0.9926470588235294,-0.12378138736829974
C1374$@DOM1,223,1.0,0.0,6,1.0,0.9910313901345291,-0.1238099000966742
C964$@DOM1,223,1.0,0.0,6,1.0,0.9910313901345291,-0.1238099000966742
C8331$@DOM1,222,1.0,0.0,6,1.0,0.990990990990991,-0.12382309650397233
C6717$@DOM1,236,1.0,0.0,7,1.0,0.9915254237288136,-0.12388338899156864
U1221@DOM1,102,1.0,0.0,8,1.0,0.9901960784313726,-0.12391815545721874
C1117$@DOM1,196,1.0,0.0,9,1.0,0.9948979591836735,-0.12399323232446002
C1119$@DOM1,196,1.0,0.0,9,1.0,0.9948979591836735,-0.12399323232446002
C14845$@DOM1,125,1.0,0.0,6,1.0,0.984,-0.12403250936861554
U468@DOM1,124,1.0,0.0,10,1.0,1.0,-0.12416340437821671
U7770@DOM1,124,1.0,0.0,10,1.0,1.0,-0.12416340437821671
U1350@DOM1,124,1.0,0.0,10,1.0,1.0,-0.12416340437821671
C8232$@DOM1,243,1.0,0.0,5,1.0,1.0,-0.12416469262253294
C13940$@DOM1,259,1.0,0.0,7,1.0,0.9961389961389961,-0.12416643148502393
U213@DOM1,122,1.0,0.0,10,1.0,1.0,-0.12418237338038929
C4334$@DOM1,144,1.0,0.0,8,1.0,0.9861111111111112,-0.12420678537005503
C525$@DOM1,144,1.0,0.0,8,1.0,0.9861111111111112,-0.12420678537005503
C2816$@DOM1,246,1.0,0.0,8,1.0,0.9959349593495935,-0.12421557819679463
C810$@DOM1,246,1.0,0.0,8,1.0,0.9959349593495935,-0.12421557819679463
C817$@DOM1,246,1.0,0.0,8,1.0,0.9959349593495935,-0.12421557819679463
C15401$@DOM1,246,1.0,0.0,8,1.0,0.9959349593495935,-0.12421557819679463
C5336$@DOM1,265,1.0,0.0,6,1.0,1.0,-0.12423248667450426
C9544$@DOM1,265,1.0,0.0,6,1.0,1.0,-0.12423248667450426
U1257@DOM1,156,1.0,0.0,10,1.0,1.0,-0.12423585503436124
U3705@DOM1,156,1.0,0.0,10,1.0,1.0,-0.12423585503436124
C4535$@DOM1,209,1.0,0.0,4,1.0,1.0,-0.12425059315516973
U3841@DOM1,123,1.0,0.0,10,1.0,1.0,-0.12426569183433656
U3218@DOM1,123,1.0,0.0,10,1.0,1.0,-0.12426569183433656
U5851@DOM1,123,1.0,0.0,10,1.0,1.0,-0.12426569183433656
U768@DOM1,123,1.0,0.0,10,1.0,1.0,-0.12426569183433656
U92@DOM1,123,1.0,0.0,10,1.0,1.0,-0.12426569183433656
U425@DOM1,123,1.0,0.0,10,1.0,1.0,-0.12426569183433656
U6098@DOM1,132,1.0,0.0,10,1.0,1.0,-0.1242729220511476
U796@DOM1,132,1.0,0.0,10,1.0,1.0,-0.1242729220511476
U6788@DOM1,132,1.0,0.0,10,1.0,1.0,-0.1242729220511476
U4569@DOM1,121,1.0,0.0,10,1.0,1.0,-0.12429297413037488
C2431$@DOM1,208,1.0,0.0,4,1.0,1.0,-0.12431366264208421
C18452$@DOM1,155,1.0,0.0,10,1.0,1.0,-0.12432076798192049
U133@DOM1,155,1.0,0.0,10,1.0,1.0,-0.12432076798192049
C9855$@DOM1,195,1.0,0.0,9,1.0,0.9948717948717949,-0.12432871121657263
C9475$@DOM1,195,1.0,0.0,9,1.0,0.9948717948717949,-0.12432871121657263
C16465$@DOM1,194,1.0,0.0,9,1.0,0.9948453608247423,-0.12432871121657263
C3542$@DOM1,195,1.0,0.0,9,1.0,0.9948717948717949,-0.12432871121657263
C8400$@DOM1,82,1.0,0.0,7,1.0,0.9878048780487805,-0.1243494066054987
C10520$@DOM1,138,1.0,0.0,9,1.0,0.9927536231884058,-0.12436090387320525
C7097$@DOM1,221,1.0,0.0,6,1.0,0.9909502262443439,-0.12438808640171967
C9107$@DOM1,137,1.0,0.0,9,1.0,0.9927007299270073,-0.12440217889917338
C1253$@DOM1,137,1.0,0.0,9,1.0,0.9927007299270073,-0.12440217889917338
U686@DOM1,126,1.0,0.0,10,1.0,1.0,-0.12440700901777435
C20902$@DOM1,127,1.0,0.0,10,1.0,1.0,-0.12440700901777435
U7590@DOM1,127,1.0,0.0,10,1.0,1.0,-0.12440700901777435
U1426@DOM1,127,1.0,0.0,10,1.0,1.0,-0.12440700901777435
C4375$@DOM1,127,1.0,0.0,10,1.0,1.0,-0.12440700901777435
U8713@DOM1,127,1.0,0.0,10,1.0,1.0,-0.12440700901777435
U2881@DOM1,126,1.0,0.0,10,1.0,1.0,-0.12440700901777435
U3796@DOM1,127,1.0,0.0,10,1.0,1.0,-0.12440700901777435
U3186@DOM1,127,1.0,0.0,10,1.0,1.0,-0.12440700901777435
C2634$@DOM1,206,1.0,0.0,4,1.0,1.0,-0.12442981082821741
C11920$@DOM1,197,1.0,0.0,8,1.0,0.9898477157360406,-0.1244410458720609
U3574@DOM1,120,1.0,0.0,10,1.0,1.0,-0.12444718523643661
U3117@DOM1,120,1.0,0.0,10,1.0,1.0,-0.12444718523643661
U9484@DOM1,120,1.0,0.0,10,1.0,1.0,-0.12444718523643661
U2210@DOM1,120,1.0,0.0,10,1.0,1.0,-0.12444718523643661
C14687$@DOM1,245,1.0,0.0,9,1.0,1.0,-0.12447018072035743
C13709$@DOM1,244,1.0,0.0,9,1.0,1.0,-0.12447018072035743
C146$@DOM1,244,1.0,0.0,9,1.0,1.0,-0.12447018072035743
C16520$@DOM1,255,1.0,0.0,7,1.0,0.996078431372549,-0.12447075068343622
C17875$@DOM1,255,1.0,0.0,7,1.0,0.996078431372549,-0.12447075068343622
SYSTEM@C1570,1,1.0,0.0,1,1.0,1.0,-0.12448771763047961
SYSTEM@C1567,1,1.0,0.0,1,1.0,1.0,-0.12448771763047961
SYSTEM@C1546,1,1.0,0.0,1,1.0,1.0,-0.12448771763047961
SYSTEM@C1503,1,1.0,0.0,1,1.0,1.0,-0.12448771763047961
SYSTEM@C1472,1,1.0,0.0,1,1.0,1.0,-0.12448771763047961
SYSTEM@C14092,1,1.0,0.0,1,1.0,1.0,-0.12448771763047961
SYSTEM@C13684,1,1.0,0.0,1,1.0,1.0,-0.12448771763047961
SYSTEM@C2023,1,1.0,0.0,1,1.0,1.0,-0.12448771763047961
SYSTEM@C1993,1,1.0,0.0,1,1.0,1.0,-0.12448771763047961
SYSTEM@C19846,1,1.0,0.0,1,1.0,1.0,-0.12448771763047961
SYSTEM@C19600,1,1.0,0.0,1,1.0,1.0,-0.12448771763047961
SYSTEM@C1953,1,1.0,0.0,1,1.0,1.0,-0.12448771763047961
SYSTEM@C1935,1,1.0,0.0,1,1.0,1.0,-0.12448771763047961
SYSTEM@C1867,1,1.0,0.0,1,1.0,1.0,-0.12448771763047961
SYSTEM@C2631,1,1.0,0.0,1,1.0,1.0,-0.12448771763047961
SYSTEM@C1157,1,1.0,0.0,1,1.0,1.0,-0.12448771763047961
SYSTEM@C1139,1,1.0,0.0,1,1.0,1.0,-0.12448771763047961
SYSTEM@C1089,1,1.0,0.0,1,1.0,1.0,-0.12448771763047961
U6803@DOM1,1,1.0,0.0,1,1.0,1.0,-0.12448771763047961
U6765@DOM1,1,1.0,0.0,1,1.0,1.0,-0.12448771763047961
U6756@DOM1,1,1.0,0.0,1,1.0,1.0,-0.12448771763047961
U6728@DOM1,1,1.0,0.0,1,1.0,1.0,-0.12448771763047961
U6720@DOM1,1,1.0,0.0,1,1.0,1.0,-0.12448771763047961
NETWORK SERVICE@C3688,1,1.0,0.0,1,1.0,1.0,-0.12448771763047961
SYSTEM@C10355,1,1.0,0.0,1,1.0,1.0,-0.12448771763047961
SYSTEM@C1025,1,1.0,0.0,1,1.0,1.0,-0.12448771763047961
SYSTEM@C102,1,1.0,0.0,1,1.0,1.0,-0.12448771763047961
NETWORK SERVICE@C936,1,1.0,0.0,1,1.0,1.0,-0.12448771763047961
NETWORK SERVICE@C6823,1,1.0,0.0,1,1.0,1.0,-0.12448771763047961
NETWORK SERVICE@C616,1,1.0,0.0,1,1.0,1.0,-0.12448771763047961
NETWORK SERVICE@C5744,1,1.0,0.0,1,1.0,1.0,-0.12448771763047961
SYSTEM@C21457,1,1.0,0.0,1,1.0,1.0,-0.12448771763047961
SYSTEM@C21402,1,1.0,0.0,1,1.0,1.0,-0.12448771763047961
SYSTEM@C20779,1,1.0,0.0,1,1.0,1.0,-0.12448771763047961
SYSTEM@C20777,1,1.0,0.0,1,1.0,1.0,-0.12448771763047961
SYSTEM@C20671,1,1.0,0.0,1,1.0,1.0,-0.12448771763047961
SYSTEM@C20448,1,1.0,0.0,1,1.0,1.0,-0.12448771763047961
SYSTEM@C2039,1,1.0,0.0,1,1.0,1.0,-0.12448771763047961
SYSTEM@C20274,1,1.0,0.0,1,1.0,1.0,-0.12448771763047961
SYSTEM@C2290,1,1.0,0.0,1,1.0,1.0,-0.12448771763047961
SYSTEM@C2278,1,1.0,0.0,1,1.0,1.0,-0.12448771763047961
SYSTEM@C2277,1,1.0,0.0,1,1.0,1.0,-0.12448771763047961
SYSTEM@C2254,1,1.0,0.0,1,1.0,1.0,-0.12448771763047961
SYSTEM@C2221,1,1.0,0.0,1,1.0,1.0,-0.12448771763047961
SYSTEM@C21805,1,1.0,0.0,1,1.0,1.0,-0.12448771763047961
SYSTEM@C21643,1,1.0,0.0,1,1.0,1.0,-0.12448771763047961
SYSTEM@C337,1,1.0,0.0,1,1.0,1.0,-0.12448771763047961
NETWORK SERVICE@C5152,1,1.0,0.0,1,1.0,1.0,-0.12448771763047961
NETWORK SERVICE@C4769,1,1.0,0.0,1,1.0,1.0,-0.12448771763047961
NETWORK SERVICE@C4728,1,1.0,0.0,1,1.0,1.0,-0.12448771763047961
NETWORK SERVICE@C4140,1,1.0,0.0,1,1.0,1.0,-0.12448771763047961
NETWORK SERVICE@C3787,1,1.0,0.0,1,1.0,1.0,-0.12448771763047961
NETWORK SERVICE@C1691,1,1.0,0.0,1,1.0,1.0,-0.12448771763047961
NETWORK SERVICE@C16909,1,1.0,0.0,1,1.0,1.0,-0.12448771763047961
C15013$@DOM1,1,1.0,0.0,1,1.0,1.0,-0.12448771763047961
NETWORK SERVICE@C3561,1,1.0,0.0,1,1.0,1.0,-0.12448771763047961
NETWORK SERVICE@C3430,1,1.0,0.0,1,1.0,1.0,-0.12448771763047961
NETWORK SERVICE@C3413,1,1.0,0.0,1,1.0,1.0,-0.12448771763047961
U6975@DOM1,1,1.0,0.0,1,1.0,1.0,-0.12448771763047961
U6966@DOM1,1,1.0,0.0,1,1.0,1.0,-0.12448771763047961
U6925@DOM1,1,1.0,0.0,1,1.0,1.0,-0.12448771763047961
SYSTEM@C2624,1,1.0,0.0,1,1.0,1.0,-0.12448771763047961
SYSTEM@C2559,1,1.0,0.0,1,1.0,1.0,-0.12448771763047961
SYSTEM@C2521,1,1.0,0.0,1,1.0,1.0,-0.12448771763047961
SYSTEM@C2470,1,1.0,0.0,1,1.0,1.0,-0.12448771763047961
SYSTEM@C2438,1,1.0,0.0,1,1.0,1.0,-0.12448771763047961
SYSTEM@C241,1,1.0,0.0,1,1.0,1.0,-0.12448771763047961
SYSTEM@C2385,1,1.0,0.0,1,1.0,1.0,-0.12448771763047961
NETWORK SERVICE@C14274,1,1.0,0.0,1,1.0,1.0,-0.12448771763047961
C15120$@DOM1,1,1.0,0.0,1,1.0,1.0,-0.12448771763047961
NETWORK SERVICE@C12659,1,1.0,0.0,1,1.0,1.0,-0.12448771763047961
U7374@DOM1,1,1.0,0.0,1,1.0,1.0,-0.12448771763047961
U7288@DOM1,1,1.0,0.0,1,1.0,1.0,-0.12448771763047961
U7241@DOM1,1,1.0,0.0,1,1.0,1.0,-0.12448771763047961
U7164@DOM1,1,1.0,0.0,1,1.0,1.0,-0.12448771763047961
U7130@DOM1,1,1.0,0.0,1,1.0,1.0,-0.12448771763047961
U7058@DOM1,1,1.0,0.0,1,1.0,1.0,-0.12448771763047961
NETWORK SERVICE@C3055,1,1.0,0.0,1,1.0,1.0,-0.12448771763047961
NETWORK SERVICE@C2841,1,1.0,0.0,1,1.0,1.0,-0.12448771763047961
NETWORK SERVICE@C2707,1,1.0,0.0,1,1.0,1.0,-0.12448771763047961
NETWORK SERVICE@C2631,1,1.0,0.0,1,1.0,1.0,-0.12448771763047961
NETWORK SERVICE@C2221,1,1.0,0.0,1,1.0,1.0,-0.12448771763047961
NETWORK SERVICE@C1848,1,1.0,0.0,1,1.0,1.0,-0.12448771763047961
U7575@DOM1,1,1.0,0.0,1,1.0,1.0,-0.12448771763047961
LOCAL SERVICE@C2221,1,1.0,0.0,1,1.0,1.0,-0.12448771763047961
NETWORK SERVICE@C11596,1,1.0,0.0,1,1.0,1.0,-0.12448771763047961
LOCAL SERVICE@C936,1,1.0,0.0,1,1.0,1.0,-0.12448771763047961
LOCAL SERVICE@C6823,1,1.0,0.0,1,1.0,1.0,-0.12448771763047961
LOCAL SERVICE@C6817,1,1.0,0.0,1,1.0,1.0,-0.12448771763047961
LOCAL SERVICE@C616,1,1.0,0.0,1,1.0,1.0,-0.12448771763047961
LOCAL SERVICE@C5152,1,1.0,0.0,1,1.0,1.0,-0.12448771763047961
LOCAL SERVICE@C4728,1,1.0,0.0,1,1.0,1.0,-0.12448771763047961
LOCAL SERVICE@C4140,1,1.0,0.0,1,1.0,1.0,-0.12448771763047961
LOCAL SERVICE@C3787,1,1.0,0.0,1,1.0,1.0,-0.12448771763047961
LOCAL SERVICE@C3561,1,1.0,0.0,1,1.0,1.0,-0.12448771763047961
LOCAL SERVICE@C3430,1,1.0,0.0,1,1.0,1.0,-0.12448771763047961
LOCAL SERVICE@C3413,1,1.0,0.0,1,1.0,1.0,-0.12448771763047961
LOCAL SERVICE@C3238,1,1.0,0.0,1,1.0,1.0,-0.12448771763047961
SYSTEM@C3309,1,1.0,0.0,1,1.0,1.0,-0.12448771763047961
SYSTEM@C3211,1,1.0,0.0,1,1.0,1.0,-0.12448771763047961
SYSTEM@C3055,1,1.0,0.0,1,1.0,1.0,-0.12448771763047961
SYSTEM@C2980,1,1.0,0.0,1,1.0,1.0,-0.12448771763047961
SYSTEM@C2943,1,1.0,0.0,1,1.0,1.0,-0.12448771763047961
SYSTEM@C2933,1,1.0,0.0,1,1.0,1.0,-0.12448771763047961
SYSTEM@C291,1,1.0,0.0,1,1.0,1.0,-0.12448771763047961
SYSTEM@C2861,1,1.0,0.0,1,1.0,1.0,-0.12448771763047961
SYSTEM@C2841,1,1.0,0.0,1,1.0,1.0,-0.12448771763047961
SYSTEM@C2835,1,1.0,0.0,1,1.0,1.0,-0.12448771763047961
SYSTEM@C2802,1,1.0,0.0,1,1.0,1.0,-0.12448771763047961
SYSTEM@C2707,1,1.0,0.0,1,1.0,1.0,-0.12448771763047961
SYSTEM@C2650,1,1.0,0.0,1,1.0,1.0,-0.12448771763047961
SYSTEM@C9332,1,1.0,0.0,1,1.0,1.0,-0.12448771763047961
LOCAL SERVICE@C2707,1,1.0,0.0,1,1.0,1.0,-0.12448771763047961
LOCAL SERVICE@C2631,1,1.0,0.0,1,1.0,1.0,-0.12448771763047961
SYSTEM@C5500,1,1.0,0.0,1,1.0,1.0,-0.12448771763047961
SYSTEM@C5152,1,1.0,0.0,1,1.0,1.0,-0.12448771763047961
SYSTEM@C4948,1,1.0,0.0,1,1.0,1.0,-0.12448771763047961
SYSTEM@C4773,1,1.0,0.0,1,1.0,1.0,-0.12448771763047961
SYSTEM@C4728,1,1.0,0.0,1,1.0,1.0,-0.12448771763047961
SYSTEM@C4140,1,1.0,0.0,1,1.0,1.0,-0.12448771763047961
SYSTEM@C3787,1,1.0,0.0,1,1.0,1.0,-0.12448771763047961
SYSTEM@C3561,1,1.0,0.0,1,1.0,1.0,-0.12448771763047961
SYSTEM@C3430,1,1.0,0.0,1,1.0,1.0,-0.12448771763047961
SYSTEM@C3413,1,1.0,0.0,1,1.0,1.0,-0.12448771763047961
LOCAL SERVICE@C3145,1,1.0,0.0,1,1.0,1.0,-0.12448771763047961
LOCAL SERVICE@C3055,1,1.0,0.0,1,1.0,1.0,-0.12448771763047961
LOCAL SERVICE@C2841,1,1.0,0.0,1,1.0,1.0,-0.12448771763047961
SYSTEM@C3328,1,1.0,0.0,1,1.0,1.0,-0.12448771763047961
SYSTEM@C3310,1,1.0,0.0,1,1.0,1.0,-0.12448771763047961
ANONYMOUS LOGON@C2254,1,1.0,0.0,1,1.0,1.0,-0.12448771763047961
U10296@DOM1,1,1.0,0.0,1,1.0,1.0,-0.12448771763047961
U10155@DOM1,1,1.0,0.0,1,1.0,1.0,-0.12448771763047961
U7717@DOM1,1,1.0,0.0,1,1.0,1.0,-0.12448771763047961
U7683@DOM1,1,1.0,0.0,1,1.0,1.0,-0.12448771763047961
LOCAL SERVICE@C19980,1,1.0,0.0,1,1.0,1.0,-0.12448771763047961
LOCAL SERVICE@C19551,1,1.0,0.0,1,1.0,1.0,-0.12448771763047961
LOCAL SERVICE@C1848,1,1.0,0.0,1,1.0,1.0,-0.12448771763047961
LOCAL SERVICE@C1691,1,1.0,0.0,1,1.0,1.0,-0.12448771763047961
LOCAL SERVICE@C14700,1,1.0,0.0,1,1.0,1.0,-0.12448771763047961
LOCAL SERVICE@C13752,1,1.0,0.0,1,1.0,1.0,-0.12448771763047961
LOCAL SERVICE@C12820,1,1.0,0.0,1,1.0,1.0,-0.12448771763047961
SYSTEM@C919,1,1.0,0.0,1,1.0,1.0,-0.12448771763047961
SYSTEM@C6823,1,1.0,0.0,1,1.0,1.0,-0.12448771763047961
SYSTEM@C6454,1,1.0,0.0,1,1.0,1.0,-0.12448771763047961
SYSTEM@C616,1,1.0,0.0,1,1.0,1.0,-0.12448771763047961
U10003@DOM1,1,1.0,0.0,1,1.0,1.0,-0.12448771763047961
SYSTEM@C936,1,1.0,0.0,1,1.0,1.0,-0.12448771763047961
U5931@DOM1,1,1.0,0.0,1,1.0,1.0,-0.12448771763047961
U8035@DOM1,1,1.0,0.0,1,1.0,1.0,-0.12448771763047961
U8028@DOM1,1,1.0,0.0,1,1.0,1.0,-0.12448771763047961
U7987@DOM1,1,1.0,0.0,1,1.0,1.0,-0.12448771763047961
ANONYMOUS LOGON@C2023,1,1.0,0.0,1,1.0,1.0,-0.12448771763047961
ANONYMOUS LOGON@C1993,1,1.0,0.0,1,1.0,1.0,-0.12448771763047961
ANONYMOUS LOGON@C19846,1,1.0,0.0,1,1.0,1.0,-0.12448771763047961
ANONYMOUS LOGON@C20779,1,1.0,0.0,1,1.0,1.0,-0.12448771763047961
ANONYMOUS LOGON@C20777,1,1.0,0.0,1,1.0,1.0,-0.12448771763047961
ANONYMOUS LOGON@C2057,1,1.0,0.0,1,1.0,1.0,-0.12448771763047961
ANONYMOUS LOGON@C20448,1,1.0,0.0,1,1.0,1.0,-0.12448771763047961
ANONYMOUS LOGON@C2039,1,1.0,0.0,1,1.0,1.0,-0.12448771763047961
ANONYMOUS LOGON@C2290,1,1.0,0.0,1,1.0,1.0,-0.12448771763047961
ANONYMOUS LOGON@C2277,1,1.0,0.0,1,1.0,1.0,-0.12448771763047961
U1476@DOM1,1,1.0,0.0,1,1.0,1.0,-0.12448771763047961
ANONYMOUS LOGON@C9332,1,1.0,0.0,1,1.0,1.0,-0.12448771763047961
ANONYMOUS LOGON@C919,1,1.0,0.0,1,1.0,1.0,-0.12448771763047961
U8675@DOM1,1,1.0,0.0,1,1.0,1.0,-0.12448771763047961
C9566$@DOM1,1,1.0,0.0,1,1.0,1.0,-0.12448771763047961
ANONYMOUS LOGON@C1611,1,1.0,0.0,1,1.0,1.0,-0.12448771763047961
U8289@DOM1,1,1.0,0.0,1,1.0,1.0,-0.12448771763047961
U8284@DOM1,1,1.0,0.0,1,1.0,1.0,-0.12448771763047961
U8092@DOM1,1,1.0,0.0,1,1.0,1.0,-0.12448771763047961
U5778@DOM1,1,1.0,0.0,1,1.0,1.0,-0.12448771763047961
U3424@DOM1,1,1.0,0.0,1,1.0,1.0,-0.12448771763047961
U6054@DOM1,1,1.0,0.0,1,1.0,1.0,-0.12448771763047961
U6536@DOM1,1,1.0,0.0,1,1.0,1.0,-0.12448771763047961
U6477@DOM1,1,1.0,0.0,1,1.0,1.0,-0.12448771763047961
C11007$@DOM1,1,1.0,0.0,1,1.0,1.0,-0.12448771763047961
U6282@DOM1,1,1.0,0.0,1,1.0,1.0,-0.12448771763047961
U5373@DOM1,1,1.0,0.0,1,1.0,1.0,-0.12448771763047961
ANONYMOUS LOGON@C1867,1,1.0,0.0,1,1.0,1.0,-0.12448771763047961
ANONYMOUS LOGON@C10355,1,1.0,0.0,1,1.0,1.0,-0.12448771763047961
ANONYMOUS LOGON@C1025,1,1.0,0.0,1,1.0,1.0,-0.12448771763047961
U1384@DOM1,1,1.0,0.0,1,1.0,1.0,-0.12448771763047961
ANONYMOUS LOGON@C13211,1,1.0,0.0,1,1.0,1.0,-0.12448771763047961
U5929@DOM1,1,1.0,0.0,1,1.0,1.0,-0.12448771763047961
U1538@DOM1,1,1.0,0.0,1,1.0,1.0,-0.12448771763047961
U1532@DOM1,1,1.0,0.0,1,1.0,1.0,-0.12448771763047961
U1526@DOM1,1,1.0,0.0,1,1.0,1.0,-0.12448771763047961
U1525@DOM1,1,1.0,0.0,1,1.0,1.0,-0.12448771763047961
U1518@DOM1,1,1.0,0.0,1,1.0,1.0,-0.12448771763047961
C11092$@DOM1,1,1.0,0.0,1,1.0,1.0,-0.12448771763047961
U357@C5450,1,1.0,0.0,1,1.0,1.0,-0.12448771763047961
U357@C3598,1,1.0,0.0,1,1.0,1.0,-0.12448771763047961
C17939$@DOM1,1,1.0,0.0,1,1.0,1.0,-0.12448771763047961
U1677@DOM1,1,1.0,0.0,1,1.0,1.0,-0.12448771763047961
U4829@DOM1,1,1.0,0.0,1,1.0,1.0,-0.12448771763047961
U4755@DOM1,1,1.0,0.0,1,1.0,1.0,-0.12448771763047961
U2301@DOM1,1,1.0,0.0,1,1.0,1.0,-0.12448771763047961
ANONYMOUS LOGON@C1139,1,1.0,0.0,1,1.0,1.0,-0.12448771763047961
U5084@DOM1,1,1.0,0.0,1,1.0,1.0,-0.12448771763047961
U5081@DOM1,1,1.0,0.0,1,1.0,1.0,-0.12448771763047961
ANONYMOUS LOGON@C5500,1,1.0,0.0,1,1.0,1.0,-0.12448771763047961
ANONYMOUS LOGON@C6454,1,1.0,0.0,1,1.0,1.0,-0.12448771763047961
U8551@DOM1,1,1.0,0.0,1,1.0,1.0,-0.12448771763047961
U8337@DOM1,1,1.0,0.0,1,1.0,1.0,-0.12448771763047961
U1517@DOM1,1,1.0,0.0,1,1.0,1.0,-0.12448771763047961
U5753@DOM9,1,1.0,0.0,1,1.0,1.0,-0.12448771763047961
U5652@DOM9,1,1.0,0.0,1,1.0,1.0,-0.12448771763047961
U5541@DOM1,1,1.0,0.0,1,1.0,1.0,-0.12448771763047961
U1816@C3078,1,1.0,0.0,1,1.0,1.0,-0.12448771763047961
U2604@DOM1,1,1.0,0.0,1,1.0,1.0,-0.12448771763047961
C20527$@DOM1,1,1.0,0.0,1,1.0,1.0,-0.12448771763047961
U4879@DOM1,1,1.0,0.0,1,1.0,1.0,-0.12448771763047961
ANONYMOUS LOGON@C21805,1,1.0,0.0,1,1.0,1.0,-0.12448771763047961
ANONYMOUS LOGON@C21643,1,1.0,0.0,1,1.0,1.0,-0.12448771763047961
ANONYMOUS LOGON@C21468,1,1.0,0.0,1,1.0,1.0,-0.12448771763047961
ANONYMOUS LOGON@C21457,1,1.0,0.0,1,1.0,1.0,-0.12448771763047961
U9279@DOM1,1,1.0,0.0,1,1.0,1.0,-0.12448771763047961
ANONYMOUS LOGON@C2624,1,1.0,0.0,1,1.0,1.0,-0.12448771763047961
ANONYMOUS LOGON@C2559,1,1.0,0.0,1,1.0,1.0,-0.12448771763047961
ANONYMOUS LOGON@C2521,1,1.0,0.0,1,1.0,1.0,-0.12448771763047961
ANONYMOUS LOGON@C2470,1,1.0,0.0,1,1.0,1.0,-0.12448771763047961
ANONYMOUS LOGON@C2438,1,1.0,0.0,1,1.0,1.0,-0.12448771763047961
ANONYMOUS LOGON@C241,1,1.0,0.0,1,1.0,1.0,-0.12448771763047961
ANONYMOUS LOGON@C1089,1,1.0,0.0,1,1.0,1.0,-0.12448771763047961
U5218@DOM1,1,1.0,0.0,1,1.0,1.0,-0.12448771763047961
U4446@DOM1,1,1.0,0.0,1,1.0,1.0,-0.12448771763047961
U4438@DOM1,1,1.0,0.0,1,1.0,1.0,-0.12448771763047961
ANONYMOUS LOGON@C466,1,1.0,0.0,1,1.0,1.0,-0.12448771763047961
U8838@DOM1,1,1.0,0.0,1,1.0,1.0,-0.12448771763047961
U8831@DOM1,1,1.0,0.0,1,1.0,1.0,-0.12448771763047961
ANONYMOUS LOGON@C742,1,1.0,0.0,1,1.0,1.0,-0.12448771763047961
U8725@DOM1,1,1.0,0.0,1,1.0,1.0,-0.12448771763047961
ANONYMOUS LOGON@C1042,1,1.0,0.0,1,1.0,1.0,-0.12448771763047961
C5712$@DOM1,1,1.0,0.0,1,1.0,1.0,-0.12448771763047961
U5072@DOM1,1,1.0,0.0,1,1.0,1.0,-0.12448771763047961
U5059@DOM1,1,1.0,0.0,1,1.0,1.0,-0.12448771763047961
U4578@DOM1,1,1.0,0.0,1,1.0,1.0,-0.12448771763047961
U3648@DOM1,1,1.0,0.0,1,1.0,1.0,-0.12448771763047961
U4567@?,1,1.0,0.0,1,1.0,1.0,-0.12448771763047961
U4510@DOM1,1,1.0,0.0,1,1.0,1.0,-0.12448771763047961
C19208$@DOM1,1,1.0,0.0,1,1.0,1.0,-0.12448771763047961
U3637@DOM1,1,1.0,0.0,1,1.0,1.0,-0.12448771763047961
C6696$@DOM1,1,1.0,0.0,1,1.0,1.0,-0.12448771763047961
ANONYMOUS LOGON@C3328,1,1.0,0.0,1,1.0,1.0,-0.12448771763047961
ANONYMOUS LOGON@C3310,1,1.0,0.0,1,1.0,1.0,-0.12448771763047961
ANONYMOUS LOGON@C3309,1,1.0,0.0,1,1.0,1.0,-0.12448771763047961
ANONYMOUS LOGON@C3722,1,1.0,0.0,1,1.0,1.0,-0.12448771763047961
U8888@DOM1,1,1.0,0.0,1,1.0,1.0,-0.12448771763047961
ANONYMOUS LOGON@C4773,1,1.0,0.0,1,1.0,1.0,-0.12448771763047961
ANONYMOUS LOGON@C18619,1,1.0,0.0,1,1.0,1.0,-0.12448771763047961
ANONYMOUS LOGON@C1839,1,1.0,0.0,1,1.0,1.0,-0.12448771763047961
U9508@DOM1,1,1.0,0.0,1,1.0,1.0,-0.12448771763047961
U9486@DOM1,1,1.0,0.0,1,1.0,1.0,-0.12448771763047961
U3982@DOM1,1,1.0,0.0,1,1.0,1.0,-0.12448771763047961
ANONYMOUS LOGON@C19600,1,1.0,0.0,1,1.0,1.0,-0.12448771763047961
ANONYMOUS LOGON@C1953,1,1.0,0.0,1,1.0,1.0,-0.12448771763047961
ANONYMOUS LOGON@C1935,1,1.0,0.0,1,1.0,1.0,-0.12448771763047961
U4467@DOM1,1,1.0,0.0,1,1.0,1.0,-0.12448771763047961
U3953@DOM1,1,1.0,0.0,1,1.0,1.0,-0.12448771763047961
U3358@DOM1,1,1.0,0.0,1,1.0,1.0,-0.12448771763047961
U325@DOM1,1,1.0,0.0,1,1.0,1.0,-0.12448771763047961
U3219@DOM1,1,1.0,0.0,1,1.0,1.0,-0.12448771763047961
U318@DOM1,1,1.0,0.0,1,1.0,1.0,-0.12448771763047961
ANONYMOUS LOGON@C3077,1,1.0,0.0,1,1.0,1.0,-0.12448771763047961
ANONYMOUS LOGON@C337,1,1.0,0.0,1,1.0,1.0,-0.12448771763047961
U3896@DOM1,1,1.0,0.0,1,1.0,1.0,-0.12448771763047961
U3844@DOM1,1,1.0,0.0,1,1.0,1.0,-0.12448771763047961
U6660@DOM1,1,1.0,0.0,1,1.0,1.0,-0.12448771763047961
U4360@DOM1,1,1.0,0.0,1,1.0,1.0,-0.12448771763047961
U6600@DOM1,1,1.0,0.0,1,1.0,1.0,-0.12448771763047961
SYSTEM@C1042,1,1.0,0.0,1,1.0,1.0,-0.12448771763047961
U4646@DOM1,1,1.0,0.0,1,1.0,1.0,-0.12448771763047961
SYSTEM@C18619,1,1.0,0.0,1,1.0,1.0,-0.12448771763047961
U39@DOM1,1,1.0,0.0,1,1.0,1.0,-0.12448771763047961
ANONYMOUS LOGON@C2650,1,1.0,0.0,1,1.0,1.0,-0.12448771763047961
U9146@DOM1,1,1.0,0.0,1,1.0,1.0,-0.12448771763047961
ANONYMOUS LOGON@C2980,1,1.0,0.0,1,1.0,1.0,-0.12448771763047961
ANONYMOUS LOGON@C2943,1,1.0,0.0,1,1.0,1.0,-0.12448771763047961
ANONYMOUS LOGON@C2933,1,1.0,0.0,1,1.0,1.0,-0.12448771763047961
ANONYMOUS LOGON@C291,1,1.0,0.0,1,1.0,1.0,-0.12448771763047961
ANONYMOUS LOGON@C2861,1,1.0,0.0,1,1.0,1.0,-0.12448771763047961
ANONYMOUS LOGON@C2835,1,1.0,0.0,1,1.0,1.0,-0.12448771763047961
U9132@DOM1,1,1.0,0.0,1,1.0,1.0,-0.12448771763047961
U9124@DOM1,1,1.0,0.0,1,1.0,1.0,-0.12448771763047961
U9115@DOM1,1,1.0,0.0,1,1.0,1.0,-0.12448771763047961
U9110@DOM1,1,1.0,0.0,1,1.0,1.0,-0.12448771763047961
ANONYMOUS LOGON@C3221,1,1.0,0.0,1,1.0,1.0,-0.12448771763047961
ANONYMOUS LOGON@C3211,1,1.0,0.0,1,1.0,1.0,-0.12448771763047961
U3052@DOM1,1,1.0,0.0,1,1.0,1.0,-0.12448771763047961
SYSTEM@C13211,1,1.0,0.0,1,1.0,1.0,-0.12448771763047961
SYSTEM@C1319,1,1.0,0.0,1,1.0,1.0,-0.12448771763047961
SYSTEM@C21468,1,1.0,0.0,1,1.0,1.0,-0.12448771763047961
U981@DOM1,1,1.0,0.0,1,1.0,1.0,-0.12448771763047961
ANONYMOUS LOGON@C1472,1,1.0,0.0,1,1.0,1.0,-0.12448771763047961
ANONYMOUS LOGON@C1382,1,1.0,0.0,1,1.0,1.0,-0.12448771763047961
U9705@DOM1,1,1.0,0.0,1,1.0,1.0,-0.12448771763047961
U9690@DOM1,1,1.0,0.0,1,1.0,1.0,-0.12448771763047961
U9680@DOM1,1,1.0,0.0,1,1.0,1.0,-0.12448771763047961
ANONYMOUS LOGON@C1157,1,1.0,0.0,1,1.0,1.0,-0.12448771763047961
ANONYMOUS LOGON@C1567,1,1.0,0.0,1,1.0,1.0,-0.12448771763047961
ANONYMOUS LOGON@C20274,1,1.0,0.0,1,1.0,1.0,-0.12448771763047961
SYSTEM@C1848,1,1.0,0.0,1,1.0,1.0,-0.12448771763047961
ANONYMOUS LOGON@C1546,1,1.0,0.0,1,1.0,1.0,-0.12448771763047961
ANONYMOUS LOGON@C1503,1,1.0,0.0,1,1.0,1.0,-0.12448771763047961
ANONYMOUS LOGON@C16173,1,1.0,0.0,1,1.0,1.0,-0.12448771763047961
U3842@DOM1,1,1.0,0.0,1,1.0,1.0,-0.12448771763047961
SYSTEM@C1839,1,1.0,0.0,1,1.0,1.0,-0.12448771763047961
U3762@DOM1,1,1.0,0.0,1,1.0,1.0,-0.12448771763047961
U3713@DOM1,1,1.0,0.0,1,1.0,1.0,-0.12448771763047961
SYSTEM@C1691,1,1.0,0.0,1,1.0,1.0,-0.12448771763047961
C5729$@DOM1,1,1.0,0.0,1,1.0,1.0,-0.12448771763047961
ANONYMOUS LOGON@C2802,1,1.0,0.0,1,1.0,1.0,-0.12448771763047961
SYSTEM@C16173,1,1.0,0.0,1,1.0,1.0,-0.12448771763047961
U4273@DOM1,1,1.0,0.0,1,1.0,1.0,-0.12448771763047961
U4248@DOM1,1,1.0,0.0,1,1.0,1.0,-0.12448771763047961
U4236@DOM1,1,1.0,0.0,1,1.0,1.0,-0.12448771763047961
SYSTEM@C1611,1,1.0,0.0,1,1.0,1.0,-0.12448771763047961
U3572@DOM1,1,1.0,0.0,1,1.0,1.0,-0.12448771763047961
U3430@DOM1,1,1.0,0.0,1,1.0,1.0,-0.12448771763047961
U3425@DOM1,1,1.0,0.0,1,1.0,1.0,-0.12448771763047961
ANONYMOUS LOGON@C1570,1,1.0,0.0,1,1.0,1.0,-0.12448771763047961
U1321@DOM1,128,1.0,0.0,10,1.0,1.0,-0.12451675238431326
U1382@DOM1,128,1.0,0.0,10,1.0,1.0,-0.12451675238431326
U5863@DOM1,133,1.0,0.0,10,1.0,1.0,-0.12452479114502829
C1442$@DOM1,257,1.0,0.0,7,1.0,0.9961089494163424,-0.12453252549081889
C7699$@DOM1,257,1.0,0.0,7,1.0,0.9961089494163424,-0.12453252549081889
C225$@DOM1,258,1.0,0.0,7,1.0,0.9961240310077519,-0.12453252549081889
C4711$@DOM1,258,1.0,0.0,7,1.0,0.9961240310077519,-0.12453252549081889
C15418$@DOM1,257,1.0,0.0,7,1.0,0.9961089494163424,-0.12453252549081889
U3669@DOM1,125,1.0,0.0,10,1.0,1.0,-0.12453969136875753
C5771$@DOM1,125,1.0,0.0,10,1.0,1.0,-0.12453969136875753
U8813@DOM1,130,1.0,0.0,10,1.0,1.0,-0.124580258719941
U1110@DOM1,131,1.0,0.0,10,1.0,1.0,-0.124580258719941
U3865@DOM1,131,1.0,0.0,10,1.0,1.0,-0.124580258719941
C903$@DOM1,233,1.0,0.0,7,1.0,0.9914163090128756,-0.12458259754404732
U1215@DOM1,119,1.0,0.0,10,1.0,1.0,-0.12459579200691889
U4227@DOM1,119,1.0,0.0,10,1.0,1.0,-0.12459579200691889
C15075$@DOM1,104,1.0,0.0,8,1.0,0.9903846153846154,-0.12460014620241561
U629@DOM1,104,1.0,0.0,8,1.0,0.9903846153846154,-0.12460014620241561
C4276$@DOM1,104,1.0,0.0,8,1.0,0.9903846153846154,-0.12460014620241561
C656$@DOM1,256,1.0,0.0,7,1.0,0.99609375,-0.12461093694275055
C17163$@DOM1,256,1.0,0.0,7,1.0,0.99609375,-0.12461093694275055
C13583$@DOM1,129,1.0,0.0,7,1.0,0.9844961240310077,-0.12472212205586286
C10711$@DOM1,129,1.0,0.0,7,1.0,0.9844961240310077,-0.12472212205586286
C19818$@DOM1,129,1.0,0.0,7,1.0,0.9844961240310077,-0.12472212205586286
C18353$@DOM1,129,1.0,0.0,7,1.0,0.9844961240310077,-0.12472212205586286
C1677$@DOM1,242,1.0,0.0,9,1.0,1.0,-0.12474297770491438
C2003$@DOM1,139,1.0,0.0,10,1.0,1.0,-0.12475719767521343
U1882@DOM1,139,1.0,0.0,10,1.0,1.0,-0.12475719767521343
U714@DOM1,139,1.0,0.0,10,1.0,1.0,-0.12475719767521343
U8611@DOM1,140,1.0,0.0,10,1.0,1.0,-0.12475719767521343
C1599$@DOM1,80,1.0,0.0,6,1.0,0.9875,-0.12475999326622023
C1797$@DOM1,80,1.0,0.0,6,1.0,0.9875,-0.12475999326622023
C12185$@DOM1,193,1.0,0.0,9,1.0,0.9948186528497409,-0.12476584955475273
U6117@DOM1,135,1.0,0.0,10,1.0,1.0,-0.12479585474417626
U258@DOM1,135,1.0,0.0,10,1.0,1.0,-0.12479585474417626
U4327@DOM1,135,1.0,0.0,10,1.0,1.0,-0.12479585474417626
U475@DOM1,142,1.0,0.0,10,1.0,1.0,-0.12479727576372612
U748@DOM1,143,1.0,0.0,10,1.0,1.0,-0.12480645446561167
C18666$@DOM1,83,1.0,0.0,7,1.0,0.9879518072289156,-0.12482492855757016
C622$@DOM1,145,1.0,0.0,8,1.0,0.9862068965517241,-0.1248297675943536
C8696$@DOM1,145,1.0,0.0,8,1.0,0.9862068965517241,-0.1248297675943536
C475$@DOM1,145,1.0,0.0,8,1.0,0.9862068965517241,-0.1248297675943536
C20361$@DOM1,145,1.0,0.0,8,1.0,0.9862068965517241,-0.1248297675943536
U3907@DOM1,118,1.0,0.0,10,1.0,1.0,-0.12484598219748738
U944@DOM1,118,1.0,0.0,10,1.0,1.0,-0.12484598219748738
U7455@DOM1,118,1.0,0.0,10,1.0,1.0,-0.12484598219748738
C16845$@DOM1,245,1.0,0.0,6,1.0,0.9959183673469387,-0.12486031374827822
C10620$@DOM1,245,1.0,0.0,6,1.0,0.9959183673469387,-0.12486031374827822
U1051@DOM1,154,1.0,0.0,10,1.0,1.0,-0.12487076112074913
C3526$@DOM1,154,1.0,0.0,10,1.0,1.0,-0.12487076112074913
C18365$@DOM1,146,1.0,0.0,8,1.0,0.9863013698630136,-0.12489190016722612
C141$@DOM1,146,1.0,0.0,8,1.0,0.9863013698630136,-0.12489190016722612
C4545$@DOM1,146,1.0,0.0,8,1.0,0.9863013698630136,-0.12489190016722612
C6485$@DOM1,146,1.0,0.0,8,1.0,0.9863013698630136,-0.12489190016722612
C11217$@DOM1,146,1.0,0.0,8,1.0,0.9863013698630136,-0.12489190016722612
C13974$@DOM1,234,1.0,0.0,7,1.0,0.9914529914529915,-0.12491595890900825
C4953$@DOM1,234,1.0,0.0,7,1.0,0.9914529914529915,-0.12491595890900825
C12178$@DOM1,234,1.0,0.0,7,1.0,0.9914529914529915,-0.12491595890900825
C1410$@DOM1,234,1.0,0.0,7,1.0,0.9914529914529915,-0.12491595890900825
U4213@DOM1,134,1.0,0.0,10,1.0,1.0,-0.12492276227201099
U4842@DOM1,134,1.0,0.0,10,1.0,1.0,-0.12492276227201099
U4835@DOM1,134,1.0,0.0,10,1.0,1.0,-0.12492276227201099
U2927@DOM1,134,1.0,0.0,10,1.0,1.0,-0.12492276227201099
C13199$@DOM1,141,1.0,0.0,9,1.0,0.9929078014184397,-0.12492560962698451
C232$@DOM1,194,1.0,0.0,8,1.0,0.9896907216494846,-0.12493161657511825
C6633$@DOM1,216,1.0,0.0,5,1.0,0.9953703703703703,-0.12494601092029983
C8633$@DOM1,216,1.0,0.0,5,1.0,0.9953703703703703,-0.12494601092029983
C5933$@DOM1,254,1.0,0.0,7,1.0,0.9960629921259843,-0.12499164714697725
C497$@DOM1,193,1.0,0.0,8,1.0,0.9896373056994818,-0.1250069666422578
C21339$@DOM1,189,1.0,0.0,9,1.0,0.9947089947089947,-0.12502476961035253
C7493$@DOM1,189,1.0,0.0,9,1.0,0.9947089947089947,-0.12502476961035253
C10506$@DOM1,108,1.0,0.0,5,1.0,0.9907407407407407,-0.1250282732886917
C12968$@DOM1,108,1.0,0.0,5,1.0,0.9907407407407407,-0.1250282732886917
C741$@DOM1,84,1.0,0.0,7,1.0,0.9880952380952381,-0.12503591005351045
C14415$@DOM1,235,1.0,0.0,7,1.0,0.9914893617021276,-0.1250559789706805
U5356@DOM1,239,1.0,0.0,9,1.0,1.0,-0.12509575631050585
C14447$@DOM1,187,1.0,0.0,9,1.0,0.9946524064171123,-0.1251020754185086
C1183$@DOM1,187,1.0,0.0,9,1.0,0.9946524064171123,-0.1251020754185086
C7964$@DOM1,187,1.0,0.0,9,1.0,0.9946524064171123,-0.1251020754185086
C20960$@DOM1,192,1.0,0.0,9,1.0,0.9947916666666666,-0.12512467354404067
C8462$@DOM1,192,1.0,0.0,9,1.0,0.9947916666666666,-0.12512467354404067
C17252$@DOM1,192,1.0,0.0,9,1.0,0.9947916666666666,-0.12512467354404067
C21159$@DOM1,192,1.0,0.0,9,1.0,0.9947916666666666,-0.12512467354404067
C2598$@DOM1,147,1.0,0.0,10,1.0,1.0,-0.1251463487362101
C7579$@DOM1,147,1.0,0.0,10,1.0,1.0,-0.1251463487362101
C14606$@DOM1,220,1.0,0.0,6,1.0,0.990909090909091,-0.12515944966458759
C1043$@DOM1,220,1.0,0.0,6,1.0,0.990909090909091,-0.12515944966458759
C9253$@DOM1,220,1.0,0.0,6,1.0,0.990909090909091,-0.12515944966458759
C8017$@DOM1,264,1.0,0.0,6,1.0,1.0,-0.12516369953254763
C86$@DOM1,186,1.0,0.0,9,1.0,0.9946236559139785,-0.125168160846804
U10150@DOM1,25,1.0,0.0,4,1.0,1.0,-0.1251686250160512
U2705@DOM1,25,1.0,0.0,4,1.0,1.0,-0.1251686250160512
C961$@DOM1,196,1.0,0.0,8,1.0,0.9897959183673469,-0.12517056710807833
C17233$@DOM1,191,1.0,0.0,9,1.0,0.9947643979057592,-0.12518807706058005
C507$@DOM1,190,1.0,0.0,9,1.0,0.9947368421052631,-0.12518807706058005
C4733$@DOM1,191,1.0,0.0,9,1.0,0.9947643979057592,-0.12518807706058005
C10894$@DOM1,191,1.0,0.0,9,1.0,0.9947643979057592,-0.12518807706058005
C2800$@DOM1,138,1.0,0.0,10,1.0,1.0,-0.1251894858287358
U4013@DOM1,138,1.0,0.0,10,1.0,1.0,-0.1251894858287358
U2741@DOM1,146,1.0,0.0,10,1.0,1.0,-0.12522289588865865
U7348@DOM1,146,1.0,0.0,10,1.0,1.0,-0.12522289588865865
C1181$@DOM1,146,1.0,0.0,10,1.0,1.0,-0.12522289588865865
U2494@DOM1,153,1.0,0.0,10,1.0,1.0,-0.1252271584223264
C181$@DOM1,130,1.0,0.0,7,1.0,0.9846153846153847,-0.12523358734709772
C1232$@DOM1,130,1.0,0.0,7,1.0,0.9846153846153847,-0.12523358734709772
C10980$@DOM1,130,1.0,0.0,7,1.0,0.9846153846153847,-0.12523358734709772
C9655$@DOM1,232,1.0,0.0,7,1.0,0.9913793103448276,-0.12525589587057734
C81$@DOM1,232,1.0,0.0,7,1.0,0.9913793103448276,-0.12525589587057734
U7719@DOM1,240,1.0,0.0,5,1.0,1.0,-0.1252711066124037
C479$@DOM1,127,1.0,0.0,6,1.0,0.984251968503937,-0.12527441383370058
C888$@DOM1,238,1.0,0.0,9,1.0,1.0,-0.12528744925551066
C4476$@DOM1,238,1.0,0.0,9,1.0,1.0,-0.12528744925551066
C19359$@DOM1,244,1.0,0.0,6,1.0,0.9959016393442623,-0.12530961477934444
C1547$@DOM1,244,1.0,0.0,6,1.0,0.9959016393442623,-0.12530961477934444
C282$@DOM1,244,1.0,0.0,6,1.0,0.9959016393442623,-0.12530961477934444
C20616$@DOM1,252,1.0,0.0,7,1.0,0.996031746031746,-0.12533372020761496
C213$@DOM1,252,1.0,0.0,7,1.0,0.996031746031746,-0.12533372020761496
C322$@DOM1,188,1.0,0.0,9,1.0,0.9946808510638298,-0.12537441337435629
C447$@DOM1,188,1.0,0.0,9,1.0,0.9946808510638298,-0.12537441337435629
C21402$@DOM1,142,1.0,0.0,9,1.0,0.9929577464788732,-0.12538999443190885
C778$@DOM1,142,1.0,0.0,9,1.0,0.9929577464788732,-0.12538999443190885
C890$@DOM1,142,1.0,0.0,9,1.0,0.9929577464788732,-0.12538999443190885
C4714$@DOM1,142,1.0,0.0,9,1.0,0.9929577464788732,-0.12538999443190885
C10953$@DOM1,132,1.0,0.0,7,1.0,0.9848484848484849,-0.12540729154362096
C20218$@DOM1,147,1.0,0.0,8,1.0,0.9863945578231292,-0.12542379416934096
C9593$@DOM1,147,1.0,0.0,8,1.0,0.9863945578231292,-0.12542379416934096
C21593$@DOM1,151,1.0,0.0,10,1.0,1.0,-0.12547440735460935
U609@DOM1,151,1.0,0.0,10,1.0,1.0,-0.12547440735460935
U6532@DOM1,151,1.0,0.0,10,1.0,1.0,-0.12547440735460935
U2380@DOM1,26,1.0,0.0,4,1.0,1.0,-0.12547492795024318
U5158@DOM1,137,1.0,0.0,10,1.0,1.0,-0.12547870709375625
U4668@DOM1,137,1.0,0.0,10,1.0,1.0,-0.12547870709375625
U7430@DOM1,137,1.0,0.0,10,1.0,1.0,-0.12547870709375625
C316$@DOM1,185,1.0,0.0,9,1.0,0.9945945945945946,-0.12548221825286016
C16504$@DOM1,105,1.0,0.0,8,1.0,0.9904761904761905,-0.12553290280411372
C1113$@DOM1,105,1.0,0.0,8,1.0,0.9904761904761905,-0.12553290280411372
U971@DOM1,145,1.0,0.0,10,1.0,1.0,-0.12556350760920637
U5042@DOM1,145,1.0,0.0,10,1.0,1.0,-0.12556350760920637
C3969$@DOM1,150,1.0,0.0,10,1.0,1.0,-0.1256408506047803
C8504$@DOM1,150,1.0,0.0,10,1.0,1.0,-0.1256408506047803
U384@DOM1,150,1.0,0.0,10,1.0,1.0,-0.1256408506047803
U523@DOM1,150,1.0,0.0,10,1.0,1.0,-0.1256408506047803
C1324$@DOM1,243,1.0,0.0,6,1.0,0.9958847736625515,-0.1256416380604175
C11736$@DOM1,243,1.0,0.0,6,1.0,0.9958847736625515,-0.1256416380604175
C9615$@DOM1,243,1.0,0.0,6,1.0,0.9958847736625515,-0.1256416380604175
C8209$@DOM1,243,1.0,0.0,6,1.0,0.9958847736625515,-0.1256416380604175
C619$@DOM1,192,1.0,0.0,8,1.0,0.9895833333333334,-0.1256546454648988
C8709$@DOM1,192,1.0,0.0,8,1.0,0.9895833333333334,-0.1256546454648988
C7268$@DOM1,189,1.0,0.0,8,1.0,0.9894179894179894,-0.1256882724809657
C11743$@DOM1,189,1.0,0.0,8,1.0,0.9894179894179894,-0.1256882724809657
C17380$@DOM1,131,1.0,0.0,7,1.0,0.9847328244274809,-0.12578608937971558
C15156$@DOM1,131,1.0,0.0,7,1.0,0.9847328244274809,-0.12578608937971558
C12122$@DOM1,131,1.0,0.0,7,1.0,0.9847328244274809,-0.12578608937971558
C19316$@DOM1,190,1.0,0.0,8,1.0,0.9894736842105263,-0.12580825394305517
C8107$@DOM1,190,1.0,0.0,8,1.0,0.9894736842105263,-0.12580825394305517
C2267$@DOM1,190,1.0,0.0,8,1.0,0.9894736842105263,-0.12580825394305517
C730$@DOM1,133,1.0,0.0,7,1.0,0.9849624060150376,-0.12582148353857608
C16381$@DOM1,143,1.0,0.0,9,1.0,0.993006993006993,-0.12583414047727742
C6594$@DOM1,107,1.0,0.0,8,1.0,0.9906542056074766,-0.1259240177077049
C12391$@DOM1,191,1.0,0.0,8,1.0,0.9895287958115183,-0.1259254329187965
C16782$@DOM1,245,1.0,0.0,8,1.0,0.9959183673469387,-0.1259413862550668
C12841$@DOM1,245,1.0,0.0,8,1.0,0.9959183673469387,-0.1259413862550668
C1223$@DOM1,245,1.0,0.0,8,1.0,0.9959183673469387,-0.1259413862550668
C11562$@DOM1,245,1.0,0.0,8,1.0,0.9959183673469387,-0.1259413862550668
C7202$@DOM1,245,1.0,0.0,8,1.0,0.9959183673469387,-0.1259413862550668
C15047$@DOM1,245,1.0,0.0,8,1.0,0.9959183673469387,-0.1259413862550668
C16275$@DOM1,85,1.0,0.0,7,1.0,0.9882352941176471,-0.12596905178387519
C1132$@DOM1,217,1.0,0.0,6,1.0,0.9907834101382489,-0.12598493055455667
C537$@DOM1,150,1.0,0.0,8,1.0,0.9866666666666667,-0.12598615470716462
C1380$@DOM1,150,1.0,0.0,8,1.0,0.9866666666666667,-0.12598615470716462
C1701$@DOM1,150,1.0,0.0,8,1.0,0.9866666666666667,-0.12598615470716462
C11116$@DOM1,150,1.0,0.0,8,1.0,0.9866666666666667,-0.12598615470716462
C1369$@DOM1,216,1.0,0.0,6,1.0,0.9907407407407407,-0.12598881416115415
C20563$@DOM1,216,1.0,0.0,6,1.0,0.9907407407407407,-0.12598881416115415
C3223$@DOM1,146,1.0,0.0,9,1.0,0.9931506849315068,-0.12598966243658233
C895$@DOM1,229,1.0,0.0,7,1.0,0.9912663755458515,-0.1259943298901836
C14557$@DOM1,229,1.0,0.0,7,1.0,0.9912663755458515,-0.1259943298901836
C16469$@DOM1,229,1.0,0.0,7,1.0,0.9912663755458515,-0.1259943298901836
C1452$@DOM1,200,1.0,0.0,4,1.0,1.0,-0.12599478429936545
C18566$@DOM1,251,1.0,0.0,7,1.0,0.9960159362549801,-0.12600984908263563
C7333$@DOM1,251,1.0,0.0,7,1.0,0.9960159362549801,-0.12600984908263563
C13525$@DOM1,251,1.0,0.0,7,1.0,0.9960159362549801,-0.12600984908263563
C1799$@DOM1,148,1.0,0.0,8,1.0,0.9864864864864865,-0.12602464343217779
C8299$@DOM1,148,1.0,0.0,8,1.0,0.9864864864864865,-0.12602464343217779
C8167$@DOM1,201,1.0,0.0,4,1.0,1.0,-0.12603911575144117
C1934$@DOM1,183,1.0,0.0,9,1.0,0.994535519125683,-0.12613069749132955
C3446$@DOM1,183,1.0,0.0,9,1.0,0.994535519125683,-0.12613069749132955
C1573$@DOM1,241,1.0,0.0,6,1.0,0.995850622406639,-0.126145825699974
C1171$@DOM1,241,1.0,0.0,6,1.0,0.995850622406639,-0.126145825699974
C1289$@DOM1,241,1.0,0.0,6,1.0,0.995850622406639,-0.126145825699974
C1837$@DOM1,241,1.0,0.0,6,1.0,0.995850622406639,-0.126145825699974
C1050$@DOM1,241,1.0,0.0,6,1.0,0.995850622406639,-0.126145825699974
C17211$@DOM1,242,1.0,0.0,6,1.0,0.9958677685950413,-0.126145825699974
C11190$@DOM1,128,1.0,0.0,6,1.0,0.984375,-0.12616831899638437
C20838$@DOM1,128,1.0,0.0,6,1.0,0.984375,-0.12616831899638437
C3667$@DOM1,244,1.0,0.0,8,1.0,0.9959016393442623,-0.12619008212058597
C9623$@DOM1,244,1.0,0.0,8,1.0,0.9959016393442623,-0.12619008212058597
C2645$@DOM1,236,1.0,0.0,9,1.0,1.0,-0.12619723829359764
C14785$@DOM1,182,1.0,0.0,9,1.0,0.9945054945054945,-0.12619766434283464
C17197$@DOM1,249,1.0,0.0,7,1.0,0.9959839357429718,-0.12621066219002602
C6415$@DOM1,145,1.0,0.0,9,1.0,0.993103448275862,-0.1262125249130686
C693$@DOM1,177,1.0,0.0,9,1.0,0.9943502824858758,-0.1262499674107267
C5584$@DOM1,177,1.0,0.0,9,1.0,0.9943502824858758,-0.1262499674107267
C149$@DOM1,149,1.0,0.0,9,1.0,0.9932885906040269,-0.12629725043310464
C10964$@DOM1,149,1.0,0.0,9,1.0,0.9932885906040269,-0.12629725043310464
C10968$@DOM1,149,1.0,0.0,9,1.0,0.9932885906040269,-0.12629725043310464
C533$@DOM1,149,1.0,0.0,9,1.0,0.9932885906040269,-0.12629725043310464
C1160$@DOM1,178,1.0,0.0,9,1.0,0.9943820224719101,-0.1263158504934529
C17607$@DOM1,179,1.0,0.0,9,1.0,0.994413407821229,-0.12632146701428076
C938$@DOM1,230,1.0,0.0,7,1.0,0.991304347826087,-0.12633077434708945
C590$@DOM1,181,1.0,0.0,9,1.0,0.994475138121547,-0.12637011365715345
C19501$@DOM1,228,1.0,0.0,7,1.0,0.9912280701754386,-0.12637347765195178
C411$@DOM1,228,1.0,0.0,7,1.0,0.9912280701754386,-0.12637347765195178
C668$@DOM1,228,1.0,0.0,7,1.0,0.9912280701754386,-0.12637347765195178
C174$@DOM1,228,1.0,0.0,7,1.0,0.9912280701754386,-0.12637347765195178
U6691@DOM1,35,1.0,0.0,9,1.0,1.0,-0.12637438849755278
U2902@DOM1,35,1.0,0.0,9,1.0,1.0,-0.12637438849755278
C14194$@DOM1,147,1.0,0.0,9,1.0,0.9931972789115646,-0.12638150793186753
C1016$@DOM1,147,1.0,0.0,9,1.0,0.9931972789115646,-0.12638150793186753
C794$@DOM1,151,1.0,0.0,8,1.0,0.9867549668874173,-0.12639643200829842
C3859$@DOM1,151,1.0,0.0,8,1.0,0.9867549668874173,-0.12639643200829842
C7552$@DOM1,151,1.0,0.0,8,1.0,0.9867549668874173,-0.12639643200829842
C12019$@DOM1,151,1.0,0.0,8,1.0,0.9867549668874173,-0.12639643200829842
C16486$@DOM1,86,1.0,0.0,7,1.0,0.9883720930232558,-0.12639651860006196
C19191$@DOM1,243,1.0,0.0,8,1.0,0.9958847736625515,-0.126404332883444
C788$@DOM1,243,1.0,0.0,8,1.0,0.9958847736625515,-0.126404332883444
C9250$@DOM1,243,1.0,0.0,8,1.0,0.9958847736625515,-0.126404332883444
C16221$@DOM1,163,1.0,0.0,9,1.0,0.9938650306748467,-0.12645432613901852
C13300$@DOM1,188,1.0,0.0,8,1.0,0.9893617021276596,-0.1264805771639198
C19707$@DOM1,188,1.0,0.0,8,1.0,0.9893617021276596,-0.1264805771639198
C18438$@DOM1,227,1.0,0.0,7,1.0,0.9911894273127754,-0.12648070443558507
C6213$@DOM1,227,1.0,0.0,7,1.0,0.9911894273127754,-0.12648070443558507
C16848$@DOM1,227,1.0,0.0,7,1.0,0.9911894273127754,-0.12648070443558507
C550$@DOM1,152,1.0,0.0,9,1.0,0.993421052631579,-0.1265027138866927
C4610$@DOM1,110,1.0,0.0,5,1.0,0.990909090909091,-0.12651219343836817
C10403$@DOM1,110,1.0,0.0,5,1.0,0.990909090909091,-0.12651219343836817
C8745$@DOM1,180,1.0,0.0,9,1.0,0.9944444444444445,-0.12652192936945417
C468$@DOM1,176,1.0,0.0,9,1.0,0.9943181818181818,-0.1265397930466341
C865$@DOM1,176,1.0,0.0,9,1.0,0.9943181818181818,-0.1265397930466341
C9711$@DOM1,199,1.0,0.0,4,1.0,1.0,-0.12656372881142786
C3031$@DOM1,199,1.0,0.0,4,1.0,1.0,-0.12656372881142786
C17893$@DOM1,148,1.0,0.0,9,1.0,0.9932432432432432,-0.12656429276203868
C19368$@DOM1,148,1.0,0.0,9,1.0,0.9932432432432432,-0.12656429276203868
C1274$@DOM1,155,1.0,0.0,9,1.0,0.9935483870967742,-0.12659596352898317
C11625$@DOM1,155,1.0,0.0,9,1.0,0.9935483870967742,-0.12659596352898317
C1231$@DOM1,155,1.0,0.0,9,1.0,0.9935483870967742,-0.12659596352898317
C10670$@DOM1,155,1.0,0.0,9,1.0,0.9935483870967742,-0.12659596352898317
C1522$@DOM1,175,1.0,0.0,9,1.0,0.9942857142857143,-0.12661233141231432
C9274$@DOM1,175,1.0,0.0,9,1.0,0.9942857142857143,-0.12661233141231432
C18289$@DOM1,156,1.0,0.0,9,1.0,0.9935897435897436,-0.126617737465839
C249$@DOM1,156,1.0,0.0,9,1.0,0.9935897435897436,-0.126617737465839
C13333$@DOM1,156,1.0,0.0,8,1.0,0.9871794871794872,-0.12663816847732468
C12618$@DOM1,156,1.0,0.0,8,1.0,0.9871794871794872,-0.12663816847732468
C6051$@DOM1,156,1.0,0.0,8,1.0,0.9871794871794872,-0.12663816847732468
C839$@DOM1,156,1.0,0.0,8,1.0,0.9871794871794872,-0.12663816847732468
C19934$@DOM1,156,1.0,0.0,8,1.0,0.9871794871794872,-0.12663816847732468
C416$@DOM1,156,1.0,0.0,8,1.0,0.9871794871794872,-0.12663816847732468
C1401$@DOM1,156,1.0,0.0,8,1.0,0.9871794871794872,-0.12663816847732468
C9204$@DOM1,151,1.0,0.0,9,1.0,0.9933774834437086,-0.12664298173455896
C13990$@DOM1,151,1.0,0.0,9,1.0,0.9933774834437086,-0.12664298173455896
C14772$@DOM1,151,1.0,0.0,9,1.0,0.9933774834437086,-0.12664298173455896
C17144$@DOM1,86,1.0,0.0,6,1.0,0.9883720930232558,-0.12665688391455215
C10942$@DOM1,241,1.0,0.0,8,1.0,0.995850622406639,-0.12666606693538718
C12857$@DOM1,242,1.0,0.0,8,1.0,0.9958677685950413,-0.12666606693538718
C9015$@DOM1,240,1.0,0.0,6,1.0,0.9958333333333333,-0.12668056373507508
C11609$@DOM1,152,1.0,0.0,8,1.0,0.9868421052631579,-0.1266923632079151
C2754$@DOM1,174,1.0,0.0,9,1.0,0.9942528735632183,-0.12669358863204244
C50$@DOM1,174,1.0,0.0,9,1.0,0.9942528735632183,-0.12669358863204244
C1469$@DOM1,174,1.0,0.0,9,1.0,0.9942528735632183,-0.12669358863204244
C854$@DOM1,174,1.0,0.0,9,1.0,0.9942528735632183,-0.12669358863204244
C15279$@DOM1,172,1.0,0.0,9,1.0,0.9941860465116279,-0.1267223644608486
C759$@DOM1,172,1.0,0.0,9,1.0,0.9941860465116279,-0.1267223644608486
C21334$@DOM1,172,1.0,0.0,9,1.0,0.9941860465116279,-0.1267223644608486
C17271$@DOM1,172,1.0,0.0,9,1.0,0.9941860465116279,-0.1267223644608486
C806$@DOM1,150,1.0,0.0,9,1.0,0.9933333333333333,-0.12673291696051048
C1337$@DOM1,166,1.0,0.0,9,1.0,0.9939759036144579,-0.1267336597817446
C1402$@DOM1,166,1.0,0.0,9,1.0,0.9939759036144579,-0.1267336597817446
C138$@DOM1,166,1.0,0.0,9,1.0,0.9939759036144579,-0.1267336597817446
C20375$@DOM1,157,1.0,0.0,9,1.0,0.9936305732484076,-0.12674778310863788
C13369$@DOM1,160,1.0,0.0,9,1.0,0.99375,-0.12675420094874362
C13244$@DOM1,160,1.0,0.0,9,1.0,0.99375,-0.12675420094874362
C1492$@DOM1,160,1.0,0.0,9,1.0,0.99375,-0.12675420094874362
C14078$@DOM1,160,1.0,0.0,9,1.0,0.99375,-0.12675420094874362
U6175@DOM1,37,1.0,0.0,9,1.0,1.0,-0.12676860440698023
C797$@DOM1,240,1.0,0.0,8,1.0,0.9958333333333333,-0.12677613382360792
C203$@DOM1,240,1.0,0.0,8,1.0,0.9958333333333333,-0.12677613382360792
C10307$@DOM1,185,1.0,0.0,8,1.0,0.9891891891891892,-0.1267816319614974
C2927$@DOM1,223,1.0,0.0,7,1.0,0.9910313901345291,-0.1268094115051983
C10105$@DOM1,155,1.0,0.0,8,1.0,0.9870967741935484,-0.12685361973503068
C1033$@DOM1,247,1.0,0.0,7,1.0,0.9959514170040485,-0.12685676301035165
C19139$@DOM1,247,1.0,0.0,7,1.0,0.9959514170040485,-0.12685676301035165
C10805$@DOM1,247,1.0,0.0,7,1.0,0.9959514170040485,-0.12685676301035165
C1602$@DOM1,247,1.0,0.0,7,1.0,0.9959514170040485,-0.12685676301035165
C16704$@DOM1,154,1.0,0.0,9,1.0,0.9935064935064936,-0.1268620811230023
NETWORK SERVICE@C7581,9,1.0,0.0,1,1.0,1.0,-0.12688648681180076
LOCAL SERVICE@C19891,9,1.0,0.0,1,1.0,1.0,-0.12688648681180076
LOCAL SERVICE@C5157,9,1.0,0.0,1,1.0,1.0,-0.12688648681180076
NETWORK SERVICE@C8679,9,1.0,0.0,1,1.0,1.0,-0.12688648681180076
LOCAL SERVICE@C3820,9,1.0,0.0,1,1.0,1.0,-0.12688648681180076
NETWORK SERVICE@C4020,9,1.0,0.0,1,1.0,1.0,-0.12688648681180076
NETWORK SERVICE@C3929,9,1.0,0.0,1,1.0,1.0,-0.12688648681180076
NETWORK SERVICE@C4202,9,1.0,0.0,1,1.0,1.0,-0.12688648681180076
NETWORK SERVICE@C10077,9,1.0,0.0,1,1.0,1.0,-0.12688648681180076
ANONYMOUS LOGON@C4442,9,1.0,0.0,1,1.0,1.0,-0.12688648681180076
LOCAL SERVICE@C13183,9,1.0,0.0,1,1.0,1.0,-0.12688648681180076
LOCAL SERVICE@C12667,9,1.0,0.0,1,1.0,1.0,-0.12688648681180076
LOCAL SERVICE@C13181,9,1.0,0.0,1,1.0,1.0,-0.12688648681180076
LOCAL SERVICE@C18684,9,1.0,0.0,1,1.0,1.0,-0.12688648681180076
LOCAL SERVICE@C5129,9,1.0,0.0,1,1.0,1.0,-0.12688648681180076
LOCAL SERVICE@C18859,9,1.0,0.0,1,1.0,1.0,-0.12688648681180076
LOCAL SERVICE@C7579,9,1.0,0.0,1,1.0,1.0,-0.12688648681180076
LOCAL SERVICE@C3960,9,1.0,0.0,1,1.0,1.0,-0.12688648681180076
LOCAL SERVICE@C17033,9,1.0,0.0,1,1.0,1.0,-0.12688648681180076
LOCAL SERVICE@C17094,9,1.0,0.0,1,1.0,1.0,-0.12688648681180076
U3833@DOM1,9,1.0,0.0,1,1.0,1.0,-0.12688648681180076
LOCAL SERVICE@C4337,9,1.0,0.0,1,1.0,1.0,-0.12688648681180076
LOCAL SERVICE@C2716,9,1.0,0.0,1,1.0,1.0,-0.12688648681180076
LOCAL SERVICE@C2923,9,1.0,0.0,1,1.0,1.0,-0.12688648681180076
LOCAL SERVICE@C3252,9,1.0,0.0,1,1.0,1.0,-0.12688648681180076
ANONYMOUS LOGON@C1871,9,1.0,0.0,1,1.0,1.0,-0.12688648681180076
LOCAL SERVICE@C3595,9,1.0,0.0,1,1.0,1.0,-0.12688648681180076
LOCAL SERVICE@C3377,9,1.0,0.0,1,1.0,1.0,-0.12688648681180076
U10062@DOM1,9,1.0,0.0,1,1.0,1.0,-0.12688648681180076
ANONYMOUS LOGON@C4398,9,1.0,0.0,1,1.0,1.0,-0.12688648681180076
NETWORK SERVICE@C2949,9,1.0,0.0,1,1.0,1.0,-0.12688648681180076
NETWORK SERVICE@C2612,9,1.0,0.0,1,1.0,1.0,-0.12688648681180076
NETWORK SERVICE@C14878,9,1.0,0.0,1,1.0,1.0,-0.12688648681180076
ANONYMOUS LOGON@C3276,9,1.0,0.0,1,1.0,1.0,-0.12688648681180076
NETWORK SERVICE@C16979,9,1.0,0.0,1,1.0,1.0,-0.12688648681180076
NETWORK SERVICE@C2393,9,1.0,0.0,1,1.0,1.0,-0.12688648681180076
NETWORK SERVICE@C14271,9,1.0,0.0,1,1.0,1.0,-0.12688648681180076
U1534@C2148,9,1.0,0.0,1,1.0,1.0,-0.12688648681180076
NETWORK SERVICE@C5321,9,1.0,0.0,1,1.0,1.0,-0.12688648681180076
NETWORK SERVICE@C19142,9,1.0,0.0,1,1.0,1.0,-0.12688648681180076
NETWORK SERVICE@C19566,9,1.0,0.0,1,1.0,1.0,-0.12688648681180076
C5880$@DOM1,9,1.0,0.0,1,1.0,1.0,-0.12688648681180076
NETWORK SERVICE@C18180,9,1.0,0.0,1,1.0,1.0,-0.12688648681180076
ANONYMOUS LOGON@C4289,9,1.0,0.0,1,1.0,1.0,-0.12688648681180076
ANONYMOUS LOGON@C4180,9,1.0,0.0,1,1.0,1.0,-0.12688648681180076
NETWORK SERVICE@C10803,9,1.0,0.0,1,1.0,1.0,-0.12688648681180076
LOCAL SERVICE@C11238,9,1.0,0.0,1,1.0,1.0,-0.12688648681180076
LOCAL SERVICE@C6645,9,1.0,0.0,1,1.0,1.0,-0.12688648681180076
LOCAL SERVICE@C10345,9,1.0,0.0,1,1.0,1.0,-0.12688648681180076
NETWORK SERVICE@C6395,9,1.0,0.0,1,1.0,1.0,-0.12688648681180076
LOCAL SERVICE@C7744,9,1.0,0.0,1,1.0,1.0,-0.12688648681180076
LOCAL SERVICE@C9082,9,1.0,0.0,1,1.0,1.0,-0.12688648681180076
NETWORK SERVICE@C6586,9,1.0,0.0,1,1.0,1.0,-0.12688648681180076
LOCAL SERVICE@C13542,9,1.0,0.0,1,1.0,1.0,-0.12688648681180076
C11051$@DOM1,135,1.0,0.0,7,1.0,0.9851851851851852,-0.12690262051115153
C6349$@DOM1,135,1.0,0.0,7,1.0,0.9851851851851852,-0.12690262051115153
C9248$@DOM1,135,1.0,0.0,7,1.0,0.9851851851851852,-0.12690262051115153
C19705$@DOM1,225,1.0,0.0,7,1.0,0.9911111111111112,-0.12690985056069126
C34$@DOM1,186,1.0,0.0,8,1.0,0.989247311827957,-0.12691854206243075
C18292$@DOM1,186,1.0,0.0,8,1.0,0.989247311827957,-0.12691854206243075
C7258$@DOM1,186,1.0,0.0,8,1.0,0.989247311827957,-0.12691854206243075
C7601$@DOM1,186,1.0,0.0,8,1.0,0.989247311827957,-0.12691854206243075
C16665$@DOM1,186,1.0,0.0,8,1.0,0.989247311827957,-0.12691854206243075
C6223$@DOM1,248,1.0,0.0,7,1.0,0.9959677419354839,-0.12691987357466034
C6079$@DOM1,221,1.0,0.0,7,1.0,0.9909502262443439,-0.1269335825078961
C14262$@DOM1,176,1.0,0.0,8,1.0,0.9886363636363636,-0.12695806676778293
C25$@DOM1,158,1.0,0.0,9,1.0,0.9936708860759493,-0.12697014967504955
C13730$@DOM1,158,1.0,0.0,9,1.0,0.9936708860759493,-0.12697014967504955
C12866$@DOM1,158,1.0,0.0,9,1.0,0.9936708860759493,-0.12697014967504955
C631$@DOM1,87,1.0,0.0,6,1.0,0.9885057471264368,-0.12697587577342861
C18092$@DOM1,111,1.0,0.0,5,1.0,0.990990990990991,-0.1270210110782215
C15597$@DOM1,111,1.0,0.0,5,1.0,0.990990990990991,-0.1270210110782215
C15710$@DOM1,111,1.0,0.0,5,1.0,0.990990990990991,-0.1270210110782215
C1240$@DOM1,165,1.0,0.0,9,1.0,0.9939393939393939,-0.12702142952125256
C17849$@DOM1,165,1.0,0.0,9,1.0,0.9939393939393939,-0.12702142952125256
C18961$@DOM1,173,1.0,0.0,9,1.0,0.9942196531791907,-0.12702145118520386
C13395$@DOM1,171,1.0,0.0,9,1.0,0.9941520467836257,-0.12702655791293277
C21030$@DOM1,171,1.0,0.0,9,1.0,0.9941520467836257,-0.12702655791293277
C7460$@DOM1,171,1.0,0.0,9,1.0,0.9941520467836257,-0.12702655791293277
C16273$@DOM1,161,1.0,0.0,9,1.0,0.9937888198757764,-0.1270366642188821
C1020$@DOM1,235,1.0,0.0,9,1.0,1.0,-0.12704031929366388
C1865$@DOM1,235,1.0,0.0,9,1.0,1.0,-0.12704031929366388
C16581$@DOM1,235,1.0,0.0,9,1.0,1.0,-0.12704031929366388
C9373$@DOM1,233,1.0,0.0,9,1.0,1.0,-0.12704031929366388
C10107$@DOM1,214,1.0,0.0,5,1.0,0.9953271028037384,-0.12709599632566532
C7055$@DOM1,134,1.0,0.0,7,1.0,0.9850746268656716,-0.12711145041312338
C8492$@DOM1,134,1.0,0.0,7,1.0,0.9850746268656716,-0.12711145041312338
C665$@DOM1,134,1.0,0.0,7,1.0,0.9850746268656716,-0.12711145041312338
C13024$@DOM1,170,1.0,0.0,9,1.0,0.9941176470588236,-0.12714739252936735
C361$@DOM1,170,1.0,0.0,9,1.0,0.9941176470588236,-0.12714739252936735
C1958$@DOM1,269,1.0,0.0,7,1.0,1.0,-0.12714922225222647
C3210$@DOM1,162,1.0,0.0,9,1.0,0.9938271604938271,-0.1271649417040573
C18953$@DOM1,162,1.0,0.0,9,1.0,0.9938271604938271,-0.1271649417040573
C7127$@DOM1,130,1.0,0.0,6,1.0,0.9846153846153847,-0.12716913157324972
C7662$@DOM1,130,1.0,0.0,6,1.0,0.9846153846153847,-0.12716913157324972
C13650$@DOM1,129,1.0,0.0,6,1.0,0.9844961240310077,-0.12716913157324972
C17186$@DOM1,153,1.0,0.0,8,1.0,0.9869281045751634,-0.12717385998736502
C7272$@DOM1,153,1.0,0.0,8,1.0,0.9869281045751634,-0.12717385998736502
C1262$@DOM1,153,1.0,0.0,8,1.0,0.9869281045751634,-0.12717385998736502
C643$@DOM1,167,1.0,0.0,9,1.0,0.9940119760479041,-0.12717476087580976
C10358$@DOM1,167,1.0,0.0,9,1.0,0.9940119760479041,-0.12717476087580976
C14435$@DOM1,169,1.0,0.0,9,1.0,0.9940828402366864,-0.12717710871836552
C2293$@DOM1,169,1.0,0.0,9,1.0,0.9940828402366864,-0.12717710871836552
C769$@DOM1,169,1.0,0.0,9,1.0,0.9940828402366864,-0.12717710871836552
C8851$@DOM1,169,1.0,0.0,9,1.0,0.9940828402366864,-0.12717710871836552
C1309$@DOM1,153,1.0,0.0,9,1.0,0.9934640522875817,-0.1271779459718661
C1169$@DOM1,153,1.0,0.0,9,1.0,0.9934640522875817,-0.1271779459718661
C1593$@DOM1,168,1.0,0.0,9,1.0,0.9940476190476191,-0.1272499000837154
C773$@DOM1,168,1.0,0.0,9,1.0,0.9940476190476191,-0.1272499000837154
C1275$@DOM1,168,1.0,0.0,9,1.0,0.9940476190476191,-0.1272499000837154
C7225$@DOM1,154,1.0,0.0,8,1.0,0.987012987012987,-0.12725321773597903
C11101$@DOM1,154,1.0,0.0,8,1.0,0.987012987012987,-0.12725321773597903
C21276$@DOM1,112,1.0,0.0,5,1.0,0.9910714285714286,-0.12727582763146839
C15049$@DOM1,183,1.0,0.0,8,1.0,0.9890710382513661,-0.12729874890936826
C292$@DOM1,183,1.0,0.0,8,1.0,0.9890710382513661,-0.12729874890936826
C12966$@DOM1,174,1.0,0.0,8,1.0,0.9885057471264368,-0.12730141527216315
C13348$@DOM1,174,1.0,0.0,8,1.0,0.9885057471264368,-0.12730141527216315
C886$@DOM1,174,1.0,0.0,8,1.0,0.9885057471264368,-0.12730141527216315
C2082$@DOM1,132,1.0,0.0,6,1.0,0.9848484848484849,-0.1273271393171298
C14549$@DOM1,178,1.0,0.0,8,1.0,0.9887640449438202,-0.1273375703020751
U6499@DOM1,27,1.0,0.0,4,1.0,1.0,-0.12733918496250596
U5968@DOM1,27,1.0,0.0,4,1.0,1.0,-0.12733918496250596
U5912@DOM1,27,1.0,0.0,4,1.0,1.0,-0.12733918496250596
C6209$@DOM1,239,1.0,0.0,8,1.0,0.99581589958159,-0.12734987742219622
C21273$@DOM1,239,1.0,0.0,8,1.0,0.99581589958159,-0.12734987742219622
C1197$@DOM1,239,1.0,0.0,8,1.0,0.99581589958159,-0.12734987742219622
U9216@DOM1,40,1.0,0.0,9,1.0,1.0,-0.1273539723967691
C11225$@DOM1,214,1.0,0.0,6,1.0,0.9906542056074766,-0.1273665307624285
C1767$@DOM1,214,1.0,0.0,6,1.0,0.9906542056074766,-0.1273665307624285
C12281$@DOM1,182,1.0,0.0,8,1.0,0.989010989010989,-0.12737485653000574
C378$@DOM1,212,1.0,0.0,5,1.0,0.9952830188679245,-0.12738915133009765
C791$@DOM1,212,1.0,0.0,5,1.0,0.9952830188679245,-0.12738915133009765
C1682$@DOM1,212,1.0,0.0,5,1.0,0.9952830188679245,-0.12738915133009765
C17297$@DOM1,175,1.0,0.0,8,1.0,0.9885714285714285,-0.12742405031271864
C2507$@DOM1,175,1.0,0.0,8,1.0,0.9885714285714285,-0.12742405031271864
C13750$@DOM1,175,1.0,0.0,8,1.0,0.9885714285714285,-0.12742405031271864
C1128$@DOM1,175,1.0,0.0,8,1.0,0.9885714285714285,-0.12742405031271864
C7211$@DOM1,175,1.0,0.0,8,1.0,0.9885714285714285,-0.12742405031271864
C866$@DOM1,181,1.0,0.0,8,1.0,0.988950276243094,-0.12744570903552405
C792$@DOM1,181,1.0,0.0,8,1.0,0.988950276243094,-0.12744570903552405
C14012$@DOM1,180,1.0,0.0,8,1.0,0.9888888888888889,-0.12745248130446285
C10482$@DOM1,180,1.0,0.0,8,1.0,0.9888888888888889,-0.12745248130446285
C763$@DOM1,264,1.0,0.0,8,1.0,1.0,-0.1274765086594264
C5977$@DOM1,210,1.0,0.0,5,1.0,0.9952380952380953,-0.1274798490199407
C2466$@DOM1,246,1.0,0.0,7,1.0,0.9959349593495935,-0.1274806017218474
U2135@DOM9,6,1.0,0.0,5,1.0,1.0,-0.12748770607739507
U4227@DOM9,6,1.0,0.0,5,1.0,1.0,-0.12748770607739507
U1238@DOM1,232,1.0,0.0,9,1.0,1.0,-0.12749251840560244
C186$@DOM1,232,1.0,0.0,9,1.0,1.0,-0.12749251840560244
C847$@DOM1,231,1.0,0.0,9,1.0,1.0,-0.12749251840560244
U6135@DOM1,196,1.0,0.0,4,1.0,1.0,-0.12749406596493323
C14812$@DOM1,196,1.0,0.0,4,1.0,1.0,-0.12749406596493323
C2679$@DOM1,196,1.0,0.0,4,1.0,1.0,-0.12749406596493323
U4930@DOM1,28,1.0,0.0,4,1.0,1.0,-0.1274961396856406
U9360@DOM1,28,1.0,0.0,4,1.0,1.0,-0.1274961396856406
U9054@DOM1,28,1.0,0.0,4,1.0,1.0,-0.1274961396856406
U6402@DOM1,28,1.0,0.0,4,1.0,1.0,-0.1274961396856406
C2689$@DOM1,259,1.0,0.0,6,1.0,1.0,-0.12757933917302283
C10326$@DOM1,206,1.0,0.0,5,1.0,0.9951456310679612,-0.127598593818821
C1071$@DOM1,109,1.0,0.0,8,1.0,0.9908256880733946,-0.12760428174255967
C1064$@DOM1,109,1.0,0.0,8,1.0,0.9908256880733946,-0.12760428174255967
U3845@DOM1,29,1.0,0.0,4,1.0,1.0,-0.12761990625261221
U3136@DOM1,29,1.0,0.0,4,1.0,1.0,-0.12761990625261221
U6388@DOM1,29,1.0,0.0,4,1.0,1.0,-0.12761990625261221
U3328@DOM1,29,1.0,0.0,4,1.0,1.0,-0.12761990625261221
C19096$@DOM1,267,1.0,0.0,7,1.0,1.0,-0.1276265444209282
C8013$@DOM1,267,1.0,0.0,7,1.0,1.0,-0.1276265444209282
C9542$@DOM1,207,1.0,0.0,5,1.0,0.9951690821256038,-0.12764654788173235
C8555$@DOM1,207,1.0,0.0,5,1.0,0.9951690821256038,-0.12764654788173235
C11740$@DOM1,207,1.0,0.0,5,1.0,0.9951690821256038,-0.12764654788173235
C16189$@DOM1,238,1.0,0.0,6,1.0,0.9957983193277311,-0.12765136601468408
C18678$@DOM1,238,1.0,0.0,6,1.0,0.9957983193277311,-0.12765136601468408
C6139$@DOM1,238,1.0,0.0,6,1.0,0.9957983193277311,-0.12765136601468408
C14685$@DOM1,133,1.0,0.0,6,1.0,0.9849624060150376,-0.12765439072325346
C513$@DOM1,133,1.0,0.0,6,1.0,0.9849624060150376,-0.12765439072325346
C11946$@DOM1,133,1.0,0.0,6,1.0,0.9849624060150376,-0.12765439072325346
C3384$@DOM1,235,1.0,0.0,5,1.0,1.0,-0.1276817759666306
C4645$@DOM1,255,1.0,0.0,6,1.0,1.0,-0.12770185067158785
C6175$@DOM1,255,1.0,0.0,6,1.0,1.0,-0.12770185067158785
C7444$@DOM1,131,1.0,0.0,6,1.0,0.9847328244274809,-0.12771878011611226
C892$@DOM1,136,1.0,0.0,7,1.0,0.9852941176470589,-0.12772246714548563
C10946$@DOM1,136,1.0,0.0,7,1.0,0.9852941176470589,-0.12772246714548563
C13803$@DOM1,233,1.0,0.0,5,1.0,1.0,-0.12773168816008956
C15068$@DOM1,233,1.0,0.0,5,1.0,1.0,-0.12773168816008956
C17835$@DOM1,233,1.0,0.0,5,1.0,1.0,-0.12773168816008956
C6127$@DOM1,208,1.0,0.0,6,1.0,0.9903846153846154,-0.12773313622436389
C934$@DOM1,208,1.0,0.0,6,1.0,0.9903846153846154,-0.12773313622436389
C16295$@DOM1,257,1.0,0.0,6,1.0,1.0,-0.12776309396090701
C93$@DOM1,113,1.0,0.0,5,1.0,0.9911504424778761,-0.1277723341777528
C14409$@DOM1,172,1.0,0.0,8,1.0,0.9883720930232558,-0.1278454658771644
C7069$@DOM1,172,1.0,0.0,8,1.0,0.9883720930232558,-0.1278454658771644
C17943$@DOM1,172,1.0,0.0,8,1.0,0.9883720930232558,-0.1278454658771644
C12156$@DOM1,172,1.0,0.0,8,1.0,0.9883720930232558,-0.1278454658771644
U7342@DOM9,12,1.0,0.0,5,1.0,1.0,-0.12785708345963803
C2553$@DOM1,12,1.0,0.0,5,1.0,1.0,-0.12785708345963803
U5712@DOM1,41,1.0,0.0,9,1.0,1.0,-0.12785888802248113
C8715$@DOM1,157,1.0,0.0,8,1.0,0.9872611464968153,-0.12787760379894053
C20647$@DOM1,157,1.0,0.0,8,1.0,0.9872611464968153,-0.12787760379894053
C9527$@DOM1,157,1.0,0.0,8,1.0,0.9872611464968153,-0.12787760379894053
C19215$@DOM1,219,1.0,0.0,7,1.0,0.9908675799086758,-0.12795298829597768
C7614$@DOM1,88,1.0,0.0,6,1.0,0.9886363636363636,-0.12800007991258255
C6435$@DOM1,204,1.0,0.0,5,1.0,0.9950980392156863,-0.1280243029458295
C838$@DOM1,216,1.0,0.0,7,1.0,0.9907407407407407,-0.12804285585403075
C1214$@DOM1,158,1.0,0.0,8,1.0,0.9873417721518988,-0.1280564640916526
C8028$@DOM1,158,1.0,0.0,8,1.0,0.9873417721518988,-0.1280564640916526
C19620$@DOM1,158,1.0,0.0,8,1.0,0.9873417721518988,-0.1280564640916526
C10045$@DOM1,237,1.0,0.0,6,1.0,0.9957805907172996,-0.1280865859834534
C15193$@DOM1,237,1.0,0.0,6,1.0,0.9957805907172996,-0.1280865859834534
C20000$@DOM1,237,1.0,0.0,6,1.0,0.9957805907172996,-0.1280865859834534
C617$@DOM1,184,1.0,0.0,8,1.0,0.9891304347826086,-0.12810165026476172
C16746$@DOM1,184,1.0,0.0,8,1.0,0.9891304347826086,-0.12810165026476172
C1667$@DOM1,184,1.0,0.0,8,1.0,0.9891304347826086,-0.12810165026476172
C9549$@DOM1,209,1.0,0.0,6,1.0,0.9904306220095693,-0.1281034899254353
C7993$@DOM1,207,1.0,0.0,6,1.0,0.9903381642512077,-0.1281751373838309
C335$@DOM1,207,1.0,0.0,6,1.0,0.9903381642512077,-0.1281751373838309
C12778$@DOM1,163,1.0,0.0,8,1.0,0.9877300613496932,-0.12821504755220564
C10874$@DOM1,163,1.0,0.0,8,1.0,0.9877300613496932,-0.12821504755220564
C15392$@DOM1,163,1.0,0.0,8,1.0,0.9877300613496932,-0.12821504755220564
C6060$@DOM1,163,1.0,0.0,8,1.0,0.9877300613496932,-0.12821504755220564
C10462$@DOM1,163,1.0,0.0,8,1.0,0.9877300613496932,-0.12821504755220564
C7316$@DOM1,163,1.0,0.0,8,1.0,0.9877300613496932,-0.12821504755220564
C19057$@DOM1,163,1.0,0.0,8,1.0,0.9877300613496932,-0.12821504755220564
C715$@DOM1,163,1.0,0.0,8,1.0,0.9877300613496932,-0.12821504755220564
C13132$@DOM1,200,1.0,0.0,5,1.0,0.995,-0.12822219591724526
C8155$@DOM1,164,1.0,0.0,8,1.0,0.9878048780487805,-0.12823456052814075
U4072@DOM9,14,1.0,0.0,5,1.0,1.0,-0.1283207753216833
C13302$@DOM1,229,1.0,0.0,9,1.0,1.0,-0.12834481181123997
C2427$@DOM1,228,1.0,0.0,9,1.0,1.0,-0.12834481181123997
C1725$@DOM1,229,1.0,0.0,9,1.0,1.0,-0.12834481181123997
C14375$@DOM1,201,1.0,0.0,5,1.0,0.9950248756218906,-0.12835450285610828
C7677$@DOM1,254,1.0,0.0,6,1.0,1.0,-0.1283612993694464
C16792$@DOM1,254,1.0,0.0,6,1.0,1.0,-0.1283612993694464
C11727$@DOM1,236,1.0,0.0,6,1.0,0.9957627118644068,-0.12842115789714825
C15214$@DOM1,236,1.0,0.0,6,1.0,0.9957627118644068,-0.12842115789714825
C7041$@DOM1,236,1.0,0.0,6,1.0,0.9957627118644068,-0.12842115789714825
C10417$@DOM1,236,1.0,0.0,6,1.0,0.9957627118644068,-0.12842115789714825
C6253$@DOM1,236,1.0,0.0,6,1.0,0.9957627118644068,-0.12842115789714825
C11441$@DOM1,170,1.0,0.0,8,1.0,0.9882352941176471,-0.12843434739264686
C19084$@DOM1,170,1.0,0.0,8,1.0,0.9882352941176471,-0.12843434739264686
C11257$@DOM1,170,1.0,0.0,8,1.0,0.9882352941176471,-0.12843434739264686
C17548$@DOM1,170,1.0,0.0,8,1.0,0.9882352941176471,-0.12843434739264686
C4555$@DOM1,170,1.0,0.0,8,1.0,0.9882352941176471,-0.12843434739264686
U4588@DOM1,43,1.0,0.0,9,1.0,1.0,-0.1284610097509834
U100@DOM1,43,1.0,0.0,9,1.0,1.0,-0.1284610097509834
U7493@DOM1,42,1.0,0.0,9,1.0,1.0,-0.1284610097509834
C254$@DOM1,206,1.0,0.0,6,1.0,0.9902912621359223,-0.128493438168938
C813$@DOM1,206,1.0,0.0,6,1.0,0.9902912621359223,-0.128493438168938
C8947$@DOM1,166,1.0,0.0,8,1.0,0.9879518072289156,-0.12849475372397556
C929$@DOM1,166,1.0,0.0,8,1.0,0.9879518072289156,-0.12849475372397556
C172$@DOM1,166,1.0,0.0,8,1.0,0.9879518072289156,-0.12849475372397556
C10972$@DOM1,165,1.0,0.0,8,1.0,0.9878787878787879,-0.1285575872511896
C11376$@DOM1,137,1.0,0.0,7,1.0,0.9854014598540146,-0.1286183526394693
C18487$@DOM1,137,1.0,0.0,7,1.0,0.9854014598540146,-0.1286183526394693
C9510$@DOM1,137,1.0,0.0,7,1.0,0.9854014598540146,-0.1286183526394693
C8917$@DOM1,237,1.0,0.0,8,1.0,0.9957805907172996,-0.12871833392361998
C998$@DOM1,237,1.0,0.0,8,1.0,0.9957805907172996,-0.12871833392361998
C184$@DOM1,167,1.0,0.0,8,1.0,0.9880239520958084,-0.12872682813180458
C11042$@DOM1,167,1.0,0.0,8,1.0,0.9880239520958084,-0.12872682813180458
C1323$@DOM1,167,1.0,0.0,8,1.0,0.9880239520958084,-0.12872682813180458
C692$@DOM1,167,1.0,0.0,8,1.0,0.9880239520958084,-0.12872682813180458
C15335$@DOM1,167,1.0,0.0,8,1.0,0.9880239520958084,-0.12872682813180458
C16324$@DOM1,159,1.0,0.0,8,1.0,0.9874213836477987,-0.1287701971402489
C10614$@DOM1,159,1.0,0.0,8,1.0,0.9874213836477987,-0.1287701971402489
C8135$@DOM1,112,1.0,0.0,8,1.0,0.9910714285714286,-0.128803937092134
C14319$@DOM1,112,1.0,0.0,8,1.0,0.9910714285714286,-0.128803937092134
C1086$@DOM1,227,1.0,0.0,9,1.0,1.0,-0.1288268993032083
C840$@DOM1,111,1.0,0.0,8,1.0,0.990990990990991,-0.12885740577200033
C1118$@DOM1,161,1.0,0.0,8,1.0,0.9875776397515528,-0.12888847252252555
C546$@DOM1,161,1.0,0.0,8,1.0,0.9875776397515528,-0.12888847252252555
C9723$@DOM1,160,1.0,0.0,8,1.0,0.9875,-0.12888847252252555
C1055$@DOM1,160,1.0,0.0,8,1.0,0.9875,-0.12888847252252555
C11669$@DOM1,160,1.0,0.0,8,1.0,0.9875,-0.12888847252252555
C11405$@DOM1,135,1.0,0.0,6,1.0,0.9851851851851852,-0.12890016720774689
U277@DOM1,30,1.0,0.0,4,1.0,1.0,-0.12896469241070113
U8460@DOM1,30,1.0,0.0,4,1.0,1.0,-0.12896469241070113
U6926@DOM1,30,1.0,0.0,4,1.0,1.0,-0.12896469241070113
U3851@DOM1,30,1.0,0.0,4,1.0,1.0,-0.12896469241070113
U6306@DOM1,30,1.0,0.0,4,1.0,1.0,-0.12896469241070113
C12766$@DOM1,138,1.0,0.0,7,1.0,0.9855072463768116,-0.12901365962916056
C13142$@DOM1,138,1.0,0.0,7,1.0,0.9855072463768116,-0.12901365962916056
C8157$@DOM1,138,1.0,0.0,7,1.0,0.9855072463768116,-0.12901365962916056
C1104$@DOM1,138,1.0,0.0,7,1.0,0.9855072463768116,-0.12901365962916056
C1053$@DOM1,245,1.0,0.0,7,1.0,0.9959183673469387,-0.1290447851383651
C7113$@DOM1,245,1.0,0.0,7,1.0,0.9959183673469387,-0.1290447851383651
C14119$@DOM1,245,1.0,0.0,7,1.0,0.9959183673469387,-0.1290447851383651
C206$@DOM1,134,1.0,0.0,6,1.0,0.9850746268656716,-0.12910787904375587
C7446$@DOM1,134,1.0,0.0,6,1.0,0.9850746268656716,-0.12910787904375587
C15028$@DOM1,134,1.0,0.0,6,1.0,0.9850746268656716,-0.12910787904375587
C12661$@DOM1,134,1.0,0.0,6,1.0,0.9850746268656716,-0.12910787904375587
C17694$@DOM1,134,1.0,0.0,6,1.0,0.9850746268656716,-0.12910787904375587
C453$@DOM1,236,1.0,0.0,8,1.0,0.9957627118644068,-0.12911507674103362
C19068$@DOM1,236,1.0,0.0,8,1.0,0.9957627118644068,-0.12911507674103362
C14059$@DOM1,236,1.0,0.0,8,1.0,0.9957627118644068,-0.12911507674103362
C124$@DOM1,236,1.0,0.0,8,1.0,0.9957627118644068,-0.12911507674103362
C1208$@DOM1,236,1.0,0.0,8,1.0,0.9957627118644068,-0.12911507674103362
C18369$@DOM1,236,1.0,0.0,8,1.0,0.9957627118644068,-0.12911507674103362
C9328$@DOM1,236,1.0,0.0,8,1.0,0.9957627118644068,-0.12911507674103362
C4509$@DOM1,192,1.0,0.0,4,1.0,1.0,-0.1291338504718909
C11086$@DOM1,162,1.0,0.0,8,1.0,0.9876543209876543,-0.12915977779865134
C2556$@DOM1,162,1.0,0.0,8,1.0,0.9876543209876543,-0.12915977779865134
C7826$@DOM1,162,1.0,0.0,8,1.0,0.9876543209876543,-0.12915977779865134
C10597$@DOM1,162,1.0,0.0,8,1.0,0.9876543209876543,-0.12915977779865134
U6073@DOM1,189,1.0,0.0,4,1.0,1.0,-0.1291965759072185
C846$@DOM1,136,1.0,0.0,6,1.0,0.9852941176470589,-0.1292266469872433
C6487$@DOM1,136,1.0,0.0,6,1.0,0.9852941176470589,-0.1292266469872433
C11134$@DOM1,204,1.0,0.0,6,1.0,0.9901960784313726,-0.12923715303818673
C10939$@DOM1,264,1.0,0.0,7,1.0,1.0,-0.1292498459992576
C15102$@DOM1,264,1.0,0.0,7,1.0,1.0,-0.1292498459992576
C20662$@DOM1,224,1.0,0.0,9,1.0,1.0,-0.1292633565303007
C2235$@DOM1,225,1.0,0.0,9,1.0,1.0,-0.1292633565303007
C659$@DOM1,222,1.0,0.0,9,1.0,1.0,-0.12930253790252094
U9439@DOM1,44,1.0,0.0,9,1.0,1.0,-0.12935991982588696
C9910$@DOM1,113,1.0,0.0,8,1.0,0.9911504424778761,-0.12949691441473848
C18540$@DOM1,113,1.0,0.0,8,1.0,0.9911504424778761,-0.12949691441473848
C12742$@DOM1,201,1.0,0.0,6,1.0,0.9900497512437811,-0.12952041830626154
C14290$@DOM1,201,1.0,0.0,6,1.0,0.9900497512437811,-0.12952041830626154
C19029$@DOM1,201,1.0,0.0,6,1.0,0.9900497512437811,-0.12952041830626154
C8782$@DOM1,212,1.0,0.0,7,1.0,0.9905660377358491,-0.1295439220421773
C3433$@DOM1,139,1.0,0.0,7,1.0,0.9856115107913669,-0.12957730018575403
C19776$@DOM1,139,1.0,0.0,7,1.0,0.9856115107913669,-0.12957730018575403
C17618$@DOM1,202,1.0,0.0,6,1.0,0.9900990099009901,-0.12958307836049215
C18682$@DOM1,196,1.0,0.0,5,1.0,0.9948979591836735,-0.12965418434427572
C16241$@DOM1,196,1.0,0.0,5,1.0,0.9948979591836735,-0.12965418434427572
C13340$@DOM1,197,1.0,0.0,5,1.0,0.9949238578680203,-0.12965604082457494
C15257$@DOM1,197,1.0,0.0,5,1.0,0.9949238578680203,-0.12965604082457494
C2811$@DOM1,198,1.0,0.0,5,1.0,0.9949494949494949,-0.12965604082457494
C896$@DOM1,214,1.0,0.0,7,1.0,0.9906542056074766,-0.12966729625823342
C19088$@DOM1,214,1.0,0.0,7,1.0,0.9906542056074766,-0.12966729625823342
U31@DOM1,231,1.0,0.0,5,1.0,1.0,-0.12969581487375653
C12133$@DOM1,250,1.0,0.0,6,1.0,1.0,-0.12971011079415673
C11001$@DOM1,250,1.0,0.0,6,1.0,1.0,-0.12971011079415673
C10474$@DOM1,250,1.0,0.0,6,1.0,1.0,-0.12971011079415673
C16494$@DOM1,244,1.0,0.0,7,1.0,0.9959016393442623,-0.12972242262533162
C12663$@DOM1,244,1.0,0.0,7,1.0,0.9959016393442623,-0.12972242262533162
C21454$@DOM1,244,1.0,0.0,7,1.0,0.9959016393442623,-0.12972242262533162
C13764$@DOM1,235,1.0,0.0,6,1.0,0.9957446808510638,-0.12980790169130463
C16623$@DOM1,235,1.0,0.0,6,1.0,0.9957446808510638,-0.12980790169130463
C3532$@DOM1,234,1.0,0.0,8,1.0,0.9957264957264957,-0.12985762917732557
C8327$@DOM1,234,1.0,0.0,8,1.0,0.9957264957264957,-0.12985762917732557
C6761$@DOM1,243,1.0,0.0,7,1.0,0.9958847736625515,-0.12993464881203043
C6431$@DOM1,243,1.0,0.0,7,1.0,0.9958847736625515,-0.12993464881203043
C19701$@DOM1,242,1.0,0.0,7,1.0,0.9958677685950413,-0.1299476303687021
C6283$@DOM1,241,1.0,0.0,7,1.0,0.995850622406639,-0.1299476303687021
C19406$@DOM1,241,1.0,0.0,7,1.0,0.995850622406639,-0.1299476303687021
C5635$@DOM1,140,1.0,0.0,7,1.0,0.9857142857142858,-0.1299528802062263
C12199$@DOM1,140,1.0,0.0,7,1.0,0.9857142857142858,-0.1299528802062263
C13010$@DOM1,140,1.0,0.0,7,1.0,0.9857142857142858,-0.1299528802062263
C10988$@DOM1,96,1.0,0.0,6,1.0,0.9895833333333334,-0.129957628475242
C1099$@DOM1,96,1.0,0.0,6,1.0,0.9895833333333334,-0.129957628475242
C9130$@DOM1,234,1.0,0.0,6,1.0,0.9957264957264957,-0.12998981482028898
C10063$@DOM1,234,1.0,0.0,6,1.0,0.9957264957264957,-0.12998981482028898
C6225$@DOM1,17,1.0,0.0,5,1.0,1.0,-0.13002390800062202
C1462$@DOM1,114,1.0,0.0,8,1.0,0.9912280701754386,-0.13006514868278374
U10222@DOM1,186,1.0,0.0,4,1.0,1.0,-0.1300966326592921
C7936$@DOM1,137,1.0,0.0,6,1.0,0.9854014598540146,-0.13011292833052035
C15027$@DOM1,137,1.0,0.0,6,1.0,0.9854014598540146,-0.13011292833052035
C10035$@DOM1,137,1.0,0.0,6,1.0,0.9854014598540146,-0.13011292833052035
C7960$@DOM1,137,1.0,0.0,6,1.0,0.9854014598540146,-0.13011292833052035
C8908$@DOM1,137,1.0,0.0,6,1.0,0.9854014598540146,-0.13011292833052035
C9138$@DOM1,137,1.0,0.0,6,1.0,0.9854014598540146,-0.13011292833052035
C939$@DOM1,137,1.0,0.0,6,1.0,0.9854014598540146,-0.13011292833052035
C16899$@DOM1,254,1.0,0.0,8,1.0,1.0,-0.13016400980223375
C7154$@DOM1,138,1.0,0.0,6,1.0,0.9855072463768116,-0.130175488172183
C12808$@DOM1,138,1.0,0.0,6,1.0,0.9855072463768116,-0.130175488172183
C286$@DOM1,233,1.0,0.0,6,1.0,0.9957081545064378,-0.1302097893642522
C17$@DOM1,233,1.0,0.0,8,1.0,0.9957081545064378,-0.13021577548086366
C226$@DOM1,233,1.0,0.0,8,1.0,0.9957081545064378,-0.13021577548086366
C21323$@DOM1,233,1.0,0.0,8,1.0,0.9957081545064378,-0.13021577548086366
C15001$@DOM1,195,1.0,0.0,5,1.0,0.9948717948717949,-0.13026959540819427
C11153$@DOM1,95,1.0,0.0,7,1.0,0.9894736842105263,-0.13028100966337447
C10333$@DOM1,97,1.0,0.0,6,1.0,0.9896907216494846,-0.1303499863897849
C1633$@DOM1,209,1.0,0.0,7,1.0,0.9904306220095693,-0.1303815621315137
C17682$@DOM1,198,1.0,0.0,6,1.0,0.98989898989899,-0.13041213083552405
C16689$@DOM1,139,1.0,0.0,6,1.0,0.9856115107913669,-0.1304137642796923
C2513$@DOM1,220,1.0,0.0,9,1.0,1.0,-0.13042373524474027
C3850$@DOM1,185,1.0,0.0,4,1.0,1.0,-0.1304343405999584
C6247$@DOM1,194,1.0,0.0,5,1.0,0.9948453608247423,-0.13052114427864453
U5934@DOM1,18,1.0,0.0,5,1.0,1.0,-0.13054644258395454
U10194@DOM1,18,1.0,0.0,5,1.0,1.0,-0.13054644258395454
C17160$@DOM1,141,1.0,0.0,7,1.0,0.9858156028368794,-0.13055565619321707
C10642$@DOM1,141,1.0,0.0,7,1.0,0.9858156028368794,-0.13055565619321707
C3745$@DOM1,240,1.0,0.0,7,1.0,0.9958333333333333,-0.1306080042868753
C1788$@DOM1,253,1.0,0.0,8,1.0,1.0,-0.13066401671029332
C1772$@DOM1,115,1.0,0.0,5,1.0,0.991304347826087,-0.1306647009347967
C15862$@DOM1,115,1.0,0.0,5,1.0,0.991304347826087,-0.1306647009347967
C20952$@DOM1,115,1.0,0.0,5,1.0,0.991304347826087,-0.1306647009347967
C11761$@DOM1,200,1.0,0.0,7,1.0,0.99,-0.1306669312807343
C175$@DOM1,140,1.0,0.0,6,1.0,0.9857142857142858,-0.13071500769775057
C8151$@DOM1,140,1.0,0.0,6,1.0,0.9857142857142858,-0.13071500769775057
C8941$@DOM1,140,1.0,0.0,6,1.0,0.9857142857142858,-0.13071500769775057
C1216$@DOM1,140,1.0,0.0,6,1.0,0.9857142857142858,-0.13071500769775057
C18846$@DOM1,140,1.0,0.0,6,1.0,0.9857142857142858,-0.13071500769775057
C435$@DOM1,140,1.0,0.0,6,1.0,0.9857142857142858,-0.13071500769775057
U2465@DOM1,31,1.0,0.0,4,1.0,1.0,-0.13071954678297354
U3822@DOM1,31,1.0,0.0,4,1.0,1.0,-0.13071954678297354
U913@DOM1,31,1.0,0.0,4,1.0,1.0,-0.13071954678297354
U4854@DOM1,31,1.0,0.0,4,1.0,1.0,-0.13071954678297354
U730@DOM1,31,1.0,0.0,4,1.0,1.0,-0.13071954678297354
C19755$@DOM1,239,1.0,0.0,7,1.0,0.99581589958159,-0.1307329459368295
C784$@DOM1,260,1.0,0.0,7,1.0,1.0,-0.13074800916654467
C13239$@DOM1,232,1.0,0.0,6,1.0,0.9956896551724138,-0.13078446751137263
C9258$@DOM1,232,1.0,0.0,6,1.0,0.9956896551724138,-0.13078446751137263
C36$@DOM1,232,1.0,0.0,8,1.0,0.9956896551724138,-0.13079044432516768
C9927$@DOM1,231,1.0,0.0,8,1.0,0.9956709956709957,-0.13079044432516768
C11545$@DOM1,231,1.0,0.0,8,1.0,0.9956709956709957,-0.13079044432516768
C16375$@DOM1,232,1.0,0.0,8,1.0,0.9956896551724138,-0.13079044432516768
C18526$@DOM1,193,1.0,0.0,5,1.0,0.9948186528497409,-0.1308445273661406
U7365@DOM1,46,1.0,0.0,9,1.0,1.0,-0.1308579621153632
C3026$@DOM1,98,1.0,0.0,6,1.0,0.9897959183673469,-0.13086719982010936
C1528$@DOM1,98,1.0,0.0,6,1.0,0.9897959183673469,-0.13086719982010936
C1840$@DOM1,98,1.0,0.0,6,1.0,0.9897959183673469,-0.13086719982010936
C14469$@DOM1,251,1.0,0.0,8,1.0,1.0,-0.1309182085222615
C11787$@DOM1,251,1.0,0.0,8,1.0,1.0,-0.1309182085222615
C1134$@DOM1,251,1.0,0.0,8,1.0,1.0,-0.1309182085222615
C1457$@DOM1,219,1.0,0.0,9,1.0,1.0,-0.1309454031192559
C9136$@DOM1,192,1.0,0.0,5,1.0,0.9947916666666666,-0.13097206743467482
C9152$@DOM1,192,1.0,0.0,5,1.0,0.9947916666666666,-0.13097206743467482
C10790$@DOM1,192,1.0,0.0,5,1.0,0.9947916666666666,-0.13097206743467482
C20065$@DOM1,192,1.0,0.0,5,1.0,0.9947916666666666,-0.13097206743467482
C11029$@DOM1,206,1.0,0.0,7,1.0,0.9902912621359223,-0.1310510693254528
C8047$@DOM1,116,1.0,0.0,5,1.0,0.9913793103448276,-0.13113873904868956
C19346$@DOM1,116,1.0,0.0,5,1.0,0.9913793103448276,-0.13113873904868956
C19622$@DOM1,201,1.0,0.0,7,1.0,0.9900497512437811,-0.1311613416665502
C19219$@DOM1,142,1.0,0.0,7,1.0,0.9859154929577465,-0.1311728131210294
C9006$@DOM1,142,1.0,0.0,7,1.0,0.9859154929577465,-0.1311728131210294
C10154$@DOM1,142,1.0,0.0,7,1.0,0.9859154929577465,-0.1311728131210294
C7859$@DOM1,142,1.0,0.0,7,1.0,0.9859154929577465,-0.1311728131210294
C1246$@DOM1,100,1.0,0.0,6,1.0,0.99,-0.13119600220550537
C5606$@DOM1,32,1.0,0.0,4,1.0,1.0,-0.1312131211874069
U8709@DOM1,32,1.0,0.0,4,1.0,1.0,-0.1312131211874069
U688@DOM1,32,1.0,0.0,4,1.0,1.0,-0.1312131211874069
U4187@DOM1,32,1.0,0.0,4,1.0,1.0,-0.1312131211874069
C13754$@DOM1,217,1.0,0.0,9,1.0,1.0,-0.13121889765690598
C4780$@DOM1,217,1.0,0.0,9,1.0,1.0,-0.13121889765690598
C1348$@DOM1,199,1.0,0.0,7,1.0,0.9899497487437185,-0.13122876842564507
C13983$@DOM1,199,1.0,0.0,7,1.0,0.9899497487437185,-0.13122876842564507
C17590$@DOM1,199,1.0,0.0,7,1.0,0.9899497487437185,-0.13122876842564507
C4267$@DOM1,199,1.0,0.0,7,1.0,0.9899497487437185,-0.13122876842564507
C1100$@DOM1,199,1.0,0.0,7,1.0,0.9899497487437185,-0.13122876842564507
C17538$@DOM1,249,1.0,0.0,8,1.0,1.0,-0.13124526187677604
C21095$@DOM1,231,1.0,0.0,6,1.0,0.9956709956709957,-0.13131950217195604
C9988$@DOM1,189,1.0,0.0,6,1.0,0.9894179894179894,-0.1313723791810888
C13119$@DOM1,189,1.0,0.0,6,1.0,0.9894179894179894,-0.1313723791810888
C1335$@DOM1,141,1.0,0.0,6,1.0,0.9858156028368794,-0.1313788985141366
C18551$@DOM1,141,1.0,0.0,6,1.0,0.9858156028368794,-0.1313788985141366
C757$@DOM1,97,1.0,0.0,7,1.0,0.9896907216494846,-0.13144096808816563
C13296$@DOM1,97,1.0,0.0,7,1.0,0.9896907216494846,-0.13144096808816563
C1740$@DOM1,216,1.0,0.0,9,1.0,1.0,-0.13150816550975253
C646$@DOM1,216,1.0,0.0,9,1.0,1.0,-0.13150816550975253
C8935$@DOM1,228,1.0,0.0,5,1.0,1.0,-0.13155235266475485
C1641$@DOM1,228,1.0,0.0,5,1.0,1.0,-0.13155235266475485
C21469$@DOM1,203,1.0,0.0,7,1.0,0.9901477832512315,-0.13155874156871616
C12812$@DOM1,196,1.0,0.0,6,1.0,0.9897959183673469,-0.13156618341658338
U682@DOM1,33,1.0,0.0,4,1.0,1.0,-0.13157466984557697
C12416$@DOM1,192,1.0,0.0,6,1.0,0.9895833333333334,-0.13157722128074512
C8945$@DOM1,192,1.0,0.0,6,1.0,0.9895833333333334,-0.13157722128074512
C21019$@DOM1,189,1.0,0.0,5,1.0,0.9947089947089947,-0.13159063573081142
C20369$@DOM1,204,1.0,0.0,7,1.0,0.9901960784313726,-0.13161012596497734
C14431$@DOM1,204,1.0,0.0,7,1.0,0.9901960784313726,-0.13161012596497734
C18634$@DOM1,255,1.0,0.0,7,1.0,1.0,-0.13161846575627129
C10757$@DOM1,238,1.0,0.0,7,1.0,0.9957983193277311,-0.1316216169846106
C16594$@DOM1,238,1.0,0.0,7,1.0,0.9957983193277311,-0.1316216169846106
C8205$@DOM1,238,1.0,0.0,7,1.0,0.9957983193277311,-0.1316216169846106
C10829$@DOM1,238,1.0,0.0,7,1.0,0.9957983193277311,-0.1316216169846106
C8668$@DOM1,101,1.0,0.0,6,1.0,0.9900990099009901,-0.13163759284090254
C5653$@DOM1,101,1.0,0.0,6,1.0,0.9900990099009901,-0.13163759284090254
C21491$@DOM1,101,1.0,0.0,6,1.0,0.9900990099009901,-0.13163759284090254
U149@DOM1,215,1.0,0.0,9,1.0,1.0,-0.1316515695793135
C8032$@DOM1,187,1.0,0.0,6,1.0,0.9893048128342246,-0.1316570467310294
C17806$@DOM1,190,1.0,0.0,5,1.0,0.9947368421052631,-0.13167586985712515
C7628$@DOM1,190,1.0,0.0,5,1.0,0.9947368421052631,-0.13167586985712515
C10163$@DOM1,190,1.0,0.0,5,1.0,0.9947368421052631,-0.13167586985712515
C465$@DOM1,98,1.0,0.0,7,1.0,0.9897959183673469,-0.1316835873268285
C2792$@DOM1,98,1.0,0.0,7,1.0,0.9897959183673469,-0.1316835873268285
ANONYMOUS LOGON@C20254,8,1.0,0.0,1,1.0,1.0,-0.1316869688363792
ANONYMOUS LOGON@C12419,8,1.0,0.0,1,1.0,1.0,-0.1316869688363792
ANONYMOUS LOGON@C306,8,1.0,0.0,1,1.0,1.0,-0.1316869688363792
ANONYMOUS LOGON@C2043,8,1.0,0.0,1,1.0,1.0,-0.1316869688363792
ANONYMOUS LOGON@C2825,8,1.0,0.0,1,1.0,1.0,-0.1316869688363792
LOCAL SERVICE@C13446,8,1.0,0.0,1,1.0,1.0,-0.1316869688363792
LOCAL SERVICE@C14792,8,1.0,0.0,1,1.0,1.0,-0.1316869688363792
LOCAL SERVICE@C16160,8,1.0,0.0,1,1.0,1.0,-0.1316869688363792
LOCAL SERVICE@C14245,8,1.0,0.0,1,1.0,1.0,-0.1316869688363792
LOCAL SERVICE@C12704,8,1.0,0.0,1,1.0,1.0,-0.1316869688363792
LOCAL SERVICE@C14189,8,1.0,0.0,1,1.0,1.0,-0.1316869688363792
LOCAL SERVICE@C10056,8,1.0,0.0,1,1.0,1.0,-0.1316869688363792
LOCAL SERVICE@C10349,8,1.0,0.0,1,1.0,1.0,-0.1316869688363792
LOCAL SERVICE@C11334,8,1.0,0.0,1,1.0,1.0,-0.1316869688363792
LOCAL SERVICE@C11908,8,1.0,0.0,1,1.0,1.0,-0.1316869688363792
LOCAL SERVICE@C10095,8,1.0,0.0,1,1.0,1.0,-0.1316869688363792
ANONYMOUS LOGON@C9696,8,1.0,0.0,1,1.0,1.0,-0.1316869688363792
ANONYMOUS LOGON@C5618,8,1.0,0.0,1,1.0,1.0,-0.1316869688363792
LOCAL SERVICE@C13014,8,1.0,0.0,1,1.0,1.0,-0.1316869688363792
NETWORK SERVICE@C12574,8,1.0,0.0,1,1.0,1.0,-0.1316869688363792
NETWORK SERVICE@C15399,8,1.0,0.0,1,1.0,1.0,-0.1316869688363792
NETWORK SERVICE@C14040,8,1.0,0.0,1,1.0,1.0,-0.1316869688363792
NETWORK SERVICE@C17534,8,1.0,0.0,1,1.0,1.0,-0.1316869688363792
NETWORK SERVICE@C17798,8,1.0,0.0,1,1.0,1.0,-0.1316869688363792
NETWORK SERVICE@C16963,8,1.0,0.0,1,1.0,1.0,-0.1316869688363792
NETWORK SERVICE@C19012,8,1.0,0.0,1,1.0,1.0,-0.1316869688363792
C5575$@DOM7,8,1.0,0.0,1,1.0,1.0,-0.1316869688363792
NETWORK SERVICE@C21162,8,1.0,0.0,1,1.0,1.0,-0.1316869688363792
NETWORK SERVICE@C21183,8,1.0,0.0,1,1.0,1.0,-0.1316869688363792
NETWORK SERVICE@C21527,8,1.0,0.0,1,1.0,1.0,-0.1316869688363792
LOCAL SERVICE@C6621,8,1.0,0.0,1,1.0,1.0,-0.1316869688363792
NETWORK SERVICE@C11658,8,1.0,0.0,1,1.0,1.0,-0.1316869688363792
NETWORK SERVICE@C11323,8,1.0,0.0,1,1.0,1.0,-0.1316869688363792
NETWORK SERVICE@C11594,8,1.0,0.0,1,1.0,1.0,-0.1316869688363792
LOCAL SERVICE@C3814,8,1.0,0.0,1,1.0,1.0,-0.1316869688363792
LOCAL SERVICE@C4227,8,1.0,0.0,1,1.0,1.0,-0.1316869688363792
LOCAL SERVICE@C4323,8,1.0,0.0,1,1.0,1.0,-0.1316869688363792
LOCAL SERVICE@C5218,8,1.0,0.0,1,1.0,1.0,-0.1316869688363792
LOCAL SERVICE@C6175,8,1.0,0.0,1,1.0,1.0,-0.1316869688363792
LOCAL SERVICE@C5874,8,1.0,0.0,1,1.0,1.0,-0.1316869688363792
LOCAL SERVICE@C2752,8,1.0,0.0,1,1.0,1.0,-0.1316869688363792
LOCAL SERVICE@C21598,8,1.0,0.0,1,1.0,1.0,-0.1316869688363792
LOCAL SERVICE@C2040,8,1.0,0.0,1,1.0,1.0,-0.1316869688363792
LOCAL SERVICE@C21545,8,1.0,0.0,1,1.0,1.0,-0.1316869688363792
LOCAL SERVICE@C20248,8,1.0,0.0,1,1.0,1.0,-0.1316869688363792
LOCAL SERVICE@C19466,8,1.0,0.0,1,1.0,1.0,-0.1316869688363792
LOCAL SERVICE@C18432,8,1.0,0.0,1,1.0,1.0,-0.1316869688363792
LOCAL SERVICE@C1864,8,1.0,0.0,1,1.0,1.0,-0.1316869688363792
LOCAL SERVICE@C17026,8,1.0,0.0,1,1.0,1.0,-0.1316869688363792
LOCAL SERVICE@C17372,8,1.0,0.0,1,1.0,1.0,-0.1316869688363792
NETWORK SERVICE@C2271,8,1.0,0.0,1,1.0,1.0,-0.1316869688363792
NETWORK SERVICE@C20044,8,1.0,0.0,1,1.0,1.0,-0.1316869688363792
NETWORK SERVICE@C2004,8,1.0,0.0,1,1.0,1.0,-0.1316869688363792
C21771$@DOM1,8,1.0,0.0,1,1.0,1.0,-0.1316869688363792
NETWORK SERVICE@C5424,8,1.0,0.0,1,1.0,1.0,-0.1316869688363792
NETWORK SERVICE@C7491,8,1.0,0.0,1,1.0,1.0,-0.1316869688363792
NETWORK SERVICE@C7196,8,1.0,0.0,1,1.0,1.0,-0.1316869688363792
NETWORK SERVICE@C7102,8,1.0,0.0,1,1.0,1.0,-0.1316869688363792
NETWORK SERVICE@C7744,8,1.0,0.0,1,1.0,1.0,-0.1316869688363792
NETWORK SERVICE@C5202,8,1.0,0.0,1,1.0,1.0,-0.1316869688363792
NETWORK SERVICE@C6201,8,1.0,0.0,1,1.0,1.0,-0.1316869688363792
NETWORK SERVICE@C5521,8,1.0,0.0,1,1.0,1.0,-0.1316869688363792
NETWORK SERVICE@C7568,8,1.0,0.0,1,1.0,1.0,-0.1316869688363792
NETWORK SERVICE@C4955,8,1.0,0.0,1,1.0,1.0,-0.1316869688363792
C4827$@DOM3,8,1.0,0.0,1,1.0,1.0,-0.1316869688363792
U1016@DOM1,8,1.0,0.0,1,1.0,1.0,-0.1316869688363792
NETWORK SERVICE@C8102,8,1.0,0.0,1,1.0,1.0,-0.1316869688363792
NETWORK SERVICE@C8711,8,1.0,0.0,1,1.0,1.0,-0.1316869688363792
NETWORK SERVICE@C8724,8,1.0,0.0,1,1.0,1.0,-0.1316869688363792
C5185$@DOM7,8,1.0,0.0,1,1.0,1.0,-0.1316869688363792
NETWORK SERVICE@C13477,8,1.0,0.0,1,1.0,1.0,-0.1316869688363792
C14163$@DOM1,190,1.0,0.0,6,1.0,0.9894736842105263,-0.13172839949538462
C11330$@DOM1,190,1.0,0.0,6,1.0,0.9894736842105263,-0.13172839949538462
C17761$@DOM1,190,1.0,0.0,6,1.0,0.9894736842105263,-0.13172839949538462
C10235$@DOM1,190,1.0,0.0,6,1.0,0.9894736842105263,-0.13172839949538462
C5214$@DOM1,184,1.0,0.0,4,1.0,1.0,-0.13173205990089265
U4963@DOM1,34,1.0,0.0,4,1.0,1.0,-0.13174593444208949
U219@DOM1,34,1.0,0.0,4,1.0,1.0,-0.13174593444208949
U6496@DOM1,34,1.0,0.0,4,1.0,1.0,-0.13174593444208949
U9463@DOM1,34,1.0,0.0,4,1.0,1.0,-0.13174593444208949
U502@DOM1,34,1.0,0.0,4,1.0,1.0,-0.13174593444208949
U6938@DOM1,34,1.0,0.0,4,1.0,1.0,-0.13174593444208949
C911$@DOM1,143,1.0,0.0,7,1.0,0.986013986013986,-0.13179691750939698
C10432$@DOM1,143,1.0,0.0,7,1.0,0.986013986013986,-0.13179691750939698
C10340$@DOM1,143,1.0,0.0,7,1.0,0.986013986013986,-0.13179691750939698
C3692$@DOM1,115,1.0,0.0,8,1.0,0.991304347826087,-0.13184419611050358
U9935@DOM1,20,1.0,0.0,5,1.0,1.0,-0.13196048731221044
C17860$@DOM1,100,1.0,0.0,7,1.0,0.99,-0.13197669634204118
C10039$@DOM1,142,1.0,0.0,6,1.0,0.9859154929577465,-0.1319946802153143
C3288$@DOM1,142,1.0,0.0,6,1.0,0.9859154929577465,-0.1319946802153143
C2677$@DOM1,226,1.0,0.0,5,1.0,1.0,-0.13203027953856256
C16955$@DOM1,226,1.0,0.0,5,1.0,1.0,-0.13203027953856256
C1125$@DOM1,198,1.0,0.0,7,1.0,0.98989898989899,-0.13204910463423836
C13481$@DOM1,198,1.0,0.0,7,1.0,0.98989898989899,-0.13204910463423836
C5985$@DOM1,198,1.0,0.0,7,1.0,0.98989898989899,-0.13204910463423836
U1409@DOM1,35,1.0,0.0,4,1.0,1.0,-0.13209794942175052
U238@DOM1,35,1.0,0.0,4,1.0,1.0,-0.13209794942175052
U6426@DOM1,35,1.0,0.0,4,1.0,1.0,-0.13209794942175052
U8612@DOM1,35,1.0,0.0,4,1.0,1.0,-0.13209794942175052
U9027@DOM1,35,1.0,0.0,4,1.0,1.0,-0.13209794942175052
U4744@DOM1,35,1.0,0.0,4,1.0,1.0,-0.13209794942175052
U224@DOM1,35,1.0,0.0,4,1.0,1.0,-0.13209794942175052
U3653@DOM1,35,1.0,0.0,4,1.0,1.0,-0.13209794942175052
U5994@DOM1,35,1.0,0.0,4,1.0,1.0,-0.13209794942175052
U5601@DOM1,35,1.0,0.0,4,1.0,1.0,-0.13209794942175052
U1405@DOM1,49,1.0,0.0,9,1.0,1.0,-0.13213058417410306
U1207@DOM1,49,1.0,0.0,9,1.0,1.0,-0.13213058417410306
C9089$@DOM1,185,1.0,0.0,6,1.0,0.9891891891891892,-0.1322551442719308
C3762$@DOM1,254,1.0,0.0,7,1.0,1.0,-0.13227097698553852
U5425@DOM1,254,1.0,0.0,7,1.0,1.0,-0.13227097698553852
C1918$@DOM1,212,1.0,0.0,9,1.0,1.0,-0.1322747575290833
U907@DOM1,214,1.0,0.0,9,1.0,1.0,-0.1322747575290833
C4097$@DOM1,214,1.0,0.0,9,1.0,1.0,-0.1322747575290833
C12632$@DOM1,212,1.0,0.0,9,1.0,1.0,-0.1322747575290833
C18106$@DOM1,187,1.0,0.0,5,1.0,0.9946524064171123,-0.1323068501123918
C1145$@DOM1,187,1.0,0.0,5,1.0,0.9946524064171123,-0.1323068501123918
C558$@DOM1,188,1.0,0.0,6,1.0,0.9893617021276596,-0.13231675828932138
C444$@DOM1,188,1.0,0.0,6,1.0,0.9893617021276596,-0.13231675828932138
C20340$@DOM1,188,1.0,0.0,6,1.0,0.9893617021276596,-0.13231675828932138
C16301$@DOM1,229,1.0,0.0,8,1.0,0.9956331877729258,-0.13232613214647582
C8481$@DOM1,186,1.0,0.0,6,1.0,0.989247311827957,-0.13233882671509117
C352$@DOM1,186,1.0,0.0,6,1.0,0.989247311827957,-0.13233882671509117
C1444$@DOM1,186,1.0,0.0,6,1.0,0.989247311827957,-0.13233882671509117
U3376@DOM1,50,1.0,0.0,9,1.0,1.0,-0.13237900135716568
U3336@DOM1,50,1.0,0.0,9,1.0,1.0,-0.13237900135716568
U864@DOM1,50,1.0,0.0,9,1.0,1.0,-0.13237900135716568
C1135$@DOM1,248,1.0,0.0,8,1.0,1.0,-0.13238050747441882
C1690$@DOM1,247,1.0,0.0,8,1.0,1.0,-0.13238050747441882
C9999$@DOM1,248,1.0,0.0,8,1.0,1.0,-0.13238050747441882
U8438@DOM1,21,1.0,0.0,5,1.0,1.0,-0.13239176769130856
U287@DOM1,21,1.0,0.0,5,1.0,1.0,-0.13239176769130856
C2772$@DOM1,210,1.0,0.0,9,1.0,1.0,-0.13240519011551377
U6220@DOM1,210,1.0,0.0,9,1.0,1.0,-0.13240519011551377
C683$@DOM1,101,1.0,0.0,7,1.0,0.9900990099009901,-0.13240795772688374
C9629$@DOM1,101,1.0,0.0,7,1.0,0.9900990099009901,-0.13240795772688374
C13589$@DOM1,101,1.0,0.0,7,1.0,0.9900990099009901,-0.13240795772688374
C15321$@DOM1,101,1.0,0.0,7,1.0,0.9900990099009901,-0.13240795772688374
C11258$@DOM1,116,1.0,0.0,8,1.0,0.9913793103448276,-0.13240983719674337
C12609$@DOM1,236,1.0,0.0,7,1.0,0.9957627118644068,-0.1324199504126225
C10123$@DOM1,103,1.0,0.0,6,1.0,0.9902912621359223,-0.13242036423809234
U5549@DOM1,36,1.0,0.0,4,1.0,1.0,-0.1325219557452802
U3730@DOM1,36,1.0,0.0,4,1.0,1.0,-0.1325219557452802
C10394$@DOM1,228,1.0,0.0,8,1.0,0.9956140350877193,-0.13255014261235354
C18285$@DOM1,228,1.0,0.0,8,1.0,0.9956140350877193,-0.13255014261235354
C11472$@DOM1,228,1.0,0.0,8,1.0,0.9956140350877193,-0.13255014261235354
C407$@DOM1,228,1.0,0.0,8,1.0,0.9956140350877193,-0.13255014261235354
C1556$@DOM1,144,1.0,0.0,7,1.0,0.9861111111111112,-0.13255128687426238
C257$@DOM1,144,1.0,0.0,7,1.0,0.9861111111111112,-0.13255128687426238
C737$@DOM1,144,1.0,0.0,7,1.0,0.9861111111111112,-0.13255128687426238
C676$@DOM1,144,1.0,0.0,7,1.0,0.9861111111111112,-0.13255128687426238
C11888$@DOM1,144,1.0,0.0,7,1.0,0.9861111111111112,-0.13255128687426238
C9091$@DOM1,144,1.0,0.0,7,1.0,0.9861111111111112,-0.13255128687426238
C2758$@DOM1,144,1.0,0.0,7,1.0,0.9861111111111112,-0.13255128687426238
C8951$@DOM1,183,1.0,0.0,4,1.0,1.0,-0.13255556692206755
C12768$@DOM1,183,1.0,0.0,4,1.0,1.0,-0.13255556692206755
C20193$@DOM1,230,1.0,0.0,6,1.0,0.9956521739130435,-0.13257221321402352
C7279$@DOM1,230,1.0,0.0,6,1.0,0.9956521739130435,-0.13257221321402352
C7208$@DOM1,224,1.0,0.0,5,1.0,1.0,-0.13262659695834011
C20842$@DOM1,193,1.0,0.0,7,1.0,0.9896373056994818,-0.13264530423256393
C2434$@DOM1,185,1.0,0.0,5,1.0,0.9945945945945946,-0.13266319516789454
C14631$@DOM1,143,1.0,0.0,6,1.0,0.986013986013986,-0.1327018232731227
C12251$@DOM1,143,1.0,0.0,6,1.0,0.986013986013986,-0.1327018232731227
C1403$@DOM1,143,1.0,0.0,6,1.0,0.986013986013986,-0.1327018232731227
C2656$@DOM1,229,1.0,0.0,6,1.0,0.9956331877729258,-0.13270937517169107
C828$@DOM1,229,1.0,0.0,6,1.0,0.9956331877729258,-0.13270937517169107
C3608$@DOM1,181,1.0,0.0,4,1.0,1.0,-0.132720356239296
C17400$@DOM1,182,1.0,0.0,4,1.0,1.0,-0.132720356239296
C19016$@DOM1,182,1.0,0.0,4,1.0,1.0,-0.132720356239296
U6003@DOM1,209,1.0,0.0,9,1.0,1.0,-0.13272310851392977
U144@DOM1,209,1.0,0.0,9,1.0,1.0,-0.13272310851392977
C1742$@DOM1,209,1.0,0.0,9,1.0,1.0,-0.13272310851392977
U9889@DOM1,37,1.0,0.0,4,1.0,1.0,-0.13274165071004823
U8722@DOM1,37,1.0,0.0,4,1.0,1.0,-0.13274165071004823
U696@DOM1,37,1.0,0.0,4,1.0,1.0,-0.13274165071004823
C5774$@DOM1,37,1.0,0.0,4,1.0,1.0,-0.13274165071004823
U6621@DOM1,37,1.0,0.0,4,1.0,1.0,-0.13274165071004823
U1086@DOM1,37,1.0,0.0,4,1.0,1.0,-0.13274165071004823
U2231@DOM1,37,1.0,0.0,4,1.0,1.0,-0.13274165071004823
C690$@DOM1,253,1.0,0.0,7,1.0,1.0,-0.13274264273386333
C17410$@DOM1,253,1.0,0.0,7,1.0,1.0,-0.13274264273386333
C9671$@DOM1,195,1.0,0.0,7,1.0,0.9897435897435898,-0.13276005026606735
C11741$@DOM1,195,1.0,0.0,7,1.0,0.9897435897435898,-0.13276005026606735
C7683$@DOM1,117,1.0,0.0,5,1.0,0.9914529914529915,-0.13278251300575544
C3584$@DOM1,117,1.0,0.0,5,1.0,0.9914529914529915,-0.13278251300575544
C20303$@DOM1,189,1.0,0.0,7,1.0,0.9894179894179894,-0.13281091197556627
C785$@DOM1,189,1.0,0.0,7,1.0,0.9894179894179894,-0.13281091197556627
C14800$@DOM1,189,1.0,0.0,7,1.0,0.9894179894179894,-0.13281091197556627
C6583$@DOM1,189,1.0,0.0,7,1.0,0.9894179894179894,-0.13281091197556627
C2868$@DOM1,189,1.0,0.0,7,1.0,0.9894179894179894,-0.13281091197556627
C15412$@DOM1,189,1.0,0.0,7,1.0,0.9894179894179894,-0.13281091197556627
C11948$@DOM1,189,1.0,0.0,7,1.0,0.9894179894179894,-0.13281091197556627
C11766$@DOM1,196,1.0,0.0,7,1.0,0.9897959183673469,-0.1328438985525076
C16741$@DOM1,196,1.0,0.0,7,1.0,0.9897959183673469,-0.1328438985525076
C9176$@DOM1,183,1.0,0.0,6,1.0,0.9890710382513661,-0.1328655378694708
C16528$@DOM1,183,1.0,0.0,6,1.0,0.9890710382513661,-0.1328655378694708
C20815$@DOM1,183,1.0,0.0,6,1.0,0.9890710382513661,-0.1328655378694708
C2148$@DOM1,177,1.0,0.0,4,1.0,1.0,-0.13291254179726503
C12875$@DOM1,177,1.0,0.0,4,1.0,1.0,-0.13291254179726503
C13130$@DOM1,178,1.0,0.0,4,1.0,1.0,-0.13292541889215342
U6643@DOM1,178,1.0,0.0,4,1.0,1.0,-0.13292541889215342
C19685$@DOM1,227,1.0,0.0,8,1.0,0.9955947136563876,-0.13293709493119826
C15434$@DOM1,227,1.0,0.0,8,1.0,0.9955947136563876,-0.13293709493119826
C16443$@DOM1,227,1.0,0.0,8,1.0,0.9955947136563876,-0.13293709493119826
C19111$@DOM1,227,1.0,0.0,8,1.0,0.9955947136563876,-0.13293709493119826
C19653$@DOM1,181,1.0,0.0,6,1.0,0.988950276243094,-0.13294050872155416
C9954$@DOM1,182,1.0,0.0,6,1.0,0.989010989010989,-0.13294050872155416
C19254$@DOM1,181,1.0,0.0,6,1.0,0.988950276243094,-0.13294050872155416
U5749@DOM1,22,1.0,0.0,5,1.0,1.0,-0.13294895490343978
U6513@DOM1,22,1.0,0.0,5,1.0,1.0,-0.13294895490343978
C5127$@DOM1,252,1.0,0.0,7,1.0,1.0,-0.13295540745614043
C118$@DOM1,252,1.0,0.0,7,1.0,1.0,-0.13295540745614043
C21286$@DOM1,252,1.0,0.0,7,1.0,1.0,-0.13295540745614043
U4498@DOM1,23,1.0,0.0,5,1.0,1.0,-0.13303153218117242
U8767@DOM1,23,1.0,0.0,5,1.0,1.0,-0.13303153218117242
U2156@DOM1,23,1.0,0.0,5,1.0,1.0,-0.13303153218117242
C2744$@DOM1,223,1.0,0.0,5,1.0,1.0,-0.1330651773019383
C17749$@DOM1,223,1.0,0.0,5,1.0,1.0,-0.1330651773019383
C8968$@DOM1,184,1.0,0.0,6,1.0,0.9891304347826086,-0.13306675563092468
C1376$@DOM1,144,1.0,0.0,6,1.0,0.9861111111111112,-0.13313085491066518
C10827$@DOM1,144,1.0,0.0,6,1.0,0.9861111111111112,-0.13313085491066518
C20864$@DOM1,144,1.0,0.0,6,1.0,0.9861111111111112,-0.13313085491066518
C10273$@DOM1,144,1.0,0.0,6,1.0,0.9861111111111112,-0.13313085491066518
C8280$@DOM1,118,1.0,0.0,5,1.0,0.9915254237288136,-0.13315991476726396
C14473$@DOM1,118,1.0,0.0,5,1.0,0.9915254237288136,-0.13315991476726396
C5967$@DOM1,118,1.0,0.0,5,1.0,0.9915254237288136,-0.13315991476726396
C17005$@DOM1,118,1.0,0.0,5,1.0,0.9915254237288136,-0.13315991476726396
C112$@DOM1,190,1.0,0.0,7,1.0,0.9894736842105263,-0.13316554295583316
C11206$@DOM1,190,1.0,0.0,7,1.0,0.9894736842105263,-0.13316554295583316
C234$@DOM1,190,1.0,0.0,7,1.0,0.9894736842105263,-0.13316554295583316
C1587$@DOM1,190,1.0,0.0,7,1.0,0.9894736842105263,-0.13316554295583316
C11894$@DOM1,190,1.0,0.0,7,1.0,0.9894736842105263,-0.13316554295583316
U2317@DOM1,51,1.0,0.0,9,1.0,1.0,-0.13320553875620272
C19801$@DOM1,205,1.0,0.0,9,1.0,1.0,-0.13320805452860496
C14030$@DOM1,145,1.0,0.0,7,1.0,0.9862068965517241,-0.13324290620037704
C7032$@DOM1,145,1.0,0.0,7,1.0,0.9862068965517241,-0.13324290620037704
C20802$@DOM1,145,1.0,0.0,7,1.0,0.9862068965517241,-0.13324290620037704
C17076$@DOM1,180,1.0,0.0,4,1.0,1.0,-0.13325403788077123
U4703@DOM1,52,1.0,0.0,9,1.0,1.0,-0.13326757553763058
U4025@DOM1,52,1.0,0.0,9,1.0,1.0,-0.13326757553763058
C673$@DOM1,246,1.0,0.0,8,1.0,1.0,-0.13327737147627683
C7610$@DOM1,234,1.0,0.0,7,1.0,0.9957264957264957,-0.13327777115452372
C18412$@DOM1,234,1.0,0.0,7,1.0,0.9957264957264957,-0.13327777115452372
C16642$@DOM1,234,1.0,0.0,7,1.0,0.9957264957264957,-0.13327777115452372
C7020$@DOM1,234,1.0,0.0,7,1.0,0.9957264957264957,-0.13327777115452372
C16154$@DOM1,191,1.0,0.0,7,1.0,0.9895287958115183,-0.13328041798019175
C3149$@DOM1,179,1.0,0.0,4,1.0,1.0,-0.13329501795092413
C11774$@DOM1,179,1.0,0.0,4,1.0,1.0,-0.13329501795092413
C12208$@DOM1,146,1.0,0.0,7,1.0,0.9863013698630136,-0.13330364545922202
C6310$@DOM1,146,1.0,0.0,7,1.0,0.9863013698630136,-0.13330364545922202
C9902$@DOM1,146,1.0,0.0,7,1.0,0.9863013698630136,-0.13330364545922202
C1645$@DOM1,233,1.0,0.0,7,1.0,0.9957081545064378,-0.1333717841371731
C700$@DOM1,233,1.0,0.0,7,1.0,0.9957081545064378,-0.1333717841371731
LOCAL SERVICE@C18607,2,1.0,0.0,1,1.0,1.0,-0.13337446000046466
NETWORK SERVICE@C4285,2,1.0,0.0,1,1.0,1.0,-0.13337446000046466
LOCAL SERVICE@C2580,2,1.0,0.0,1,1.0,1.0,-0.13337446000046466
LOCAL SERVICE@C2800,2,1.0,0.0,1,1.0,1.0,-0.13337446000046466
LOCAL SERVICE@C2893,2,1.0,0.0,1,1.0,1.0,-0.13337446000046466
LOCAL SERVICE@C3167,2,1.0,0.0,1,1.0,1.0,-0.13337446000046466
LOCAL SERVICE@C3200,2,1.0,0.0,1,1.0,1.0,-0.13337446000046466
NETWORK SERVICE@C4390,2,1.0,0.0,1,1.0,1.0,-0.13337446000046466
NETWORK SERVICE@C14122,2,1.0,0.0,1,1.0,1.0,-0.13337446000046466
NETWORK SERVICE@C14157,2,1.0,0.0,1,1.0,1.0,-0.13337446000046466
NETWORK SERVICE@C14184,2,1.0,0.0,1,1.0,1.0,-0.13337446000046466
NETWORK SERVICE@C16061,2,1.0,0.0,1,1.0,1.0,-0.13337446000046466
NETWORK SERVICE@C1609,2,1.0,0.0,1,1.0,1.0,-0.13337446000046466
NETWORK SERVICE@C16230,2,1.0,0.0,1,1.0,1.0,-0.13337446000046466
NETWORK SERVICE@C16418,2,1.0,0.0,1,1.0,1.0,-0.13337446000046466
NETWORK SERVICE@C14411,2,1.0,0.0,1,1.0,1.0,-0.13337446000046466
NETWORK SERVICE@C1680,2,1.0,0.0,1,1.0,1.0,-0.13337446000046466
NETWORK SERVICE@C16882,2,1.0,0.0,1,1.0,1.0,-0.13337446000046466
NETWORK SERVICE@C16888,2,1.0,0.0,1,1.0,1.0,-0.13337446000046466
NETWORK SERVICE@C16955,2,1.0,0.0,1,1.0,1.0,-0.13337446000046466
U4627@DOM1,2,1.0,0.0,1,1.0,1.0,-0.13337446000046466
NETWORK SERVICE@C16645,2,1.0,0.0,1,1.0,1.0,-0.13337446000046466
NETWORK SERVICE@C16724,2,1.0,0.0,1,1.0,1.0,-0.13337446000046466
NETWORK SERVICE@C14036,2,1.0,0.0,1,1.0,1.0,-0.13337446000046466
NETWORK SERVICE@C4414,2,1.0,0.0,1,1.0,1.0,-0.13337446000046466
NETWORK SERVICE@C4427,2,1.0,0.0,1,1.0,1.0,-0.13337446000046466
NETWORK SERVICE@C4429,2,1.0,0.0,1,1.0,1.0,-0.13337446000046466
NETWORK SERVICE@C4444,2,1.0,0.0,1,1.0,1.0,-0.13337446000046466
LOCAL SERVICE@C17322,2,1.0,0.0,1,1.0,1.0,-0.13337446000046466
U3253@DOM1,2,1.0,0.0,1,1.0,1.0,-0.13337446000046466
NETWORK SERVICE@C4462,2,1.0,0.0,1,1.0,1.0,-0.13337446000046466
NETWORK SERVICE@C4499,2,1.0,0.0,1,1.0,1.0,-0.13337446000046466
NETWORK SERVICE@C13667,2,1.0,0.0,1,1.0,1.0,-0.13337446000046466
NETWORK SERVICE@C13717,2,1.0,0.0,1,1.0,1.0,-0.13337446000046466
NETWORK SERVICE@C17135,2,1.0,0.0,1,1.0,1.0,-0.13337446000046466
NETWORK SERVICE@C17139,2,1.0,0.0,1,1.0,1.0,-0.13337446000046466
NETWORK SERVICE@C13948,2,1.0,0.0,1,1.0,1.0,-0.13337446000046466
NETWORK SERVICE@C14005,2,1.0,0.0,1,1.0,1.0,-0.13337446000046466
NETWORK SERVICE@C17536,2,1.0,0.0,1,1.0,1.0,-0.13337446000046466
NETWORK SERVICE@C17562,2,1.0,0.0,1,1.0,1.0,-0.13337446000046466
NETWORK SERVICE@C17608,2,1.0,0.0,1,1.0,1.0,-0.13337446000046466
NETWORK SERVICE@C17841,2,1.0,0.0,1,1.0,1.0,-0.13337446000046466
NETWORK SERVICE@C17322,2,1.0,0.0,1,1.0,1.0,-0.13337446000046466
NETWORK SERVICE@C17448,2,1.0,0.0,1,1.0,1.0,-0.13337446000046466
NETWORK SERVICE@C13559,2,1.0,0.0,1,1.0,1.0,-0.13337446000046466
NETWORK SERVICE@C13612,2,1.0,0.0,1,1.0,1.0,-0.13337446000046466
NETWORK SERVICE@C13648,2,1.0,0.0,1,1.0,1.0,-0.13337446000046466
LOCAL SERVICE@C3350,2,1.0,0.0,1,1.0,1.0,-0.13337446000046466
NETWORK SERVICE@C3785,2,1.0,0.0,1,1.0,1.0,-0.13337446000046466
NETWORK SERVICE@C3804,2,1.0,0.0,1,1.0,1.0,-0.13337446000046466
NETWORK SERVICE@C3824,2,1.0,0.0,1,1.0,1.0,-0.13337446000046466
NETWORK SERVICE@C3826,2,1.0,0.0,1,1.0,1.0,-0.13337446000046466
U3055@DOM1,2,1.0,0.0,1,1.0,1.0,-0.13337446000046466
LOCAL SERVICE@C16418,2,1.0,0.0,1,1.0,1.0,-0.13337446000046466
C4221$@DOM3,2,1.0,0.0,1,1.0,1.0,-0.13337446000046466
C4206$@DOM1,2,1.0,0.0,1,1.0,1.0,-0.13337446000046466
U4708@DOM1,2,1.0,0.0,1,1.0,1.0,-0.13337446000046466
NETWORK SERVICE@C13202,2,1.0,0.0,1,1.0,1.0,-0.13337446000046466
NETWORK SERVICE@C13316,2,1.0,0.0,1,1.0,1.0,-0.13337446000046466
NETWORK SERVICE@C17969,2,1.0,0.0,1,1.0,1.0,-0.13337446000046466
C5948$@DOM1,2,1.0,0.0,1,1.0,1.0,-0.13337446000046466
NETWORK SERVICE@C13500,2,1.0,0.0,1,1.0,1.0,-0.13337446000046466
NETWORK SERVICE@C13515,2,1.0,0.0,1,1.0,1.0,-0.13337446000046466
NETWORK SERVICE@C13523,2,1.0,0.0,1,1.0,1.0,-0.13337446000046466
U11136@DOM9,2,1.0,0.0,1,1.0,1.0,-0.13337446000046466
U1126@C1596,2,1.0,0.0,1,1.0,1.0,-0.13337446000046466
NETWORK SERVICE@C18074,2,1.0,0.0,1,1.0,1.0,-0.13337446000046466
NETWORK SERVICE@C18182,2,1.0,0.0,1,1.0,1.0,-0.13337446000046466
NETWORK SERVICE@C1822,2,1.0,0.0,1,1.0,1.0,-0.13337446000046466
NETWORK SERVICE@C18367,2,1.0,0.0,1,1.0,1.0,-0.13337446000046466
NETWORK SERVICE@C12859,2,1.0,0.0,1,1.0,1.0,-0.13337446000046466
NETWORK SERVICE@C12947,2,1.0,0.0,1,1.0,1.0,-0.13337446000046466
NETWORK SERVICE@C4559,2,1.0,0.0,1,1.0,1.0,-0.13337446000046466
NETWORK SERVICE@C4563,2,1.0,0.0,1,1.0,1.0,-0.13337446000046466
NETWORK SERVICE@C4569,2,1.0,0.0,1,1.0,1.0,-0.13337446000046466
NETWORK SERVICE@C4574,2,1.0,0.0,1,1.0,1.0,-0.13337446000046466
NETWORK SERVICE@C4583,2,1.0,0.0,1,1.0,1.0,-0.13337446000046466
U3128@?,2,1.0,0.0,1,1.0,1.0,-0.13337446000046466
NETWORK SERVICE@C3618,2,1.0,0.0,1,1.0,1.0,-0.13337446000046466
NETWORK SERVICE@C3642,2,1.0,0.0,1,1.0,1.0,-0.13337446000046466
NETWORK SERVICE@C3515,2,1.0,0.0,1,1.0,1.0,-0.13337446000046466
U3970@DOM1,2,1.0,0.0,1,1.0,1.0,-0.13337446000046466
U6384@DOM1,2,1.0,0.0,1,1.0,1.0,-0.13337446000046466
U6393@DOM1,2,1.0,0.0,1,1.0,1.0,-0.13337446000046466
NETWORK SERVICE@C18607,2,1.0,0.0,1,1.0,1.0,-0.13337446000046466
NETWORK SERVICE@C18704,2,1.0,0.0,1,1.0,1.0,-0.13337446000046466
NETWORK SERVICE@C12498,2,1.0,0.0,1,1.0,1.0,-0.13337446000046466
LOCAL SERVICE@C15944,2,1.0,0.0,1,1.0,1.0,-0.13337446000046466
NETWORK SERVICE@C4700,2,1.0,0.0,1,1.0,1.0,-0.13337446000046466
NETWORK SERVICE@C4708,2,1.0,0.0,1,1.0,1.0,-0.13337446000046466
LOCAL SERVICE@C16023,2,1.0,0.0,1,1.0,1.0,-0.13337446000046466
NETWORK SERVICE@C4778,2,1.0,0.0,1,1.0,1.0,-0.13337446000046466
ANONYMOUS LOGON@C3374,2,1.0,0.0,1,1.0,1.0,-0.13337446000046466
SYSTEM@C21838,2,1.0,0.0,1,1.0,1.0,-0.13337446000046466
NETWORK SERVICE@C18831,2,1.0,0.0,1,1.0,1.0,-0.13337446000046466
NETWORK SERVICE@C18835,2,1.0,0.0,1,1.0,1.0,-0.13337446000046466
NETWORK SERVICE@C19137,2,1.0,0.0,1,1.0,1.0,-0.13337446000046466
NETWORK SERVICE@C12042,2,1.0,0.0,1,1.0,1.0,-0.13337446000046466
U7088@DOM9,2,1.0,0.0,1,1.0,1.0,-0.13337446000046466
U3891@DOM1,2,1.0,0.0,1,1.0,1.0,-0.13337446000046466
LOCAL SERVICE@C15020,2,1.0,0.0,1,1.0,1.0,-0.13337446000046466
LOCAL SERVICE@C15093,2,1.0,0.0,1,1.0,1.0,-0.13337446000046466
LOCAL SERVICE@C15618,2,1.0,0.0,1,1.0,1.0,-0.13337446000046466
NETWORK SERVICE@C3530,2,1.0,0.0,1,1.0,1.0,-0.13337446000046466
NETWORK SERVICE@C3576,2,1.0,0.0,1,1.0,1.0,-0.13337446000046466
LOCAL SERVICE@C4015,2,1.0,0.0,1,1.0,1.0,-0.13337446000046466
LOCAL SERVICE@C4091,2,1.0,0.0,1,1.0,1.0,-0.13337446000046466
LOCAL SERVICE@C4110,2,1.0,0.0,1,1.0,1.0,-0.13337446000046466
LOCAL SERVICE@C4114,2,1.0,0.0,1,1.0,1.0,-0.13337446000046466
SYSTEM@C17146,2,1.0,0.0,1,1.0,1.0,-0.13337446000046466
SYSTEM@C17866,2,1.0,0.0,1,1.0,1.0,-0.13337446000046466
SYSTEM@C19940,2,1.0,0.0,1,1.0,1.0,-0.13337446000046466
SYSTEM@C20455,2,1.0,0.0,1,1.0,1.0,-0.13337446000046466
SYSTEM@C20460,2,1.0,0.0,1,1.0,1.0,-0.13337446000046466
NETWORK SERVICE@C19284,2,1.0,0.0,1,1.0,1.0,-0.13337446000046466
C5691$@DOM1,2,1.0,0.0,1,1.0,1.0,-0.13337446000046466
C5738$@DOM1,2,1.0,0.0,1,1.0,1.0,-0.13337446000046466
C5740$@DOM1,2,1.0,0.0,1,1.0,1.0,-0.13337446000046466
C5759$@DOM1,2,1.0,0.0,1,1.0,1.0,-0.13337446000046466
NETWORK SERVICE@C9898,2,1.0,0.0,1,1.0,1.0,-0.13337446000046466
SYSTEM@C15097,2,1.0,0.0,1,1.0,1.0,-0.13337446000046466
C5669$@DOM1,2,1.0,0.0,1,1.0,1.0,-0.13337446000046466
C5673$@DOM1,2,1.0,0.0,1,1.0,1.0,-0.13337446000046466
C5687$@DOM1,2,1.0,0.0,1,1.0,1.0,-0.13337446000046466
NETWORK SERVICE@C19728,2,1.0,0.0,1,1.0,1.0,-0.13337446000046466
NETWORK SERVICE@C11868,2,1.0,0.0,1,1.0,1.0,-0.13337446000046466
SYSTEM@C5323,2,1.0,0.0,1,1.0,1.0,-0.13337446000046466
SYSTEM@C742,2,1.0,0.0,1,1.0,1.0,-0.13337446000046466
SYSTEM@C9067,2,1.0,0.0,1,1.0,1.0,-0.13337446000046466
NETWORK SERVICE@C4814,2,1.0,0.0,1,1.0,1.0,-0.13337446000046466
NETWORK SERVICE@C4847,2,1.0,0.0,1,1.0,1.0,-0.13337446000046466
NETWORK SERVICE@C4881,2,1.0,0.0,1,1.0,1.0,-0.13337446000046466
NETWORK SERVICE@C4885,2,1.0,0.0,1,1.0,1.0,-0.13337446000046466
NETWORK SERVICE@C4743,2,1.0,0.0,1,1.0,1.0,-0.13337446000046466
NETWORK SERVICE@C3391,2,1.0,0.0,1,1.0,1.0,-0.13337446000046466
NETWORK SERVICE@C3448,2,1.0,0.0,1,1.0,1.0,-0.13337446000046466
C14672$@DOM1,2,1.0,0.0,1,1.0,1.0,-0.13337446000046466
NETWORK SERVICE@C3465,2,1.0,0.0,1,1.0,1.0,-0.13337446000046466
U7625@DOM1,2,1.0,0.0,1,1.0,1.0,-0.13337446000046466
NETWORK SERVICE@C11161,2,1.0,0.0,1,1.0,1.0,-0.13337446000046466
NETWORK SERVICE@C11366,2,1.0,0.0,1,1.0,1.0,-0.13337446000046466
NETWORK SERVICE@C19987,2,1.0,0.0,1,1.0,1.0,-0.13337446000046466
NETWORK SERVICE@C19997,2,1.0,0.0,1,1.0,1.0,-0.13337446000046466
ANONYMOUS LOGON@C4924,2,1.0,0.0,1,1.0,1.0,-0.13337446000046466
U8874@DOM1,2,1.0,0.0,1,1.0,1.0,-0.13337446000046466
NETWORK SERVICE@C9547,2,1.0,0.0,1,1.0,1.0,-0.13337446000046466
NETWORK SERVICE@C9729,2,1.0,0.0,1,1.0,1.0,-0.13337446000046466
SYSTEM@C21067,2,1.0,0.0,1,1.0,1.0,-0.13337446000046466
NETWORK SERVICE@C9788,2,1.0,0.0,1,1.0,1.0,-0.13337446000046466
NETWORK SERVICE@C9829,2,1.0,0.0,1,1.0,1.0,-0.13337446000046466
NETWORK SERVICE@C4893,2,1.0,0.0,1,1.0,1.0,-0.13337446000046466
NETWORK SERVICE@C4911,2,1.0,0.0,1,1.0,1.0,-0.13337446000046466
NETWORK SERVICE@C4971,2,1.0,0.0,1,1.0,1.0,-0.13337446000046466
LOCAL SERVICE@C14068,2,1.0,0.0,1,1.0,1.0,-0.13337446000046466
LOCAL SERVICE@C14112,2,1.0,0.0,1,1.0,1.0,-0.13337446000046466
NETWORK SERVICE@C3271,2,1.0,0.0,1,1.0,1.0,-0.13337446000046466
NETWORK SERVICE@C3350,2,1.0,0.0,1,1.0,1.0,-0.13337446000046466
NETWORK SERVICE@C3371,2,1.0,0.0,1,1.0,1.0,-0.13337446000046466
LOCAL SERVICE@C20542,2,1.0,0.0,1,1.0,1.0,-0.13337446000046466
U8981@DOM1,2,1.0,0.0,1,1.0,1.0,-0.13337446000046466
NETWORK SERVICE@C10766,2,1.0,0.0,1,1.0,1.0,-0.13337446000046466
NETWORK SERVICE@C10770,2,1.0,0.0,1,1.0,1.0,-0.13337446000046466
LOCAL SERVICE@C20622,2,1.0,0.0,1,1.0,1.0,-0.13337446000046466
NETWORK SERVICE@C10921,2,1.0,0.0,1,1.0,1.0,-0.13337446000046466
NETWORK SERVICE@C2003,2,1.0,0.0,1,1.0,1.0,-0.13337446000046466
C5639$@DOM3,2,1.0,0.0,1,1.0,1.0,-0.13337446000046466
LOCAL SERVICE@C20769,2,1.0,0.0,1,1.0,1.0,-0.13337446000046466
NETWORK SERVICE@C4172,2,1.0,0.0,1,1.0,1.0,-0.13337446000046466
NETWORK SERVICE@C4192,2,1.0,0.0,1,1.0,1.0,-0.13337446000046466
NETWORK SERVICE@C20377,2,1.0,0.0,1,1.0,1.0,-0.13337446000046466
NETWORK SERVICE@C20507,2,1.0,0.0,1,1.0,1.0,-0.13337446000046466
NETWORK SERVICE@C10734,2,1.0,0.0,1,1.0,1.0,-0.13337446000046466
NETWORK SERVICE@C8899,2,1.0,0.0,1,1.0,1.0,-0.13337446000046466
U7836@DOM1,2,1.0,0.0,1,1.0,1.0,-0.13337446000046466
C3380$@DOM1,2,1.0,0.0,1,1.0,1.0,-0.13337446000046466
U3381@DOM9,2,1.0,0.0,1,1.0,1.0,-0.13337446000046466
NETWORK SERVICE@C9017,2,1.0,0.0,1,1.0,1.0,-0.13337446000046466
NETWORK SERVICE@C9119,2,1.0,0.0,1,1.0,1.0,-0.13337446000046466
NETWORK SERVICE@C9264,2,1.0,0.0,1,1.0,1.0,-0.13337446000046466
NETWORK SERVICE@C9364,2,1.0,0.0,1,1.0,1.0,-0.13337446000046466
NETWORK SERVICE@C9407,2,1.0,0.0,1,1.0,1.0,-0.13337446000046466
LOCAL SERVICE@C18704,2,1.0,0.0,1,1.0,1.0,-0.13337446000046466
NETWORK SERVICE@C4114,2,1.0,0.0,1,1.0,1.0,-0.13337446000046466
NETWORK SERVICE@C5000,2,1.0,0.0,1,1.0,1.0,-0.13337446000046466
NETWORK SERVICE@C5037,2,1.0,0.0,1,1.0,1.0,-0.13337446000046466
U1820@DOM1,2,1.0,0.0,1,1.0,1.0,-0.13337446000046466
NETWORK SERVICE@C3094,2,1.0,0.0,1,1.0,1.0,-0.13337446000046466
NETWORK SERVICE@C3167,2,1.0,0.0,1,1.0,1.0,-0.13337446000046466
NETWORK SERVICE@C3179,2,1.0,0.0,1,1.0,1.0,-0.13337446000046466
U3510@DOM1,2,1.0,0.0,1,1.0,1.0,-0.13337446000046466
NETWORK SERVICE@C8115,2,1.0,0.0,1,1.0,1.0,-0.13337446000046466
NETWORK SERVICE@C8341,2,1.0,0.0,1,1.0,1.0,-0.13337446000046466
NETWORK SERVICE@C8371,2,1.0,0.0,1,1.0,1.0,-0.13337446000046466
NETWORK SERVICE@C8501,2,1.0,0.0,1,1.0,1.0,-0.13337446000046466
U1825@DOM1,2,1.0,0.0,1,1.0,1.0,-0.13337446000046466
NETWORK SERVICE@C10514,2,1.0,0.0,1,1.0,1.0,-0.13337446000046466
NETWORK SERVICE@C10563,2,1.0,0.0,1,1.0,1.0,-0.13337446000046466
NETWORK SERVICE@C10616,2,1.0,0.0,1,1.0,1.0,-0.13337446000046466
C5621$@DOM1,2,1.0,0.0,1,1.0,1.0,-0.13337446000046466
NETWORK SERVICE@C20254,2,1.0,0.0,1,1.0,1.0,-0.13337446000046466
NETWORK SERVICE@C20353,2,1.0,0.0,1,1.0,1.0,-0.13337446000046466
U8734@DOM1,2,1.0,0.0,1,1.0,1.0,-0.13337446000046466
U1871@DOM1,2,1.0,0.0,1,1.0,1.0,-0.13337446000046466
U2250@DOM1,2,1.0,0.0,1,1.0,1.0,-0.13337446000046466
U3564@DOM1,2,1.0,0.0,1,1.0,1.0,-0.13337446000046466
NETWORK SERVICE@C14804,2,1.0,0.0,1,1.0,1.0,-0.13337446000046466
NETWORK SERVICE@C14891,2,1.0,0.0,1,1.0,1.0,-0.13337446000046466
NETWORK SERVICE@C10230,2,1.0,0.0,1,1.0,1.0,-0.13337446000046466
NETWORK SERVICE@C10237,2,1.0,0.0,1,1.0,1.0,-0.13337446000046466
NETWORK SERVICE@C10336,2,1.0,0.0,1,1.0,1.0,-0.13337446000046466
NETWORK SERVICE@C20542,2,1.0,0.0,1,1.0,1.0,-0.13337446000046466
NETWORK SERVICE@C20557,2,1.0,0.0,1,1.0,1.0,-0.13337446000046466
NETWORK SERVICE@C15089,2,1.0,0.0,1,1.0,1.0,-0.13337446000046466
C5587$@DOM3,2,1.0,0.0,1,1.0,1.0,-0.13337446000046466
NETWORK SERVICE@C3200,2,1.0,0.0,1,1.0,1.0,-0.13337446000046466
LOCAL SERVICE@C5105,2,1.0,0.0,1,1.0,1.0,-0.13337446000046466
LOCAL SERVICE@C5172,2,1.0,0.0,1,1.0,1.0,-0.13337446000046466
LOCAL SERVICE@C5220,2,1.0,0.0,1,1.0,1.0,-0.13337446000046466
NETWORK SERVICE@C3044,2,1.0,0.0,1,1.0,1.0,-0.13337446000046466
NETWORK SERVICE@C3060,2,1.0,0.0,1,1.0,1.0,-0.13337446000046466
NETWORK SERVICE@C3063,2,1.0,0.0,1,1.0,1.0,-0.13337446000046466
NETWORK SERVICE@C3090,2,1.0,0.0,1,1.0,1.0,-0.13337446000046466
NETWORK SERVICE@C7592,2,1.0,0.0,1,1.0,1.0,-0.13337446000046466
NETWORK SERVICE@C7652,2,1.0,0.0,1,1.0,1.0,-0.13337446000046466
NETWORK SERVICE@C15093,2,1.0,0.0,1,1.0,1.0,-0.13337446000046466
NETWORK SERVICE@C20956,2,1.0,0.0,1,1.0,1.0,-0.13337446000046466
NETWORK SERVICE@C20958,2,1.0,0.0,1,1.0,1.0,-0.13337446000046466
NETWORK SERVICE@C2107,2,1.0,0.0,1,1.0,1.0,-0.13337446000046466
NETWORK SERVICE@C10112,2,1.0,0.0,1,1.0,1.0,-0.13337446000046466
NETWORK SERVICE@C10183,2,1.0,0.0,1,1.0,1.0,-0.13337446000046466
NETWORK SERVICE@C15145,2,1.0,0.0,1,1.0,1.0,-0.13337446000046466
NETWORK SERVICE@C14962,2,1.0,0.0,1,1.0,1.0,-0.13337446000046466
NETWORK SERVICE@C21574,2,1.0,0.0,1,1.0,1.0,-0.13337446000046466
NETWORK SERVICE@C21601,2,1.0,0.0,1,1.0,1.0,-0.13337446000046466
LOCAL SERVICE@C9729,2,1.0,0.0,1,1.0,1.0,-0.13337446000046466
NETWORK SERVICE@C7089,2,1.0,0.0,1,1.0,1.0,-0.13337446000046466
NETWORK SERVICE@C7288,2,1.0,0.0,1,1.0,1.0,-0.13337446000046466
NETWORK SERVICE@C7318,2,1.0,0.0,1,1.0,1.0,-0.13337446000046466
NETWORK SERVICE@C7324,2,1.0,0.0,1,1.0,1.0,-0.13337446000046466
U4059@C2738,2,1.0,0.0,1,1.0,1.0,-0.13337446000046466
NETWORK SERVICE@C7537,2,1.0,0.0,1,1.0,1.0,-0.13337446000046466
NETWORK SERVICE@C5057,2,1.0,0.0,1,1.0,1.0,-0.13337446000046466
NETWORK SERVICE@C5076,2,1.0,0.0,1,1.0,1.0,-0.13337446000046466
NETWORK SERVICE@C5078,2,1.0,0.0,1,1.0,1.0,-0.13337446000046466
NETWORK SERVICE@C5084,2,1.0,0.0,1,1.0,1.0,-0.13337446000046466
NETWORK SERVICE@C3001,2,1.0,0.0,1,1.0,1.0,-0.13337446000046466
NETWORK SERVICE@C3008,2,1.0,0.0,1,1.0,1.0,-0.13337446000046466
NETWORK SERVICE@C15020,2,1.0,0.0,1,1.0,1.0,-0.13337446000046466
NETWORK SERVICE@C3042,2,1.0,0.0,1,1.0,1.0,-0.13337446000046466
U6206@DOM1,2,1.0,0.0,1,1.0,1.0,-0.13337446000046466
LOCAL SERVICE@C9303,2,1.0,0.0,1,1.0,1.0,-0.13337446000046466
NETWORK SERVICE@C6839,2,1.0,0.0,1,1.0,1.0,-0.13337446000046466
C20425$@DOM1,2,1.0,0.0,1,1.0,1.0,-0.13337446000046466
U5430@DOM1,2,1.0,0.0,1,1.0,1.0,-0.13337446000046466
NETWORK SERVICE@C6983,2,1.0,0.0,1,1.0,1.0,-0.13337446000046466
LOCAL SERVICE@C9375,2,1.0,0.0,1,1.0,1.0,-0.13337446000046466
LOCAL SERVICE@C9547,2,1.0,0.0,1,1.0,1.0,-0.13337446000046466
NETWORK SERVICE@C2131,2,1.0,0.0,1,1.0,1.0,-0.13337446000046466
NETWORK SERVICE@C21347,2,1.0,0.0,1,1.0,1.0,-0.13337446000046466
NETWORK SERVICE@C5102,2,1.0,0.0,1,1.0,1.0,-0.13337446000046466
NETWORK SERVICE@C5105,2,1.0,0.0,1,1.0,1.0,-0.13337446000046466
NETWORK SERVICE@C5125,2,1.0,0.0,1,1.0,1.0,-0.13337446000046466
NETWORK SERVICE@C5172,2,1.0,0.0,1,1.0,1.0,-0.13337446000046466
NETWORK SERVICE@C5188,2,1.0,0.0,1,1.0,1.0,-0.13337446000046466
U3274@DOM1,2,1.0,0.0,1,1.0,1.0,-0.13337446000046466
LOCAL SERVICE@C11748,2,1.0,0.0,1,1.0,1.0,-0.13337446000046466
NETWORK SERVICE@C15034,2,1.0,0.0,1,1.0,1.0,-0.13337446000046466
NETWORK SERVICE@C5194,2,1.0,0.0,1,1.0,1.0,-0.13337446000046466
NETWORK SERVICE@C5212,2,1.0,0.0,1,1.0,1.0,-0.13337446000046466
ANONYMOUS LOGON@C1549,2,1.0,0.0,1,1.0,1.0,-0.13337446000046466
NETWORK SERVICE@C6371,2,1.0,0.0,1,1.0,1.0,-0.13337446000046466
NETWORK SERVICE@C6425,2,1.0,0.0,1,1.0,1.0,-0.13337446000046466
NETWORK SERVICE@C6532,2,1.0,0.0,1,1.0,1.0,-0.13337446000046466
LOCAL SERVICE@C8501,2,1.0,0.0,1,1.0,1.0,-0.13337446000046466
LOCAL SERVICE@C8542,2,1.0,0.0,1,1.0,1.0,-0.13337446000046466
NETWORK SERVICE@C5220,2,1.0,0.0,1,1.0,1.0,-0.13337446000046466
NETWORK SERVICE@C5222,2,1.0,0.0,1,1.0,1.0,-0.13337446000046466
LOCAL SERVICE@C12006,2,1.0,0.0,1,1.0,1.0,-0.13337446000046466
LOCAL SERVICE@C12160,2,1.0,0.0,1,1.0,1.0,-0.13337446000046466
U7448@DOM9,2,1.0,0.0,1,1.0,1.0,-0.13337446000046466
NETWORK SERVICE@C2735,2,1.0,0.0,1,1.0,1.0,-0.13337446000046466
NETWORK SERVICE@C2836,2,1.0,0.0,1,1.0,1.0,-0.13337446000046466
NETWORK SERVICE@C2875,2,1.0,0.0,1,1.0,1.0,-0.13337446000046466
U7464@DOM1,2,1.0,0.0,1,1.0,1.0,-0.13337446000046466
LOCAL SERVICE@C5511,2,1.0,0.0,1,1.0,1.0,-0.13337446000046466
U1604@DOM9,2,1.0,0.0,1,1.0,1.0,-0.13337446000046466
NETWORK SERVICE@C6121,2,1.0,0.0,1,1.0,1.0,-0.13337446000046466
NETWORK SERVICE@C6249,2,1.0,0.0,1,1.0,1.0,-0.13337446000046466
NETWORK SERVICE@C6261,2,1.0,0.0,1,1.0,1.0,-0.13337446000046466
NETWORK SERVICE@C6281,2,1.0,0.0,1,1.0,1.0,-0.13337446000046466
NETWORK SERVICE@C15450,2,1.0,0.0,1,1.0,1.0,-0.13337446000046466
NETWORK SERVICE@C2377,2,1.0,0.0,1,1.0,1.0,-0.13337446000046466
NETWORK SERVICE@C2394,2,1.0,0.0,1,1.0,1.0,-0.13337446000046466
NETWORK SERVICE@C2399,2,1.0,0.0,1,1.0,1.0,-0.13337446000046466
LOCAL SERVICE@C7288,2,1.0,0.0,1,1.0,1.0,-0.13337446000046466
LOCAL SERVICE@C7537,2,1.0,0.0,1,1.0,1.0,-0.13337446000046466
LOCAL SERVICE@C7586,2,1.0,0.0,1,1.0,1.0,-0.13337446000046466
LOCAL SERVICE@C7707,2,1.0,0.0,1,1.0,1.0,-0.13337446000046466
NETWORK SERVICE@C15598,2,1.0,0.0,1,1.0,1.0,-0.13337446000046466
NETWORK SERVICE@C14748,2,1.0,0.0,1,1.0,1.0,-0.13337446000046466
NETWORK SERVICE@C3030,2,1.0,0.0,1,1.0,1.0,-0.13337446000046466
NETWORK SERVICE@C5511,2,1.0,0.0,1,1.0,1.0,-0.13337446000046466
NETWORK SERVICE@C5513,2,1.0,0.0,1,1.0,1.0,-0.13337446000046466
LOCAL SERVICE@C6677,2,1.0,0.0,1,1.0,1.0,-0.13337446000046466
U2611@DOM1,2,1.0,0.0,1,1.0,1.0,-0.13337446000046466
NETWORK SERVICE@C2238,2,1.0,0.0,1,1.0,1.0,-0.13337446000046466
NETWORK SERVICE@C6113,2,1.0,0.0,1,1.0,1.0,-0.13337446000046466
LOCAL SERVICE@C20956,2,1.0,0.0,1,1.0,1.0,-0.13337446000046466
LOCAL SERVICE@C10376,2,1.0,0.0,1,1.0,1.0,-0.13337446000046466
LOCAL SERVICE@C10563,2,1.0,0.0,1,1.0,1.0,-0.13337446000046466
LOCAL SERVICE@C10921,2,1.0,0.0,1,1.0,1.0,-0.13337446000046466
NETWORK SERVICE@C5277,2,1.0,0.0,1,1.0,1.0,-0.13337446000046466
NETWORK SERVICE@C5345,2,1.0,0.0,1,1.0,1.0,-0.13337446000046466
NETWORK SERVICE@C5365,2,1.0,0.0,1,1.0,1.0,-0.13337446000046466
NETWORK SERVICE@C5883,2,1.0,0.0,1,1.0,1.0,-0.13337446000046466
NETWORK SERVICE@C5974,2,1.0,0.0,1,1.0,1.0,-0.13337446000046466
NETWORK SERVICE@C5375,2,1.0,0.0,1,1.0,1.0,-0.13337446000046466
NETWORK SERVICE@C5441,2,1.0,0.0,1,1.0,1.0,-0.13337446000046466
NETWORK SERVICE@C5455,2,1.0,0.0,1,1.0,1.0,-0.13337446000046466
LOCAL SERVICE@C20958,2,1.0,0.0,1,1.0,1.0,-0.13337446000046466
LOCAL SERVICE@C5534,2,1.0,0.0,1,1.0,1.0,-0.13337446000046466
NETWORK SERVICE@C2473,2,1.0,0.0,1,1.0,1.0,-0.13337446000046466
NETWORK SERVICE@C14790,2,1.0,0.0,1,1.0,1.0,-0.13337446000046466
LOCAL SERVICE@C21183,2,1.0,0.0,1,1.0,1.0,-0.13337446000046466
C5135$@DOM3,2,1.0,0.0,1,1.0,1.0,-0.13337446000046466
U1724@C2436,2,1.0,0.0,1,1.0,1.0,-0.13337446000046466
U1788@C14700,2,1.0,0.0,1,1.0,1.0,-0.13337446000046466
ANONYMOUS LOGON@C16280,2,1.0,0.0,1,1.0,1.0,-0.13337446000046466
LOCAL SERVICE@C2475,2,1.0,0.0,1,1.0,1.0,-0.13337446000046466
LOCAL SERVICE@C2479,2,1.0,0.0,1,1.0,1.0,-0.13337446000046466
U425@C2886,2,1.0,0.0,1,1.0,1.0,-0.13337446000046466
NETWORK SERVICE@C15937,2,1.0,0.0,1,1.0,1.0,-0.13337446000046466
NETWORK SERVICE@C16023,2,1.0,0.0,1,1.0,1.0,-0.13337446000046466
NETWORK SERVICE@C1533,2,1.0,0.0,1,1.0,1.0,-0.13337446000046466
U1788@C15394,2,1.0,0.0,1,1.0,1.0,-0.13337446000046466
U1590@DOM1,2,1.0,0.0,1,1.0,1.0,-0.13337446000046466
U4590@DOM1,2,1.0,0.0,1,1.0,1.0,-0.13337446000046466
U1597@DOM3,2,1.0,0.0,1,1.0,1.0,-0.13337446000046466
NETWORK SERVICE@C2479,2,1.0,0.0,1,1.0,1.0,-0.13337446000046466
NETWORK SERVICE@C2554,2,1.0,0.0,1,1.0,1.0,-0.13337446000046466
NETWORK SERVICE@C2580,2,1.0,0.0,1,1.0,1.0,-0.13337446000046466
NETWORK SERVICE@C2584,2,1.0,0.0,1,1.0,1.0,-0.13337446000046466
NETWORK SERVICE@C2610,2,1.0,0.0,1,1.0,1.0,-0.13337446000046466
NETWORK SERVICE@C2714,2,1.0,0.0,1,1.0,1.0,-0.13337446000046466
LOCAL SERVICE@C5538,2,1.0,0.0,1,1.0,1.0,-0.13337446000046466
LOCAL SERVICE@C5946,2,1.0,0.0,1,1.0,1.0,-0.13337446000046466
U9472@DOM1,2,1.0,0.0,1,1.0,1.0,-0.13337446000046466
U9480@DOM1,2,1.0,0.0,1,1.0,1.0,-0.13337446000046466
U6557@DOM1,2,1.0,0.0,1,1.0,1.0,-0.13337446000046466
NETWORK SERVICE@C15780,2,1.0,0.0,1,1.0,1.0,-0.13337446000046466
LOCAL SERVICE@C18182,2,1.0,0.0,1,1.0,1.0,-0.13337446000046466
NETWORK SERVICE@C4081,2,1.0,0.0,1,1.0,1.0,-0.13337446000046466
NETWORK SERVICE@C4091,2,1.0,0.0,1,1.0,1.0,-0.13337446000046466
NETWORK SERVICE@C4110,2,1.0,0.0,1,1.0,1.0,-0.13337446000046466
C2315$@DOM1,104,1.0,0.0,7,1.0,0.9903846153846154,-0.13338268564855837
C9884$@DOM1,177,1.0,0.0,6,1.0,0.9887005649717514,-0.1334098605269325
C370$@DOM1,177,1.0,0.0,6,1.0,0.9887005649717514,-0.1334098605269325
C10103$@DOM1,235,1.0,0.0,7,1.0,0.9957446808510638,-0.13341466972517524
C77$@DOM1,147,1.0,0.0,7,1.0,0.9863945578231292,-0.13343388610243495
C1464$@DOM1,147,1.0,0.0,7,1.0,0.9863945578231292,-0.13343388610243495
C1257$@DOM1,147,1.0,0.0,7,1.0,0.9863945578231292,-0.13343388610243495
C10854$@DOM1,147,1.0,0.0,7,1.0,0.9863945578231292,-0.13343388610243495
C358$@DOM1,147,1.0,0.0,7,1.0,0.9863945578231292,-0.13343388610243495
C536$@DOM1,251,1.0,0.0,7,1.0,1.0,-0.13344101581053325
C2035$@DOM1,251,1.0,0.0,7,1.0,1.0,-0.13344101581053325
C9851$@DOM1,228,1.0,0.0,6,1.0,0.9956140350877193,-0.13344418916118195
C6598$@DOM1,228,1.0,0.0,6,1.0,0.9956140350877193,-0.13344418916118195
C20244$@DOM1,226,1.0,0.0,8,1.0,0.995575221238938,-0.13344442671750367
U2489@DOM1,24,1.0,0.0,5,1.0,1.0,-0.13344905434668258
C1137$@DOM1,249,1.0,0.0,7,1.0,1.0,-0.1335030127651914
C14516$@DOM1,250,1.0,0.0,7,1.0,1.0,-0.1335030127651914
C11244$@DOM1,250,1.0,0.0,7,1.0,1.0,-0.1335030127651914
C10527$@DOM1,249,1.0,0.0,7,1.0,1.0,-0.1335030127651914
C1142$@DOM1,176,1.0,0.0,6,1.0,0.9886363636363636,-0.1335061231772966
C13505$@DOM1,176,1.0,0.0,6,1.0,0.9886363636363636,-0.1335061231772966
C10632$@DOM1,176,1.0,0.0,6,1.0,0.9886363636363636,-0.1335061231772966
C6314$@DOM1,174,1.0,0.0,6,1.0,0.9885057471264368,-0.13354630702036807
C14460$@DOM1,120,1.0,0.0,5,1.0,0.9916666666666667,-0.13359730324301233
C3148$@DOM1,120,1.0,0.0,5,1.0,0.9916666666666667,-0.13359730324301233
C14494$@DOM1,120,1.0,0.0,5,1.0,0.9916666666666667,-0.13359730324301233
C20588$@DOM1,120,1.0,0.0,5,1.0,0.9916666666666667,-0.13359730324301233
C16414$@DOM1,120,1.0,0.0,5,1.0,0.9916666666666667,-0.13359730324301233
C1026$@DOM1,183,1.0,0.0,5,1.0,0.994535519125683,-0.13361924308845113
C970$@DOM1,183,1.0,0.0,5,1.0,0.994535519125683,-0.13361924308845113
C18407$@DOM1,183,1.0,0.0,5,1.0,0.994535519125683,-0.13361924308845113
C8248$@DOM1,245,1.0,0.0,6,1.0,1.0,-0.1336394786217665
C953$@DOM1,225,1.0,0.0,8,1.0,0.9955555555555555,-0.1336506708092537
C191$@DOM1,225,1.0,0.0,8,1.0,0.9955555555555555,-0.1336506708092537
C6129$@DOM1,225,1.0,0.0,8,1.0,0.9955555555555555,-0.1336506708092537
C720$@DOM1,225,1.0,0.0,8,1.0,0.9955555555555555,-0.1336506708092537
C485$@DOM1,225,1.0,0.0,8,1.0,0.9955555555555555,-0.1336506708092537
C14575$@DOM1,187,1.0,0.0,7,1.0,0.9893048128342246,-0.13368965083537587
C869$@DOM1,187,1.0,0.0,7,1.0,0.9893048128342246,-0.13368965083537587
C7422$@DOM1,204,1.0,0.0,9,1.0,1.0,-0.13371615618971827
C21046$@DOM1,182,1.0,0.0,5,1.0,0.9945054945054945,-0.13373722115977116
C9845$@DOM1,188,1.0,0.0,7,1.0,0.9893617021276596,-0.13375160573782674
C18421$@DOM1,188,1.0,0.0,7,1.0,0.9893617021276596,-0.13375160573782674
C6244$@DOM1,145,1.0,0.0,6,1.0,0.9862068965517241,-0.13375196041219878
C9366$@DOM1,145,1.0,0.0,6,1.0,0.9862068965517241,-0.13375196041219878
C18239$@DOM1,145,1.0,0.0,6,1.0,0.9862068965517241,-0.13375196041219878
C1234$@DOM1,145,1.0,0.0,6,1.0,0.9862068965517241,-0.13375196041219878
C15967$@DOM1,180,1.0,0.0,6,1.0,0.9888888888888889,-0.13380608383551007
C9799$@DOM1,180,1.0,0.0,6,1.0,0.9888888888888889,-0.13380608383551007
C7564$@DOM1,180,1.0,0.0,6,1.0,0.9888888888888889,-0.13380608383551007
C17327$@DOM1,180,1.0,0.0,6,1.0,0.9888888888888889,-0.13380608383551007
C8060$@DOM1,180,1.0,0.0,6,1.0,0.9888888888888889,-0.13380608383551007
C1581$@DOM1,180,1.0,0.0,6,1.0,0.9888888888888889,-0.13380608383551007
C10966$@DOM1,184,1.0,0.0,5,1.0,0.9945652173913043,-0.1338292357957343
C17216$@DOM1,184,1.0,0.0,5,1.0,0.9945652173913043,-0.1338292357957343
C781$@DOM1,184,1.0,0.0,5,1.0,0.9945652173913043,-0.1338292357957343
C12552$@DOM1,184,1.0,0.0,5,1.0,0.9945652173913043,-0.1338292357957343
C927$@DOM1,227,1.0,0.0,6,1.0,0.9955947136563876,-0.13383019998181067
C10251$@DOM1,227,1.0,0.0,6,1.0,0.9955947136563876,-0.13383019998181067
C505$@DOM1,227,1.0,0.0,6,1.0,0.9955947136563876,-0.13383019998181067
C7952$@DOM1,178,1.0,0.0,6,1.0,0.9887640449438202,-0.13383728533152078
C971$@DOM1,178,1.0,0.0,6,1.0,0.9887640449438202,-0.13383728533152078
C12055$@DOM1,178,1.0,0.0,6,1.0,0.9887640449438202,-0.13383728533152078
C12657$@DOM1,179,1.0,0.0,6,1.0,0.9888268156424581,-0.13385984653509886
C7742$@DOM1,179,1.0,0.0,6,1.0,0.9888268156424581,-0.13385984653509886
C12642$@DOM1,179,1.0,0.0,6,1.0,0.9888268156424581,-0.13385984653509886
C7390$@DOM1,175,1.0,0.0,6,1.0,0.9885714285714285,-0.1338626472307317
C14132$@DOM1,175,1.0,0.0,6,1.0,0.9885714285714285,-0.1338626472307317
C7371$@DOM1,175,1.0,0.0,6,1.0,0.9885714285714285,-0.1338626472307317
C7774$@DOM1,175,1.0,0.0,6,1.0,0.9885714285714285,-0.1338626472307317
C10191$@DOM1,175,1.0,0.0,6,1.0,0.9885714285714285,-0.1338626472307317
C10177$@DOM1,224,1.0,0.0,8,1.0,0.9955357142857143,-0.13388125440589949
C14514$@DOM1,224,1.0,0.0,8,1.0,0.9955357142857143,-0.13388125440589949
C6705$@DOM1,224,1.0,0.0,8,1.0,0.9955357142857143,-0.13388125440589949
C12125$@DOM1,149,1.0,0.0,7,1.0,0.9865771812080537,-0.13389701940566684
C8919$@DOM1,149,1.0,0.0,7,1.0,0.9865771812080537,-0.13389701940566684
C7750$@DOM1,181,1.0,0.0,5,1.0,0.994475138121547,-0.1339226617797173
C15575$@DOM1,223,1.0,0.0,8,1.0,0.9955156950672646,-0.13392892715167082
C1230$@DOM1,223,1.0,0.0,8,1.0,0.9955156950672646,-0.13392892715167082
C17626$@DOM1,223,1.0,0.0,8,1.0,0.9955156950672646,-0.13392892715167082
C671$@DOM1,223,1.0,0.0,8,1.0,0.9955156950672646,-0.13392892715167082
C5232$@DOM1,232,1.0,0.0,7,1.0,0.9956896551724138,-0.13394154833783134
C9718$@DOM1,232,1.0,0.0,7,1.0,0.9956896551724138,-0.13394154833783134
C1014$@DOM1,232,1.0,0.0,7,1.0,0.9956896551724138,-0.13394154833783134
U7384@DOM1,38,1.0,0.0,4,1.0,1.0,-0.13397388341478816
U1419@DOM1,38,1.0,0.0,4,1.0,1.0,-0.13397388341478816
U6025@DOM1,38,1.0,0.0,4,1.0,1.0,-0.13397388341478816
U1280@DOM1,38,1.0,0.0,4,1.0,1.0,-0.13397388341478816
U5535@DOM1,38,1.0,0.0,4,1.0,1.0,-0.13397388341478816
U7871@DOM1,38,1.0,0.0,4,1.0,1.0,-0.13397388341478816
U1879@DOM1,38,1.0,0.0,4,1.0,1.0,-0.13397388341478816
U3321@DOM1,38,1.0,0.0,4,1.0,1.0,-0.13397388341478816
U9359@DOM1,38,1.0,0.0,4,1.0,1.0,-0.13397388341478816
C13896$@DOM1,222,1.0,0.0,8,1.0,0.9954954954954955,-0.1339818636865227
C9766$@DOM1,172,1.0,0.0,6,1.0,0.9883720930232558,-0.13398438505046673
C1447$@DOM1,172,1.0,0.0,6,1.0,0.9883720930232558,-0.13398438505046673
C20851$@DOM1,122,1.0,0.0,5,1.0,0.9918032786885246,-0.13399196183375184
C151$@DOM1,122,1.0,0.0,5,1.0,0.9918032786885246,-0.13399196183375184
C17560$@DOM1,122,1.0,0.0,5,1.0,0.9918032786885246,-0.13399196183375184
C14583$@DOM1,202,1.0,0.0,9,1.0,1.0,-0.13401508883347968
C4369$@DOM1,203,1.0,0.0,9,1.0,1.0,-0.13401508883347968
C19562$@DOM1,148,1.0,0.0,7,1.0,0.9864864864864865,-0.1340364200279352
C6353$@DOM1,243,1.0,0.0,6,1.0,1.0,-0.13406542828264112
C984$@DOM1,244,1.0,0.0,6,1.0,1.0,-0.13406542828264112
C3534$@DOM1,244,1.0,0.0,6,1.0,1.0,-0.13406542828264112
C14003$@DOM1,243,1.0,0.0,6,1.0,1.0,-0.13406542828264112
C1148$@DOM1,105,1.0,0.0,6,1.0,0.9904761904761905,-0.13406955242652452
C13277$@DOM1,150,1.0,0.0,7,1.0,0.9866666666666667,-0.134102205162537
C6779$@DOM1,150,1.0,0.0,7,1.0,0.9866666666666667,-0.134102205162537
C10245$@DOM1,150,1.0,0.0,7,1.0,0.9866666666666667,-0.134102205162537
C17392$@DOM1,150,1.0,0.0,7,1.0,0.9866666666666667,-0.134102205162537
C7916$@DOM1,173,1.0,0.0,6,1.0,0.9884393063583815,-0.13413649113023968
C15032$@DOM1,173,1.0,0.0,6,1.0,0.9884393063583815,-0.13413649113023968
C7808$@DOM1,226,1.0,0.0,6,1.0,0.995575221238938,-0.13414121536381562
C2327$@DOM1,10,1.0,0.0,6,1.0,1.0,-0.13422378822492947
U3119@DOM1,53,1.0,0.0,9,1.0,1.0,-0.1342474941173314
U5452@DOM1,53,1.0,0.0,9,1.0,1.0,-0.1342474941173314
U3265@DOM1,53,1.0,0.0,9,1.0,1.0,-0.1342474941173314
U7490@DOM1,53,1.0,0.0,9,1.0,1.0,-0.1342474941173314
U9218@DOM1,41,1.0,0.0,4,1.0,1.0,-0.13426450583030775
U2837@DOM1,41,1.0,0.0,4,1.0,1.0,-0.13426450583030775
U4552@DOM1,41,1.0,0.0,4,1.0,1.0,-0.13426450583030775
U7446@DOM1,41,1.0,0.0,4,1.0,1.0,-0.13426450583030775
C9562$@DOM1,146,1.0,0.0,6,1.0,0.9863013698630136,-0.1342706295269308
C9663$@DOM1,105,1.0,0.0,7,1.0,0.9904761904761905,-0.13429362026080927
C19045$@DOM1,105,1.0,0.0,7,1.0,0.9904761904761905,-0.13429362026080927
U7914@DOM1,40,1.0,0.0,4,1.0,1.0,-0.13433919100553188
U566@DOM1,40,1.0,0.0,4,1.0,1.0,-0.13433919100553188
U635@DOM1,40,1.0,0.0,4,1.0,1.0,-0.13433919100553188
U9176@DOM1,40,1.0,0.0,4,1.0,1.0,-0.13433919100553188
U7434@DOM1,40,1.0,0.0,4,1.0,1.0,-0.13433919100553188
U6761@DOM1,40,1.0,0.0,4,1.0,1.0,-0.13433919100553188
U5289@DOM1,40,1.0,0.0,4,1.0,1.0,-0.13433919100553188
U4925@DOM1,40,1.0,0.0,4,1.0,1.0,-0.13433919100553188
U7191@DOM1,40,1.0,0.0,4,1.0,1.0,-0.13433919100553188
C7474$@DOM1,174,1.0,0.0,4,1.0,1.0,-0.13434210928011242
C7744$@DOM1,174,1.0,0.0,4,1.0,1.0,-0.13434210928011242
U4738@DOM1,200,1.0,0.0,9,1.0,1.0,-0.1343628226548239
C21755$@DOM1,200,1.0,0.0,9,1.0,1.0,-0.1343628226548239
U5227@DOM1,39,1.0,0.0,4,1.0,1.0,-0.13441102521661735
U3552@DOM1,39,1.0,0.0,4,1.0,1.0,-0.13441102521661735
U3103@DOM1,39,1.0,0.0,4,1.0,1.0,-0.13441102521661735
U3688@DOM1,39,1.0,0.0,4,1.0,1.0,-0.13441102521661735
U9296@DOM1,39,1.0,0.0,4,1.0,1.0,-0.13441102521661735
U9314@DOM1,39,1.0,0.0,4,1.0,1.0,-0.13441102521661735
C15082$@DOM1,186,1.0,0.0,7,1.0,0.989247311827957,-0.13443500339444509
C582$@DOM1,186,1.0,0.0,7,1.0,0.989247311827957,-0.13443500339444509
C218$@DOM1,170,1.0,0.0,6,1.0,0.9882352941176471,-0.13448778660729377
C12519$@DOM1,170,1.0,0.0,6,1.0,0.9882352941176471,-0.13448778660729377
C8198$@DOM1,151,1.0,0.0,7,1.0,0.9867549668874173,-0.13450357950107034
C15295$@DOM1,151,1.0,0.0,7,1.0,0.9867549668874173,-0.13450357950107034
C7606$@DOM1,151,1.0,0.0,7,1.0,0.9867549668874173,-0.13450357950107034
C2757$@DOM1,225,1.0,0.0,6,1.0,0.9955555555555555,-0.13450461194846325
C7958$@DOM1,225,1.0,0.0,6,1.0,0.9955555555555555,-0.13450461194846325
C8589$@DOM1,225,1.0,0.0,6,1.0,0.9955555555555555,-0.13450461194846325
C9679$@DOM1,225,1.0,0.0,6,1.0,0.9955555555555555,-0.13450461194846325
C6843$@DOM1,185,1.0,0.0,7,1.0,0.9891891891891892,-0.1345198959183323
C6754$@DOM1,185,1.0,0.0,7,1.0,0.9891891891891892,-0.1345198959183323
U9006@DOM1,26,1.0,0.0,8,1.0,1.0,-0.13452390403387304
C1170$@DOM1,231,1.0,0.0,7,1.0,0.9956709956709957,-0.13453383061528656
C1012$@DOM1,231,1.0,0.0,7,1.0,0.9956709956709957,-0.13453383061528656
C15276$@DOM1,231,1.0,0.0,7,1.0,0.9956709956709957,-0.13453383061528656
C1849$@DOM1,242,1.0,0.0,6,1.0,1.0,-0.13455827072107462
C1882$@DOM1,244,1.0,0.0,8,1.0,1.0,-0.13456030730834473
C841$@DOM1,245,1.0,0.0,8,1.0,1.0,-0.13456030730834473
C16806$@DOM1,244,1.0,0.0,8,1.0,1.0,-0.13456030730834473
ANONYMOUS LOGON@C4798,7,1.0,0.0,1,1.0,1.0,-0.13456747403439956
LOCAL SERVICE@C14506,7,1.0,0.0,1,1.0,1.0,-0.13456747403439956
LOCAL SERVICE@C14496,7,1.0,0.0,1,1.0,1.0,-0.13456747403439956
LOCAL SERVICE@C4031,7,1.0,0.0,1,1.0,1.0,-0.13456747403439956
LOCAL SERVICE@C4319,7,1.0,0.0,1,1.0,1.0,-0.13456747403439956
LOCAL SERVICE@C4325,7,1.0,0.0,1,1.0,1.0,-0.13456747403439956
ANONYMOUS LOGON@C1720,7,1.0,0.0,1,1.0,1.0,-0.13456747403439956
LOCAL SERVICE@C16312,7,1.0,0.0,1,1.0,1.0,-0.13456747403439956
LOCAL SERVICE@C16132,7,1.0,0.0,1,1.0,1.0,-0.13456747403439956
LOCAL SERVICE@C16162,7,1.0,0.0,1,1.0,1.0,-0.13456747403439956
LOCAL SERVICE@C16226,7,1.0,0.0,1,1.0,1.0,-0.13456747403439956
NETWORK SERVICE@C18850,7,1.0,0.0,1,1.0,1.0,-0.13456747403439956
LOCAL SERVICE@C14379,7,1.0,0.0,1,1.0,1.0,-0.13456747403439956
NETWORK SERVICE@C19601,7,1.0,0.0,1,1.0,1.0,-0.13456747403439956
ANONYMOUS LOGON@C4165,7,1.0,0.0,1,1.0,1.0,-0.13456747403439956
ANONYMOUS LOGON@C4169,7,1.0,0.0,1,1.0,1.0,-0.13456747403439956
NETWORK SERVICE@C10747,7,1.0,0.0,1,1.0,1.0,-0.13456747403439956
NETWORK SERVICE@C9608,7,1.0,0.0,1,1.0,1.0,-0.13456747403439956
LOCAL SERVICE@C15615,7,1.0,0.0,1,1.0,1.0,-0.13456747403439956
LOCAL SERVICE@C20191,7,1.0,0.0,1,1.0,1.0,-0.13456747403439956
ANONYMOUS LOGON@C3300,7,1.0,0.0,1,1.0,1.0,-0.13456747403439956
LOCAL SERVICE@C18812,7,1.0,0.0,1,1.0,1.0,-0.13456747403439956
NETWORK SERVICE@C15606,7,1.0,0.0,1,1.0,1.0,-0.13456747403439956
LOCAL SERVICE@C10267,7,1.0,0.0,1,1.0,1.0,-0.13456747403439956
LOCAL SERVICE@C10803,7,1.0,0.0,1,1.0,1.0,-0.13456747403439956
LOCAL SERVICE@C11307,7,1.0,0.0,1,1.0,1.0,-0.13456747403439956
LOCAL SERVICE@C6108,7,1.0,0.0,1,1.0,1.0,-0.13456747403439956
NETWORK SERVICE@C5942,7,1.0,0.0,1,1.0,1.0,-0.13456747403439956
LOCAL SERVICE@C11370,7,1.0,0.0,1,1.0,1.0,-0.13456747403439956
LOCAL SERVICE@C11327,7,1.0,0.0,1,1.0,1.0,-0.13456747403439956
NETWORK SERVICE@C3189,7,1.0,0.0,1,1.0,1.0,-0.13456747403439956
NETWORK SERVICE@C10559,7,1.0,0.0,1,1.0,1.0,-0.13456747403439956
LOCAL SERVICE@C3984,7,1.0,0.0,1,1.0,1.0,-0.13456747403439956
NETWORK SERVICE@C20536,7,1.0,0.0,1,1.0,1.0,-0.13456747403439956
LOCAL SERVICE@C13859,7,1.0,0.0,1,1.0,1.0,-0.13456747403439956
LOCAL SERVICE@C13781,7,1.0,0.0,1,1.0,1.0,-0.13456747403439956
NETWORK SERVICE@C3247,7,1.0,0.0,1,1.0,1.0,-0.13456747403439956
NETWORK SERVICE@C12277,7,1.0,0.0,1,1.0,1.0,-0.13456747403439956
LOCAL SERVICE@C14097,7,1.0,0.0,1,1.0,1.0,-0.13456747403439956
LOCAL SERVICE@C14366,7,1.0,0.0,1,1.0,1.0,-0.13456747403439956
LOCAL SERVICE@C4722,7,1.0,0.0,1,1.0,1.0,-0.13456747403439956
LOCAL SERVICE@C4883,7,1.0,0.0,1,1.0,1.0,-0.13456747403439956
LOCAL SERVICE@C15978,7,1.0,0.0,1,1.0,1.0,-0.13456747403439956
NETWORK SERVICE@C18055,7,1.0,0.0,1,1.0,1.0,-0.13456747403439956
NETWORK SERVICE@C1748,7,1.0,0.0,1,1.0,1.0,-0.13456747403439956
LOCAL SERVICE@C13537,7,1.0,0.0,1,1.0,1.0,-0.13456747403439956
NETWORK SERVICE@C17465,7,1.0,0.0,1,1.0,1.0,-0.13456747403439956
LOCAL SERVICE@C16614,7,1.0,0.0,1,1.0,1.0,-0.13456747403439956
NETWORK SERVICE@C2126,7,1.0,0.0,1,1.0,1.0,-0.13456747403439956
ANONYMOUS LOGON@C5780,7,1.0,0.0,1,1.0,1.0,-0.13456747403439956
NETWORK SERVICE@C7593,7,1.0,0.0,1,1.0,1.0,-0.13456747403439956
LOCAL SERVICE@C12958,7,1.0,0.0,1,1.0,1.0,-0.13456747403439956
NETWORK SERVICE@C7814,7,1.0,0.0,1,1.0,1.0,-0.13456747403439956
NETWORK SERVICE@C7677,7,1.0,0.0,1,1.0,1.0,-0.13456747403439956
LOCAL SERVICE@C12802,7,1.0,0.0,1,1.0,1.0,-0.13456747403439956
LOCAL SERVICE@C12929,7,1.0,0.0,1,1.0,1.0,-0.13456747403439956
LOCAL SERVICE@C3440,7,1.0,0.0,1,1.0,1.0,-0.13456747403439956
NETWORK SERVICE@C3814,7,1.0,0.0,1,1.0,1.0,-0.13456747403439956
LOCAL SERVICE@C3247,7,1.0,0.0,1,1.0,1.0,-0.13456747403439956
LOCAL SERVICE@C16633,7,1.0,0.0,1,1.0,1.0,-0.13456747403439956
NETWORK SERVICE@C4986,7,1.0,0.0,1,1.0,1.0,-0.13456747403439956
LOCAL SERVICE@C13738,7,1.0,0.0,1,1.0,1.0,-0.13456747403439956
LOCAL SERVICE@C9067,7,1.0,0.0,1,1.0,1.0,-0.13456747403439956
LOCAL SERVICE@C17060,7,1.0,0.0,1,1.0,1.0,-0.13456747403439956
LOCAL SERVICE@C17410,7,1.0,0.0,1,1.0,1.0,-0.13456747403439956
LOCAL SERVICE@C16569,7,1.0,0.0,1,1.0,1.0,-0.13456747403439956
LOCAL SERVICE@C5022,7,1.0,0.0,1,1.0,1.0,-0.13456747403439956
ANONYMOUS LOGON@C2981,7,1.0,0.0,1,1.0,1.0,-0.13456747403439956
LOCAL SERVICE@C8260,7,1.0,0.0,1,1.0,1.0,-0.13456747403439956
LOCAL SERVICE@C12640,7,1.0,0.0,1,1.0,1.0,-0.13456747403439956
NETWORK SERVICE@C6530,7,1.0,0.0,1,1.0,1.0,-0.13456747403439956
NETWORK SERVICE@C14496,7,1.0,0.0,1,1.0,1.0,-0.13456747403439956
LOCAL SERVICE@C16637,7,1.0,0.0,1,1.0,1.0,-0.13456747403439956
NETWORK SERVICE@C16277,7,1.0,0.0,1,1.0,1.0,-0.13456747403439956
LOCAL SERVICE@C2997,7,1.0,0.0,1,1.0,1.0,-0.13456747403439956
NETWORK SERVICE@C7588,7,1.0,0.0,1,1.0,1.0,-0.13456747403439956
LOCAL SERVICE@C11812,7,1.0,0.0,1,1.0,1.0,-0.13456747403439956
NETWORK SERVICE@C5069,7,1.0,0.0,1,1.0,1.0,-0.13456747403439956
LOCAL SERVICE@C6427,7,1.0,0.0,1,1.0,1.0,-0.13456747403439956
LOCAL SERVICE@C6586,7,1.0,0.0,1,1.0,1.0,-0.13456747403439956
NETWORK SERVICE@C4347,7,1.0,0.0,1,1.0,1.0,-0.13456747403439956
LOCAL SERVICE@C6157,7,1.0,0.0,1,1.0,1.0,-0.13456747403439956
LOCAL SERVICE@C5493,7,1.0,0.0,1,1.0,1.0,-0.13456747403439956
LOCAL SERVICE@C8951,7,1.0,0.0,1,1.0,1.0,-0.13456747403439956
LOCAL SERVICE@C7852,7,1.0,0.0,1,1.0,1.0,-0.13456747403439956
NETWORK SERVICE@C2420,7,1.0,0.0,1,1.0,1.0,-0.13456747403439956
LOCAL SERVICE@C8579,7,1.0,0.0,1,1.0,1.0,-0.13456747403439956
LOCAL SERVICE@C8677,7,1.0,0.0,1,1.0,1.0,-0.13456747403439956
NETWORK SERVICE@C14657,7,1.0,0.0,1,1.0,1.0,-0.13456747403439956
LOCAL SERVICE@C17508,7,1.0,0.0,1,1.0,1.0,-0.13456747403439956
LOCAL SERVICE@C21527,7,1.0,0.0,1,1.0,1.0,-0.13456747403439956
LOCAL SERVICE@C21162,7,1.0,0.0,1,1.0,1.0,-0.13456747403439956
LOCAL SERVICE@C19067,7,1.0,0.0,1,1.0,1.0,-0.13456747403439956
LOCAL SERVICE@C18973,7,1.0,0.0,1,1.0,1.0,-0.13456747403439956
C19954$@DOM1,147,1.0,0.0,6,1.0,0.9863945578231292,-0.1345943244829647
C9315$@DOM1,147,1.0,0.0,6,1.0,0.9863945578231292,-0.1345943244829647
C9042$@DOM1,147,1.0,0.0,6,1.0,0.9863945578231292,-0.1345943244829647
C10295$@DOM1,147,1.0,0.0,6,1.0,0.9863945578231292,-0.1345943244829647
C11229$@DOM1,147,1.0,0.0,6,1.0,0.9863945578231292,-0.1345943244829647
C10347$@DOM1,147,1.0,0.0,6,1.0,0.9863945578231292,-0.1345943244829647
C10451$@DOM1,147,1.0,0.0,6,1.0,0.9863945578231292,-0.1345943244829647
C12425$@DOM1,147,1.0,0.0,6,1.0,0.9863945578231292,-0.1345943244829647
C7577$@DOM1,221,1.0,0.0,5,1.0,1.0,-0.13460883458083428
C10764$@DOM1,221,1.0,0.0,5,1.0,1.0,-0.13460883458083428
C887$@DOM1,171,1.0,0.0,6,1.0,0.9883040935672515,-0.13462320995149035
C7139$@DOM1,171,1.0,0.0,6,1.0,0.9883040935672515,-0.13462320995149035
C10796$@DOM1,171,1.0,0.0,6,1.0,0.9883040935672515,-0.13462320995149035
C6719$@DOM1,171,1.0,0.0,6,1.0,0.9883040935672515,-0.13462320995149035
C15498$@DOM1,171,1.0,0.0,6,1.0,0.9883040935672515,-0.13462320995149035
C14746$@DOM1,171,1.0,0.0,6,1.0,0.9883040935672515,-0.13462320995149035
C14160$@DOM1,171,1.0,0.0,6,1.0,0.9883040935672515,-0.13462320995149035
C19$@DOM1,171,1.0,0.0,6,1.0,0.9883040935672515,-0.13462320995149035
C559$@DOM1,171,1.0,0.0,6,1.0,0.9883040935672515,-0.13462320995149035
C6513$@DOM1,171,1.0,0.0,6,1.0,0.9883040935672515,-0.13462320995149035
C11650$@DOM1,171,1.0,0.0,6,1.0,0.9883040935672515,-0.13462320995149035
C10767$@DOM1,171,1.0,0.0,6,1.0,0.9883040935672515,-0.13462320995149035
C15982$@DOM1,247,1.0,0.0,7,1.0,1.0,-0.13463130766771986
C6259$@DOM1,248,1.0,0.0,7,1.0,1.0,-0.13463130766771986
C287$@DOM1,247,1.0,0.0,7,1.0,1.0,-0.13463130766771986
C1445$@DOM1,181,1.0,0.0,7,1.0,0.988950276243094,-0.13465285139742644
C12065$@DOM1,181,1.0,0.0,7,1.0,0.988950276243094,-0.13465285139742644
C15$@DOM1,181,1.0,0.0,7,1.0,0.988950276243094,-0.13465285139742644
C16775$@DOM1,107,1.0,0.0,6,1.0,0.9906542056074766,-0.13466017245192202
C1579$@DOM1,169,1.0,0.0,6,1.0,0.9881656804733728,-0.13466565973550987
C11112$@DOM1,169,1.0,0.0,6,1.0,0.9881656804733728,-0.13466565973550987
C11690$@DOM1,169,1.0,0.0,6,1.0,0.9881656804733728,-0.13466565973550987
C6535$@DOM1,169,1.0,0.0,6,1.0,0.9881656804733728,-0.13466565973550987
C10782$@DOM1,169,1.0,0.0,6,1.0,0.9881656804733728,-0.13466565973550987
C12675$@DOM1,123,1.0,0.0,5,1.0,0.991869918699187,-0.13467340175830028
C44$@DOM1,123,1.0,0.0,5,1.0,0.991869918699187,-0.13467340175830028
C649$@DOM1,149,1.0,0.0,6,1.0,0.9865771812080537,-0.13469016949983592
C20966$@DOM1,149,1.0,0.0,6,1.0,0.9865771812080537,-0.13469016949983592
C19014$@DOM1,117,1.0,0.0,8,1.0,0.9914529914529915,-0.1346937764184819
C15240$@DOM1,182,1.0,0.0,7,1.0,0.989010989010989,-0.13471464339157568
C9906$@DOM1,182,1.0,0.0,7,1.0,0.989010989010989,-0.13471464339157568
C21353$@DOM1,182,1.0,0.0,7,1.0,0.989010989010989,-0.13471464339157568
C1441$@DOM1,182,1.0,0.0,7,1.0,0.989010989010989,-0.13471464339157568
U9005@DOM1,54,1.0,0.0,9,1.0,1.0,-0.134716196251209
C5946$@DOM1,54,1.0,0.0,9,1.0,1.0,-0.134716196251209
U6107@DOM1,54,1.0,0.0,9,1.0,1.0,-0.134716196251209
C20185$@DOM1,107,1.0,0.0,7,1.0,0.9906542056074766,-0.13475421395616988
C10609$@DOM1,107,1.0,0.0,7,1.0,0.9906542056074766,-0.13475421395616988
C14264$@DOM1,183,1.0,0.0,7,1.0,0.9890710382513661,-0.13475444818536186
C12731$@DOM1,183,1.0,0.0,7,1.0,0.9890710382513661,-0.13475444818536186
C14994$@DOM1,183,1.0,0.0,7,1.0,0.9890710382513661,-0.13475444818536186
C12796$@DOM1,183,1.0,0.0,7,1.0,0.9890710382513661,-0.13475444818536186
C13561$@DOM1,164,1.0,0.0,6,1.0,0.9878048780487805,-0.13476369779467368
C14176$@DOM1,164,1.0,0.0,6,1.0,0.9878048780487805,-0.13476369779467368
C9702$@DOM1,164,1.0,0.0,6,1.0,0.9878048780487805,-0.13476369779467368
C15895$@DOM1,180,1.0,0.0,5,1.0,0.9944444444444445,-0.13476908146990224
C8121$@DOM1,180,1.0,0.0,5,1.0,0.9944444444444445,-0.13476908146990224
C509$@DOM1,180,1.0,0.0,5,1.0,0.9944444444444445,-0.13476908146990224
C2024$@DOM1,221,1.0,0.0,8,1.0,0.995475113122172,-0.13476922721122997
C48$@DOM1,221,1.0,0.0,8,1.0,0.995475113122172,-0.13476922721122997
U4745@DOM1,25,1.0,0.0,5,1.0,1.0,-0.13479896034423988
U3898@DOM1,25,1.0,0.0,5,1.0,1.0,-0.13479896034423988
C950$@DOM1,163,1.0,0.0,6,1.0,0.9877300613496932,-0.13480585249996235
C19225$@DOM1,163,1.0,0.0,6,1.0,0.9877300613496932,-0.13480585249996235
C18481$@DOM1,163,1.0,0.0,6,1.0,0.9877300613496932,-0.13480585249996235
C16941$@DOM1,163,1.0,0.0,6,1.0,0.9877300613496932,-0.13480585249996235
C13088$@DOM1,163,1.0,0.0,6,1.0,0.9877300613496932,-0.13480585249996235
C8287$@DOM1,163,1.0,0.0,6,1.0,0.9877300613496932,-0.13480585249996235
C15873$@DOM1,148,1.0,0.0,6,1.0,0.9864864864864865,-0.1348308492135568
C6957$@DOM1,148,1.0,0.0,6,1.0,0.9864864864864865,-0.1348308492135568
C10664$@DOM1,148,1.0,0.0,6,1.0,0.9864864864864865,-0.1348308492135568
C21412$@DOM1,148,1.0,0.0,6,1.0,0.9864864864864865,-0.1348308492135568
C9618$@DOM1,148,1.0,0.0,6,1.0,0.9864864864864865,-0.1348308492135568
C343$@DOM1,106,1.0,0.0,6,1.0,0.9905660377358491,-0.1348822209319096
C14079$@DOM1,243,1.0,0.0,8,1.0,1.0,-0.13492737905500646
C10648$@DOM1,168,1.0,0.0,6,1.0,0.9880952380952381,-0.1349486695134975
C7633$@DOM1,168,1.0,0.0,6,1.0,0.9880952380952381,-0.1349486695134975
C816$@DOM1,168,1.0,0.0,6,1.0,0.9880952380952381,-0.1349486695134975
C11219$@DOM1,177,1.0,0.0,7,1.0,0.9887005649717514,-0.13499194193495817
C10557$@DOM1,177,1.0,0.0,7,1.0,0.9887005649717514,-0.13499194193495817
C1378$@DOM1,177,1.0,0.0,7,1.0,0.9887005649717514,-0.13499194193495817
C14028$@DOM1,177,1.0,0.0,7,1.0,0.9887005649717514,-0.13499194193495817
C13360$@DOM1,180,1.0,0.0,7,1.0,0.9888888888888889,-0.1350231549611955
C6361$@DOM1,180,1.0,0.0,7,1.0,0.9888888888888889,-0.1350231549611955
C21209$@DOM1,180,1.0,0.0,7,1.0,0.9888888888888889,-0.1350231549611955
C7689$@DOM1,180,1.0,0.0,7,1.0,0.9888888888888889,-0.1350231549611955
C383$@DOM1,180,1.0,0.0,7,1.0,0.9888888888888889,-0.1350231549611955
U2354@DOM1,42,1.0,0.0,4,1.0,1.0,-0.13503595000932345
U1815@DOM1,42,1.0,0.0,4,1.0,1.0,-0.13503595000932345
U5176@DOM1,42,1.0,0.0,4,1.0,1.0,-0.13503595000932345
U9283@DOM1,42,1.0,0.0,4,1.0,1.0,-0.13503595000932345
U8686@DOM1,42,1.0,0.0,4,1.0,1.0,-0.13503595000932345
C15324$@DOM1,224,1.0,0.0,6,1.0,0.9955357142857143,-0.13504594066370396
C18759$@DOM1,224,1.0,0.0,6,1.0,0.9955357142857143,-0.13504594066370396
C17192$@DOM1,224,1.0,0.0,6,1.0,0.9955357142857143,-0.13504594066370396
C7034$@DOM1,173,1.0,0.0,4,1.0,1.0,-0.13506003219370732
C2606$@DOM1,173,1.0,0.0,4,1.0,1.0,-0.13506003219370732
C4505$@DOM1,173,1.0,0.0,4,1.0,1.0,-0.13506003219370732
C15744$@DOM1,150,1.0,0.0,6,1.0,0.9866666666666667,-0.13506181903820025
C386$@DOM1,150,1.0,0.0,6,1.0,0.9866666666666667,-0.13506181903820025
C9739$@DOM1,150,1.0,0.0,6,1.0,0.9866666666666667,-0.13506181903820025
U967@DOM1,55,1.0,0.0,9,1.0,1.0,-0.13507444989339845
U4784@DOM1,55,1.0,0.0,9,1.0,1.0,-0.13507444989339845
U3071@DOM1,55,1.0,0.0,9,1.0,1.0,-0.13507444989339845
U2879@DOM1,55,1.0,0.0,9,1.0,1.0,-0.13507444989339845
C14980$@DOM1,179,1.0,0.0,5,1.0,0.994413407821229,-0.13508104188741993
C13665$@DOM1,179,1.0,0.0,5,1.0,0.994413407821229,-0.13508104188741993
C20800$@DOM1,152,1.0,0.0,7,1.0,0.9868421052631579,-0.13508629021494356
C16030$@DOM1,152,1.0,0.0,7,1.0,0.9868421052631579,-0.13508629021494356
C10127$@DOM1,152,1.0,0.0,7,1.0,0.9868421052631579,-0.13508629021494356
C6306$@DOM1,156,1.0,0.0,7,1.0,0.9871794871794872,-0.1350944030423078
C6785$@DOM1,156,1.0,0.0,7,1.0,0.9871794871794872,-0.1350944030423078
C17334$@DOM1,175,1.0,0.0,7,1.0,0.9885714285714285,-0.13509646067227016
C13109$@DOM1,175,1.0,0.0,7,1.0,0.9885714285714285,-0.13509646067227016
C19354$@DOM1,175,1.0,0.0,7,1.0,0.9885714285714285,-0.13509646067227016
C15765$@DOM1,176,1.0,0.0,7,1.0,0.9886363636363636,-0.13509902182245936
C578$@DOM1,155,1.0,0.0,7,1.0,0.9870967741935484,-0.13511395823535405
C20037$@DOM1,155,1.0,0.0,7,1.0,0.9870967741935484,-0.13511395823535405
C14413$@DOM1,155,1.0,0.0,7,1.0,0.9870967741935484,-0.13511395823535405
C10566$@DOM1,155,1.0,0.0,7,1.0,0.9870967741935484,-0.13511395823535405
C19990$@DOM1,155,1.0,0.0,7,1.0,0.9870967741935484,-0.13511395823535405
C1589$@DOM1,165,1.0,0.0,6,1.0,0.9878787878787879,-0.1351336158523348
C1498$@DOM1,166,1.0,0.0,6,1.0,0.9879518072289156,-0.1351336158523348
C3074$@DOM1,165,1.0,0.0,6,1.0,0.9878787878787879,-0.1351336158523348
C1032$@DOM1,165,1.0,0.0,6,1.0,0.9878787878787879,-0.1351336158523348
C9260$@DOM1,165,1.0,0.0,6,1.0,0.9878787878787879,-0.1351336158523348
C7059$@DOM1,165,1.0,0.0,6,1.0,0.9878787878787879,-0.1351336158523348
C3639$@DOM1,166,1.0,0.0,6,1.0,0.9879518072289156,-0.1351336158523348
C6010$@DOM1,240,1.0,0.0,6,1.0,1.0,-0.1351426956962607
C1815$@DOM1,118,1.0,0.0,8,1.0,0.9915254237288136,-0.13517044789080118
C11870$@DOM1,177,1.0,0.0,5,1.0,0.9943502824858758,-0.13518199224614513
C367$@DOM1,177,1.0,0.0,5,1.0,0.9943502824858758,-0.13518199224614513
C17131$@DOM1,177,1.0,0.0,5,1.0,0.9943502824858758,-0.13518199224614513
C7771$@DOM1,177,1.0,0.0,5,1.0,0.9943502824858758,-0.13518199224614513
C20671$@DOM1,167,1.0,0.0,6,1.0,0.9880239520958084,-0.13519195997214722
C7413$@DOM1,167,1.0,0.0,6,1.0,0.9880239520958084,-0.13519195997214722
C3249$@DOM1,167,1.0,0.0,6,1.0,0.9880239520958084,-0.13519195997214722
C9864$@DOM1,167,1.0,0.0,6,1.0,0.9880239520958084,-0.13519195997214722
C9900$@DOM1,167,1.0,0.0,6,1.0,0.9880239520958084,-0.13519195997214722
C3554$@DOM1,179,1.0,0.0,7,1.0,0.9888268156424581,-0.1351968609026788
C2622$@DOM1,179,1.0,0.0,7,1.0,0.9888268156424581,-0.1351968609026788
C664$@DOM1,179,1.0,0.0,7,1.0,0.9888268156424581,-0.1351968609026788
C978$@DOM1,179,1.0,0.0,7,1.0,0.9888268156424581,-0.1351968609026788
C7806$@DOM1,179,1.0,0.0,7,1.0,0.9888268156424581,-0.1351968609026788
C7075$@DOM1,179,1.0,0.0,7,1.0,0.9888268156424581,-0.1351968609026788
C13769$@DOM1,239,1.0,0.0,6,1.0,1.0,-0.13520440484192964
C4046$@DOM1,239,1.0,0.0,6,1.0,1.0,-0.13520440484192964
C999$@DOM1,124,1.0,0.0,5,1.0,0.9919354838709677,-0.13521903960727372
C2306$@DOM1,242,1.0,0.0,8,1.0,1.0,-0.13524484432703915
C4823$@DOM1,242,1.0,0.0,8,1.0,1.0,-0.13524484432703915
U8653@DOM1,43,1.0,0.0,4,1.0,1.0,-0.13526668734270142
U2511@DOM1,43,1.0,0.0,4,1.0,1.0,-0.13526668734270142
U6680@DOM1,43,1.0,0.0,4,1.0,1.0,-0.13526668734270142
U8793@DOM1,43,1.0,0.0,4,1.0,1.0,-0.13526668734270142
U9255@DOM1,43,1.0,0.0,4,1.0,1.0,-0.13526668734270142
U802@DOM1,43,1.0,0.0,4,1.0,1.0,-0.13526668734270142
U1030@DOM1,43,1.0,0.0,4,1.0,1.0,-0.13526668734270142
C14667$@DOM1,43,1.0,0.0,4,1.0,1.0,-0.13526668734270142
C12341$@DOM1,174,1.0,0.0,7,1.0,0.9885057471264368,-0.13527724143950975
C805$@DOM1,174,1.0,0.0,7,1.0,0.9885057471264368,-0.13527724143950975
C20884$@DOM1,174,1.0,0.0,7,1.0,0.9885057471264368,-0.13527724143950975
C388$@DOM1,121,1.0,0.0,8,1.0,0.9917355371900827,-0.13531149496797085
C573$@DOM1,219,1.0,0.0,5,1.0,1.0,-0.13531955463086326
U4326@DOM1,26,1.0,0.0,5,1.0,1.0,-0.13532560500606133
C5646$@DOM1,26,1.0,0.0,5,1.0,1.0,-0.13532560500606133
U2125@DOM1,26,1.0,0.0,5,1.0,1.0,-0.13532560500606133
C15789$@DOM1,220,1.0,0.0,8,1.0,0.9954545454545455,-0.13532896054486626
C6546$@DOM1,220,1.0,0.0,8,1.0,0.9954545454545455,-0.13532896054486626
C997$@DOM1,220,1.0,0.0,8,1.0,0.9954545454545455,-0.13532896054486626
C5333$@DOM1,197,1.0,0.0,9,1.0,1.0,-0.13533613740432837
C2969$@DOM1,197,1.0,0.0,9,1.0,1.0,-0.13533613740432837
C1478$@DOM1,240,1.0,0.0,8,1.0,1.0,-0.1353523820068257
C17929$@DOM1,178,1.0,0.0,7,1.0,0.9887640449438202,-0.13541752211590868
C749$@DOM1,178,1.0,0.0,7,1.0,0.9887640449438202,-0.13541752211590868
C1060$@DOM1,153,1.0,0.0,7,1.0,0.9869281045751634,-0.13542710933172813
C12620$@DOM1,153,1.0,0.0,7,1.0,0.9869281045751634,-0.13542710933172813
C9238$@DOM1,153,1.0,0.0,7,1.0,0.9869281045751634,-0.13542710933172813
C16772$@DOM1,153,1.0,0.0,7,1.0,0.9869281045751634,-0.13542710933172813
C14398$@DOM1,160,1.0,0.0,6,1.0,0.9875,-0.13543478838342715
C12263$@DOM1,160,1.0,0.0,6,1.0,0.9875,-0.13543478838342715
C18363$@DOM1,160,1.0,0.0,6,1.0,0.9875,-0.13543478838342715
C10440$@DOM1,184,1.0,0.0,7,1.0,0.9891304347826086,-0.13549557395100592
C11176$@DOM1,154,1.0,0.0,7,1.0,0.987012987012987,-0.135504710338482
C16526$@DOM1,151,1.0,0.0,6,1.0,0.9867549668874173,-0.13551427313209946
C2724$@DOM1,151,1.0,0.0,6,1.0,0.9867549668874173,-0.13551427313209946
C10043$@DOM1,151,1.0,0.0,6,1.0,0.9867549668874173,-0.13551427313209946
C14202$@DOM1,151,1.0,0.0,6,1.0,0.9867549668874173,-0.13551427313209946
C12071$@DOM1,151,1.0,0.0,6,1.0,0.9867549668874173,-0.13551427313209946
C1327$@DOM1,246,1.0,0.0,7,1.0,1.0,-0.13552268049810912
C1005$@DOM1,246,1.0,0.0,7,1.0,1.0,-0.13552268049810912
C15857$@DOM1,158,1.0,0.0,6,1.0,0.9873417721518988,-0.13553745196905098
C18939$@DOM1,158,1.0,0.0,6,1.0,0.9873417721518988,-0.13553745196905098
C607$@DOM1,158,1.0,0.0,6,1.0,0.9873417721518988,-0.13553745196905098
C11681$@DOM1,158,1.0,0.0,6,1.0,0.9873417721518988,-0.13553745196905098
C7503$@DOM1,158,1.0,0.0,6,1.0,0.9873417721518988,-0.13553745196905098
C7174$@DOM1,158,1.0,0.0,6,1.0,0.9873417721518988,-0.13553745196905098
C7448$@DOM1,223,1.0,0.0,6,1.0,0.9955156950672646,-0.13554328454957348
C7622$@DOM1,223,1.0,0.0,6,1.0,0.9955156950672646,-0.13554328454957348
C11246$@DOM1,223,1.0,0.0,6,1.0,0.9955156950672646,-0.13554328454957348
C16144$@DOM1,157,1.0,0.0,6,1.0,0.9872611464968153,-0.13554554487233278
C15072$@DOM1,157,1.0,0.0,6,1.0,0.9872611464968153,-0.13554554487233278
C12531$@DOM1,157,1.0,0.0,6,1.0,0.9872611464968153,-0.13554554487233278
C9591$@DOM1,157,1.0,0.0,6,1.0,0.9872611464968153,-0.13554554487233278
C705$@DOM1,222,1.0,0.0,6,1.0,0.9954954954954955,-0.1355560693603936
C7052$@DOM1,222,1.0,0.0,6,1.0,0.9954954954954955,-0.1355560693603936
C21782$@DOM1,222,1.0,0.0,6,1.0,0.9954954954954955,-0.1355560693603936
C17515$@DOM1,218,1.0,0.0,5,1.0,1.0,-0.13558980762497103
C1373$@DOM1,125,1.0,0.0,5,1.0,0.992,-0.1355910759439909
C925$@DOM1,125,1.0,0.0,5,1.0,0.992,-0.1355910759439909
C19166$@DOM1,125,1.0,0.0,5,1.0,0.992,-0.1355910759439909
C1304$@DOM1,156,1.0,0.0,6,1.0,0.9871794871794872,-0.13559780778028435
C2759$@DOM1,156,1.0,0.0,6,1.0,0.9871794871794872,-0.13559780778028435
C20877$@DOM1,156,1.0,0.0,6,1.0,0.9871794871794872,-0.13559780778028435
C487$@DOM1,119,1.0,0.0,8,1.0,0.9915966386554622,-0.13561099295229317
U8727@DOM1,56,1.0,0.0,9,1.0,1.0,-0.13564816836549282
U4827@DOM1,56,1.0,0.0,9,1.0,1.0,-0.13564816836549282
C7608$@DOM1,219,1.0,0.0,8,1.0,0.9954337899543378,-0.13565438298737753
C15515$@DOM1,219,1.0,0.0,8,1.0,0.9954337899543378,-0.13565438298737753
C16790$@DOM1,163,1.0,0.0,7,1.0,0.9877300613496932,-0.13566986033778777
C12537$@DOM1,163,1.0,0.0,7,1.0,0.9877300613496932,-0.13566986033778777
C18848$@DOM1,163,1.0,0.0,7,1.0,0.9877300613496932,-0.13566986033778777
U9266@DOM1,196,1.0,0.0,9,1.0,1.0,-0.13567261306905148
C6014$@DOM1,172,1.0,0.0,7,1.0,0.9883720930232558,-0.13568395812179024
C11344$@DOM1,172,1.0,0.0,7,1.0,0.9883720930232558,-0.13568395812179024
C12687$@DOM1,172,1.0,0.0,7,1.0,0.9883720930232558,-0.13568395812179024
C531$@DOM1,218,1.0,0.0,8,1.0,0.9954128440366973,-0.1356892371443385
C11118$@DOM1,164,1.0,0.0,7,1.0,0.9878048780487805,-0.1357397292237174
C12680$@DOM1,164,1.0,0.0,7,1.0,0.9878048780487805,-0.1357397292237174
C1834$@DOM1,164,1.0,0.0,7,1.0,0.9878048780487805,-0.1357397292237174
C17770$@DOM1,164,1.0,0.0,7,1.0,0.9878048780487805,-0.1357397292237174
C1221$@DOM1,152,1.0,0.0,6,1.0,0.9868421052631579,-0.13576126844357
C18357$@DOM1,152,1.0,0.0,6,1.0,0.9868421052631579,-0.13576126844357
C14069$@DOM1,129,1.0,0.0,5,1.0,0.9922480620155039,-0.1357731438445603
C15721$@DOM1,129,1.0,0.0,5,1.0,0.9922480620155039,-0.1357731438445603
C12505$@DOM1,129,1.0,0.0,5,1.0,0.9922480620155039,-0.1357731438445603
C14862$@DOM1,123,1.0,0.0,8,1.0,0.991869918699187,-0.13577478199543924
C13068$@DOM1,230,1.0,0.0,7,1.0,0.9956521739130435,-0.13577561993852838
C679$@DOM1,230,1.0,0.0,7,1.0,0.9956521739130435,-0.13577561993852838
C15513$@DOM1,155,1.0,0.0,6,1.0,0.9870967741935484,-0.13583011627674435
C13103$@DOM1,155,1.0,0.0,6,1.0,0.9870967741935484,-0.13583011627674435
C7930$@DOM1,161,1.0,0.0,6,1.0,0.9875776397515528,-0.13583421296125303
C2170$@DOM1,161,1.0,0.0,6,1.0,0.9875776397515528,-0.13583421296125303
C393$@DOM1,161,1.0,0.0,6,1.0,0.9875776397515528,-0.13583421296125303
C9668$@DOM1,161,1.0,0.0,6,1.0,0.9875776397515528,-0.13583421296125303
C13212$@DOM1,217,1.0,0.0,8,1.0,0.9953917050691244,-0.13584791175946137
C17957$@DOM1,217,1.0,0.0,8,1.0,0.9953917050691244,-0.13584791175946137
C812$@DOM1,217,1.0,0.0,8,1.0,0.9953917050691244,-0.13584791175946137
C1419$@DOM1,217,1.0,0.0,8,1.0,0.9953917050691244,-0.13584791175946137
C341$@DOM1,108,1.0,0.0,7,1.0,0.9907407407407407,-0.13586200141098398
C12261$@DOM1,173,1.0,0.0,7,1.0,0.9884393063583815,-0.13586463783019892
C12354$@DOM1,173,1.0,0.0,7,1.0,0.9884393063583815,-0.13586463783019892
C15003$@DOM1,160,1.0,0.0,7,1.0,0.9875,-0.13590880331298621
C6167$@DOM1,160,1.0,0.0,7,1.0,0.9875,-0.13590880331298621
C6338$@DOM1,160,1.0,0.0,7,1.0,0.9875,-0.13590880331298621
C1814$@DOM1,160,1.0,0.0,7,1.0,0.9875,-0.13590880331298621
C6619$@DOM1,160,1.0,0.0,7,1.0,0.9875,-0.13590880331298621
C8515$@DOM1,160,1.0,0.0,7,1.0,0.9875,-0.13590880331298621
C16058$@DOM1,239,1.0,0.0,8,1.0,1.0,-0.13591294164816775
C11617$@DOM1,127,1.0,0.0,5,1.0,0.9921259842519685,-0.13597108179347528
C11449$@DOM1,127,1.0,0.0,5,1.0,0.9921259842519685,-0.13597108179347528
C17107$@DOM1,127,1.0,0.0,5,1.0,0.9921259842519685,-0.13597108179347528
C835$@DOM1,174,1.0,0.0,5,1.0,0.9942528735632183,-0.13599760315006582
C980$@DOM1,174,1.0,0.0,5,1.0,0.9942528735632183,-0.13599760315006582
C1279$@DOM1,174,1.0,0.0,5,1.0,0.9942528735632183,-0.13599760315006582
C7233$@DOM1,174,1.0,0.0,5,1.0,0.9942528735632183,-0.13599760315006582
C6033$@DOM1,216,1.0,0.0,8,1.0,0.9953703703703703,-0.13601043431046356
C1553$@DOM1,216,1.0,0.0,8,1.0,0.9953703703703703,-0.13601043431046356
C976$@DOM1,216,1.0,0.0,8,1.0,0.9953703703703703,-0.13601043431046356
C2410$@DOM1,162,1.0,0.0,6,1.0,0.9876543209876543,-0.13607138767181381
C11844$@DOM1,162,1.0,0.0,6,1.0,0.9876543209876543,-0.13607138767181381
C9749$@DOM1,162,1.0,0.0,6,1.0,0.9876543209876543,-0.13607138767181381
C6783$@DOM1,162,1.0,0.0,6,1.0,0.9876543209876543,-0.13607138767181381
C19780$@DOM1,158,1.0,0.0,7,1.0,0.9873417721518988,-0.13607289564437308
C1004$@DOM1,158,1.0,0.0,7,1.0,0.9873417721518988,-0.13607289564437308
C9391$@DOM1,158,1.0,0.0,7,1.0,0.9873417721518988,-0.13607289564437308
C8645$@DOM1,158,1.0,0.0,7,1.0,0.9873417721518988,-0.13607289564437308
C1439$@DOM1,158,1.0,0.0,7,1.0,0.9873417721518988,-0.13607289564437308
C1456$@DOM1,158,1.0,0.0,7,1.0,0.9873417721518988,-0.13607289564437308
C302$@DOM1,128,1.0,0.0,5,1.0,0.9921875,-0.13607744628898166
C1458$@DOM1,128,1.0,0.0,5,1.0,0.9921875,-0.13607744628898166
C8831$@DOM1,128,1.0,0.0,5,1.0,0.9921875,-0.13607744628898166
C21425$@DOM1,128,1.0,0.0,5,1.0,0.9921875,-0.13607744628898166
C17595$@DOM1,128,1.0,0.0,5,1.0,0.9921875,-0.13607744628898166
C674$@DOM1,128,1.0,0.0,5,1.0,0.9921875,-0.13607744628898166
C14309$@DOM1,128,1.0,0.0,5,1.0,0.9921875,-0.13607744628898166
C12275$@DOM1,126,1.0,0.0,5,1.0,0.9920634920634921,-0.13608130307350352
C756$@DOM1,126,1.0,0.0,5,1.0,0.9920634920634921,-0.13608130307350352
C14903$@DOM1,126,1.0,0.0,5,1.0,0.9920634920634921,-0.13608130307350352
C12585$@DOM1,126,1.0,0.0,5,1.0,0.9920634920634921,-0.13608130307350352
C5837$@DOM1,126,1.0,0.0,5,1.0,0.9920634920634921,-0.13608130307350352
C10784$@DOM1,157,1.0,0.0,7,1.0,0.9872611464968153,-0.13610718031395186
C6020$@DOM1,157,1.0,0.0,7,1.0,0.9872611464968153,-0.13610718031395186
C1976$@DOM1,157,1.0,0.0,7,1.0,0.9872611464968153,-0.13610718031395186
C16262$@DOM1,157,1.0,0.0,7,1.0,0.9872611464968153,-0.13610718031395186
C5999$@DOM1,159,1.0,0.0,6,1.0,0.9874213836477987,-0.13611229356912474
C709$@DOM1,159,1.0,0.0,6,1.0,0.9874213836477987,-0.13611229356912474
C9996$@DOM1,159,1.0,0.0,6,1.0,0.9874213836477987,-0.13611229356912474
C7434$@DOM1,159,1.0,0.0,6,1.0,0.9874213836477987,-0.13611229356912474
C10577$@DOM1,159,1.0,0.0,6,1.0,0.9874213836477987,-0.13611229356912474
C10817$@DOM1,159,1.0,0.0,6,1.0,0.9874213836477987,-0.13611229356912474
C10167$@DOM1,159,1.0,0.0,6,1.0,0.9874213836477987,-0.13611229356912474
C11298$@DOM1,159,1.0,0.0,6,1.0,0.9874213836477987,-0.13611229356912474
C1404$@DOM1,166,1.0,0.0,7,1.0,0.9879518072289156,-0.13613055400553387
C11821$@DOM1,165,1.0,0.0,7,1.0,0.9878787878787879,-0.13613055400553387
C13117$@DOM1,165,1.0,0.0,7,1.0,0.9878787878787879,-0.13613055400553387
C14802$@DOM1,166,1.0,0.0,7,1.0,0.9879518072289156,-0.13613055400553387
C1572$@DOM1,153,1.0,0.0,6,1.0,0.9869281045751634,-0.13615387466336148
C8637$@DOM1,153,1.0,0.0,6,1.0,0.9869281045751634,-0.13615387466336148
C1243$@DOM1,153,1.0,0.0,6,1.0,0.9869281045751634,-0.13615387466336148
C6383$@DOM1,154,1.0,0.0,6,1.0,0.987012987012987,-0.13622010145478114
C8853$@DOM1,154,1.0,0.0,6,1.0,0.987012987012987,-0.13622010145478114
C18656$@DOM1,154,1.0,0.0,6,1.0,0.987012987012987,-0.13622010145478114
C905$@DOM1,154,1.0,0.0,6,1.0,0.987012987012987,-0.13622010145478114
C14837$@DOM1,154,1.0,0.0,6,1.0,0.987012987012987,-0.13622010145478114
C13874$@DOM1,154,1.0,0.0,6,1.0,0.987012987012987,-0.13622010145478114
C18783$@DOM1,221,1.0,0.0,6,1.0,0.995475113122172,-0.13622625048975445
C1525$@DOM1,229,1.0,0.0,7,1.0,0.9956331877729258,-0.13622819546500198
C20446$@DOM1,229,1.0,0.0,7,1.0,0.9956331877729258,-0.13622819546500198
C9188$@DOM1,229,1.0,0.0,7,1.0,0.9956331877729258,-0.13622819546500198
C610$@DOM1,229,1.0,0.0,7,1.0,0.9956331877729258,-0.13622819546500198
C10572$@DOM1,124,1.0,0.0,8,1.0,0.9919354838709677,-0.13624443951967125
C159$@DOM1,161,1.0,0.0,7,1.0,0.9875776397515528,-0.1363077085510423
C12373$@DOM1,161,1.0,0.0,7,1.0,0.9875776397515528,-0.1363077085510423
C14177$@DOM1,161,1.0,0.0,7,1.0,0.9875776397515528,-0.1363077085510423
C14339$@DOM1,172,1.0,0.0,4,1.0,1.0,-0.1363086318802385
C10083$@DOM1,172,1.0,0.0,4,1.0,1.0,-0.1363086318802385
C5554$@DOM1,194,1.0,0.0,9,1.0,1.0,-0.1363166408523936
C1694$@DOM1,195,1.0,0.0,9,1.0,1.0,-0.1363166408523936
C5306$@DOM1,194,1.0,0.0,9,1.0,1.0,-0.1363166408523936
C10159$@DOM1,194,1.0,0.0,9,1.0,1.0,-0.1363166408523936
C14258$@DOM1,194,1.0,0.0,9,1.0,1.0,-0.1363166408523936
C9919$@DOM1,194,1.0,0.0,9,1.0,1.0,-0.1363166408523936
C18002$@DOM1,170,1.0,0.0,7,1.0,0.9882352941176471,-0.13636402285935373
C9040$@DOM1,170,1.0,0.0,7,1.0,0.9882352941176471,-0.13636402285935373
C6872$@DOM1,170,1.0,0.0,7,1.0,0.9882352941176471,-0.13636402285935373
C6828$@DOM1,170,1.0,0.0,7,1.0,0.9882352941176471,-0.13636402285935373
C9568$@DOM1,170,1.0,0.0,7,1.0,0.9882352941176471,-0.13636402285935373
C1028$@DOM1,170,1.0,0.0,7,1.0,0.9882352941176471,-0.13636402285935373
C7404$@DOM1,170,1.0,0.0,7,1.0,0.9882352941176471,-0.13636402285935373
C6808$@DOM1,170,1.0,0.0,7,1.0,0.9882352941176471,-0.13636402285935373
C15114$@DOM1,173,1.0,0.0,5,1.0,0.9942196531791907,-0.13636418758633273
C7942$@DOM1,173,1.0,0.0,5,1.0,0.9942196531791907,-0.13636418758633273
C1116$@DOM1,172,1.0,0.0,5,1.0,0.9941860465116279,-0.13636418758633273
C13503$@DOM1,172,1.0,0.0,5,1.0,0.9941860465116279,-0.13636418758633273
C18827$@DOM1,173,1.0,0.0,5,1.0,0.9942196531791907,-0.13636418758633273
U7725@DOM1,217,1.0,0.0,5,1.0,1.0,-0.13636695326482617
U6033@DOM1,57,1.0,0.0,9,1.0,1.0,-0.1364052448859941
U9745@DOM1,57,1.0,0.0,9,1.0,1.0,-0.1364052448859941
U1212@DOM1,57,1.0,0.0,9,1.0,1.0,-0.1364052448859941
C19124$@DOM1,171,1.0,0.0,7,1.0,0.9883040935672515,-0.1364299042330402
C10624$@DOM1,171,1.0,0.0,7,1.0,0.9883040935672515,-0.1364299042330402
C14956$@DOM1,171,1.0,0.0,7,1.0,0.9883040935672515,-0.1364299042330402
C1537$@DOM1,171,1.0,0.0,7,1.0,0.9883040935672515,-0.1364299042330402
C10156$@DOM1,171,1.0,0.0,7,1.0,0.9883040935672515,-0.1364299042330402
U5394@DOM1,28,1.0,0.0,8,1.0,1.0,-0.136502103589846
C18892$@DOM1,238,1.0,0.0,8,1.0,1.0,-0.13652622325669334
U6398@DOM1,238,1.0,0.0,8,1.0,1.0,-0.13652622325669334
C40$@DOM1,216,1.0,0.0,5,1.0,1.0,-0.1365326605838763
C2062$@DOM1,216,1.0,0.0,5,1.0,1.0,-0.1365326605838763
C6398$@DOM1,216,1.0,0.0,5,1.0,1.0,-0.1365326605838763
C10870$@DOM1,162,1.0,0.0,7,1.0,0.9876543209876543,-0.1365412149874069
C13836$@DOM1,162,1.0,0.0,7,1.0,0.9876543209876543,-0.1365412149874069
C1386$@DOM1,162,1.0,0.0,7,1.0,0.9876543209876543,-0.1365412149874069
C9451$@DOM1,162,1.0,0.0,7,1.0,0.9876543209876543,-0.1365412149874069
C15987$@DOM1,126,1.0,0.0,8,1.0,0.9920634920634921,-0.13655395960620642
C11240$@DOM1,126,1.0,0.0,8,1.0,0.9920634920634921,-0.13655395960620642
C6474$@DOM1,126,1.0,0.0,8,1.0,0.9920634920634921,-0.13655395960620642
C4655$@DOM1,167,1.0,0.0,7,1.0,0.9880239520958084,-0.13655713310564888
C19382$@DOM1,167,1.0,0.0,7,1.0,0.9880239520958084,-0.13655713310564888
C7970$@DOM1,167,1.0,0.0,7,1.0,0.9880239520958084,-0.13655713310564888
C16896$@DOM1,109,1.0,0.0,6,1.0,0.9908256880733946,-0.1365582650000594
C1366$@DOM1,109,1.0,0.0,6,1.0,0.9908256880733946,-0.1365582650000594
C456$@DOM1,127,1.0,0.0,8,1.0,0.9921259842519685,-0.13657045588827027
C198$@DOM1,127,1.0,0.0,8,1.0,0.9921259842519685,-0.13657045588827027
C13591$@DOM1,127,1.0,0.0,8,1.0,0.9921259842519685,-0.13657045588827027
C21813$@DOM1,193,1.0,0.0,9,1.0,1.0,-0.13658154383180343
U279@DOM1,193,1.0,0.0,9,1.0,1.0,-0.13658154383180343
C6967$@DOM1,159,1.0,0.0,7,1.0,0.9874213836477987,-0.13658542759298398
C20605$@DOM1,159,1.0,0.0,7,1.0,0.9874213836477987,-0.13658542759298398
C6271$@DOM1,169,1.0,0.0,7,1.0,0.9881656804733728,-0.13658548564092654
C7724$@DOM1,169,1.0,0.0,7,1.0,0.9881656804733728,-0.13658548564092654
C952$@DOM1,169,1.0,0.0,7,1.0,0.9881656804733728,-0.13658548564092654
C932$@DOM1,125,1.0,0.0,8,1.0,0.992,-0.1366154300616006
C20773$@DOM1,125,1.0,0.0,8,1.0,0.992,-0.1366154300616006
C3718$@DOM1,125,1.0,0.0,8,1.0,0.992,-0.1366154300616006
C7308$@DOM1,130,1.0,0.0,5,1.0,0.9923076923076923,-0.1366203148784037
C13740$@DOM1,130,1.0,0.0,5,1.0,0.9923076923076923,-0.1366203148784037
C7121$@DOM1,228,1.0,0.0,7,1.0,0.9956140350877193,-0.13662870235148095
C21302$@DOM1,228,1.0,0.0,7,1.0,0.9956140350877193,-0.13662870235148095
C15804$@DOM1,228,1.0,0.0,7,1.0,0.9956140350877193,-0.13662870235148095
C107$@DOM1,109,1.0,0.0,7,1.0,0.9908256880733946,-0.13663888443139316
C3893$@DOM1,109,1.0,0.0,7,1.0,0.9908256880733946,-0.13663888443139316
C2532$@DOM1,215,1.0,0.0,8,1.0,0.9953488372093023,-0.13669012449842177
C9462$@DOM1,215,1.0,0.0,8,1.0,0.9953488372093023,-0.13669012449842177
C1344$@DOM1,215,1.0,0.0,8,1.0,0.9953488372093023,-0.13669012449842177
C279$@DOM1,215,1.0,0.0,8,1.0,0.9953488372093023,-0.13669012449842177
U8880@DOM1,44,1.0,0.0,4,1.0,1.0,-0.13672585205019855
U862@DOM1,44,1.0,0.0,4,1.0,1.0,-0.13672585205019855
U9388@DOM1,44,1.0,0.0,4,1.0,1.0,-0.13672585205019855
U7630@DOM1,44,1.0,0.0,4,1.0,1.0,-0.13672585205019855
U8086@DOM1,44,1.0,0.0,4,1.0,1.0,-0.13672585205019855
U5585@DOM1,44,1.0,0.0,4,1.0,1.0,-0.13672585205019855
U383@DOM1,44,1.0,0.0,4,1.0,1.0,-0.13672585205019855
U2108@DOM1,44,1.0,0.0,4,1.0,1.0,-0.13672585205019855
U2834@DOM1,44,1.0,0.0,4,1.0,1.0,-0.13672585205019855
U1961@DOM1,44,1.0,0.0,4,1.0,1.0,-0.13672585205019855
U1751@DOM1,44,1.0,0.0,4,1.0,1.0,-0.13672585205019855
NETWORK SERVICE@C5538,4,1.0,0.0,1,1.0,1.0,-0.13674606127267347
LOCAL SERVICE@C6041,4,1.0,0.0,1,1.0,1.0,-0.13674606127267347
NETWORK SERVICE@C2690,4,1.0,0.0,1,1.0,1.0,-0.13674606127267347
NETWORK SERVICE@C15040,4,1.0,0.0,1,1.0,1.0,-0.13674606127267347
NETWORK SERVICE@C14667,4,1.0,0.0,1,1.0,1.0,-0.13674606127267347
LOCAL SERVICE@C8145,4,1.0,0.0,1,1.0,1.0,-0.13674606127267347
NETWORK SERVICE@C2348,4,1.0,0.0,1,1.0,1.0,-0.13674606127267347
NETWORK SERVICE@C6225,4,1.0,0.0,1,1.0,1.0,-0.13674606127267347
NETWORK SERVICE@C6221,4,1.0,0.0,1,1.0,1.0,-0.13674606127267347
NETWORK SERVICE@C6125,4,1.0,0.0,1,1.0,1.0,-0.13674606127267347
NETWORK SERVICE@C6108,4,1.0,0.0,1,1.0,1.0,-0.13674606127267347
NETWORK SERVICE@C6041,4,1.0,0.0,1,1.0,1.0,-0.13674606127267347
U251@DOM3,4,1.0,0.0,1,1.0,1.0,-0.13674606127267347
LOCAL SERVICE@C6125,4,1.0,0.0,1,1.0,1.0,-0.13674606127267347
ANONYMOUS LOGON@C7491,4,1.0,0.0,1,1.0,1.0,-0.13674606127267347
NETWORK SERVICE@C5371,4,1.0,0.0,1,1.0,1.0,-0.13674606127267347
NETWORK SERVICE@C5949,4,1.0,0.0,1,1.0,1.0,-0.13674606127267347
NETWORK SERVICE@C5780,4,1.0,0.0,1,1.0,1.0,-0.13674606127267347
LOCAL SERVICE@C11697,4,1.0,0.0,1,1.0,1.0,-0.13674606127267347
NETWORK SERVICE@C5309,4,1.0,0.0,1,1.0,1.0,-0.13674606127267347
NETWORK SERVICE@C5271,4,1.0,0.0,1,1.0,1.0,-0.13674606127267347
LOCAL SERVICE@C10727,4,1.0,0.0,1,1.0,1.0,-0.13674606127267347
LOCAL SERVICE@C10525,4,1.0,0.0,1,1.0,1.0,-0.13674606127267347
LOCAL SERVICE@C5517,4,1.0,0.0,1,1.0,1.0,-0.13674606127267347
NETWORK SERVICE@C2916,4,1.0,0.0,1,1.0,1.0,-0.13674606127267347
NETWORK SERVICE@C2829,4,1.0,0.0,1,1.0,1.0,-0.13674606127267347
NETWORK SERVICE@C6413,4,1.0,0.0,1,1.0,1.0,-0.13674606127267347
NETWORK SERVICE@C6404,4,1.0,0.0,1,1.0,1.0,-0.13674606127267347
NETWORK SERVICE@C4917,4,1.0,0.0,1,1.0,1.0,-0.13674606127267347
LOCAL SERVICE@C13779,4,1.0,0.0,1,1.0,1.0,-0.13674606127267347
NETWORK SERVICE@C3393,4,1.0,0.0,1,1.0,1.0,-0.13674606127267347
NETWORK SERVICE@C4548,4,1.0,0.0,1,1.0,1.0,-0.13674606127267347
NETWORK SERVICE@C12181,4,1.0,0.0,1,1.0,1.0,-0.13674606127267347
NETWORK SERVICE@C12147,4,1.0,0.0,1,1.0,1.0,-0.13674606127267347
NETWORK SERVICE@C3605,4,1.0,0.0,1,1.0,1.0,-0.13674606127267347
NETWORK SERVICE@C3726,4,1.0,0.0,1,1.0,1.0,-0.13674606127267347
NETWORK SERVICE@C11998,4,1.0,0.0,1,1.0,1.0,-0.13674606127267347
NETWORK SERVICE@C19170,4,1.0,0.0,1,1.0,1.0,-0.13674606127267347
ANONYMOUS LOGON@C2987,4,1.0,0.0,1,1.0,1.0,-0.13674606127267347
ANONYMOUS LOGON@C2982,4,1.0,0.0,1,1.0,1.0,-0.13674606127267347
ANONYMOUS LOGON@C3287,4,1.0,0.0,1,1.0,1.0,-0.13674606127267347
ANONYMOUS LOGON@C3260,4,1.0,0.0,1,1.0,1.0,-0.13674606127267347
NETWORK SERVICE@C19304,4,1.0,0.0,1,1.0,1.0,-0.13674606127267347
ANONYMOUS LOGON@C5022,4,1.0,0.0,1,1.0,1.0,-0.13674606127267347
NETWORK SERVICE@C9564,4,1.0,0.0,1,1.0,1.0,-0.13674606127267347
NETWORK SERVICE@C5063,4,1.0,0.0,1,1.0,1.0,-0.13674606127267347
NETWORK SERVICE@C9587,4,1.0,0.0,1,1.0,1.0,-0.13674606127267347
NETWORK SERVICE@C2952,4,1.0,0.0,1,1.0,1.0,-0.13674606127267347
NETWORK SERVICE@C9825,4,1.0,0.0,1,1.0,1.0,-0.13674606127267347
LOCAL SERVICE@C5309,4,1.0,0.0,1,1.0,1.0,-0.13674606127267347
NETWORK SERVICE@C1969,4,1.0,0.0,1,1.0,1.0,-0.13674606127267347
NETWORK SERVICE@C19690,4,1.0,0.0,1,1.0,1.0,-0.13674606127267347
LOCAL SERVICE@C2916,4,1.0,0.0,1,1.0,1.0,-0.13674606127267347
NETWORK SERVICE@C11508,4,1.0,0.0,1,1.0,1.0,-0.13674606127267347
NETWORK SERVICE@C11695,4,1.0,0.0,1,1.0,1.0,-0.13674606127267347
LOCAL SERVICE@C16535,4,1.0,0.0,1,1.0,1.0,-0.13674606127267347
NETWORK SERVICE@C3897,4,1.0,0.0,1,1.0,1.0,-0.13674606127267347
NETWORK SERVICE@C3884,4,1.0,0.0,1,1.0,1.0,-0.13674606127267347
ANONYMOUS LOGON@C4426,4,1.0,0.0,1,1.0,1.0,-0.13674606127267347
NETWORK SERVICE@C20153,4,1.0,0.0,1,1.0,1.0,-0.13674606127267347
NETWORK SERVICE@C4491,4,1.0,0.0,1,1.0,1.0,-0.13674606127267347
NETWORK SERVICE@C4446,4,1.0,0.0,1,1.0,1.0,-0.13674606127267347
NETWORK SERVICE@C20159,4,1.0,0.0,1,1.0,1.0,-0.13674606127267347
NETWORK SERVICE@C4396,4,1.0,0.0,1,1.0,1.0,-0.13674606127267347
NETWORK SERVICE@C4394,4,1.0,0.0,1,1.0,1.0,-0.13674606127267347
NETWORK SERVICE@C11157,4,1.0,0.0,1,1.0,1.0,-0.13674606127267347
NETWORK SERVICE@C19836,4,1.0,0.0,1,1.0,1.0,-0.13674606127267347
NETWORK SERVICE@C12822,4,1.0,0.0,1,1.0,1.0,-0.13674606127267347
NETWORK SERVICE@C18377,4,1.0,0.0,1,1.0,1.0,-0.13674606127267347
NETWORK SERVICE@C12729,4,1.0,0.0,1,1.0,1.0,-0.13674606127267347
NETWORK SERVICE@C12547,4,1.0,0.0,1,1.0,1.0,-0.13674606127267347
NETWORK SERVICE@C19840,4,1.0,0.0,1,1.0,1.0,-0.13674606127267347
NETWORK SERVICE@C19843,4,1.0,0.0,1,1.0,1.0,-0.13674606127267347
U4966@DOM1,4,1.0,0.0,1,1.0,1.0,-0.13674606127267347
NETWORK SERVICE@C19483,4,1.0,0.0,1,1.0,1.0,-0.13674606127267347
NETWORK SERVICE@C12510,4,1.0,0.0,1,1.0,1.0,-0.13674606127267347
NETWORK SERVICE@C12365,4,1.0,0.0,1,1.0,1.0,-0.13674606127267347
NETWORK SERVICE@C18648,4,1.0,0.0,1,1.0,1.0,-0.13674606127267347
NETWORK SERVICE@C18469,4,1.0,0.0,1,1.0,1.0,-0.13674606127267347
NETWORK SERVICE@C12300,4,1.0,0.0,1,1.0,1.0,-0.13674606127267347
NETWORK SERVICE@C17707,4,1.0,0.0,1,1.0,1.0,-0.13674606127267347
NETWORK SERVICE@C17631,4,1.0,0.0,1,1.0,1.0,-0.13674606127267347
NETWORK SERVICE@C13544,4,1.0,0.0,1,1.0,1.0,-0.13674606127267347
LOCAL SERVICE@C16314,4,1.0,0.0,1,1.0,1.0,-0.13674606127267347
NETWORK SERVICE@C13471,4,1.0,0.0,1,1.0,1.0,-0.13674606127267347
NETWORK SERVICE@C13446,4,1.0,0.0,1,1.0,1.0,-0.13674606127267347
NETWORK SERVICE@C13433,4,1.0,0.0,1,1.0,1.0,-0.13674606127267347
NETWORK SERVICE@C18000,4,1.0,0.0,1,1.0,1.0,-0.13674606127267347
NETWORK SERVICE@C17994,4,1.0,0.0,1,1.0,1.0,-0.13674606127267347
NETWORK SERVICE@C17971,4,1.0,0.0,1,1.0,1.0,-0.13674606127267347
NETWORK SERVICE@C13367,4,1.0,0.0,1,1.0,1.0,-0.13674606127267347
NETWORK SERVICE@C13130,4,1.0,0.0,1,1.0,1.0,-0.13674606127267347
NETWORK SERVICE@C4808,4,1.0,0.0,1,1.0,1.0,-0.13674606127267347
LOCAL SERVICE@C16987,4,1.0,0.0,1,1.0,1.0,-0.13674606127267347
LOCAL SERVICE@C14905,4,1.0,0.0,1,1.0,1.0,-0.13674606127267347
NETWORK SERVICE@C13095,4,1.0,0.0,1,1.0,1.0,-0.13674606127267347
NETWORK SERVICE@C13779,4,1.0,0.0,1,1.0,1.0,-0.13674606127267347
NETWORK SERVICE@C13642,4,1.0,0.0,1,1.0,1.0,-0.13674606127267347
NETWORK SERVICE@C17479,4,1.0,0.0,1,1.0,1.0,-0.13674606127267347
LOCAL SERVICE@C15224,4,1.0,0.0,1,1.0,1.0,-0.13674606127267347
NETWORK SERVICE@C3538,4,1.0,0.0,1,1.0,1.0,-0.13674606127267347
NETWORK SERVICE@C17433,4,1.0,0.0,1,1.0,1.0,-0.13674606127267347
NETWORK SERVICE@C3565,4,1.0,0.0,1,1.0,1.0,-0.13674606127267347
NETWORK SERVICE@C15566,4,1.0,0.0,1,1.0,1.0,-0.13674606127267347
LOCAL SERVICE@C4345,4,1.0,0.0,1,1.0,1.0,-0.13674606127267347
NETWORK SERVICE@C8998,4,1.0,0.0,1,1.0,1.0,-0.13674606127267347
ANONYMOUS LOGON@C2733,4,1.0,0.0,1,1.0,1.0,-0.13674606127267347
ANONYMOUS LOGON@C2731,4,1.0,0.0,1,1.0,1.0,-0.13674606127267347
ANONYMOUS LOGON@C2702,4,1.0,0.0,1,1.0,1.0,-0.13674606127267347
ANONYMOUS LOGON@C2651,4,1.0,0.0,1,1.0,1.0,-0.13674606127267347
NETWORK SERVICE@C17295,4,1.0,0.0,1,1.0,1.0,-0.13674606127267347
NETWORK SERVICE@C17763,4,1.0,0.0,1,1.0,1.0,-0.13674606127267347
NETWORK SERVICE@C3101,4,1.0,0.0,1,1.0,1.0,-0.13674606127267347
LOCAL SERVICE@C2829,4,1.0,0.0,1,1.0,1.0,-0.13674606127267347
LOCAL SERVICE@C2625,4,1.0,0.0,1,1.0,1.0,-0.13674606127267347
NETWORK SERVICE@C3926,4,1.0,0.0,1,1.0,1.0,-0.13674606127267347
LOCAL SERVICE@C11998,4,1.0,0.0,1,1.0,1.0,-0.13674606127267347
NETWORK SERVICE@C8078,4,1.0,0.0,1,1.0,1.0,-0.13674606127267347
NETWORK SERVICE@C4345,4,1.0,0.0,1,1.0,1.0,-0.13674606127267347
NETWORK SERVICE@C8145,4,1.0,0.0,1,1.0,1.0,-0.13674606127267347
LOCAL SERVICE@C18469,4,1.0,0.0,1,1.0,1.0,-0.13674606127267347
LOCAL SERVICE@C18004,4,1.0,0.0,1,1.0,1.0,-0.13674606127267347
LOCAL SERVICE@C18000,4,1.0,0.0,1,1.0,1.0,-0.13674606127267347
LOCAL SERVICE@C17994,4,1.0,0.0,1,1.0,1.0,-0.13674606127267347
LOCAL SERVICE@C17971,4,1.0,0.0,1,1.0,1.0,-0.13674606127267347
LOCAL SERVICE@C21723,4,1.0,0.0,1,1.0,1.0,-0.13674606127267347
LOCAL SERVICE@C4931,4,1.0,0.0,1,1.0,1.0,-0.13674606127267347
NETWORK SERVICE@C13781,4,1.0,0.0,1,1.0,1.0,-0.13674606127267347
NETWORK SERVICE@C5026,4,1.0,0.0,1,1.0,1.0,-0.13674606127267347
LOCAL SERVICE@C4864,4,1.0,0.0,1,1.0,1.0,-0.13674606127267347
LOCAL SERVICE@C4792,4,1.0,0.0,1,1.0,1.0,-0.13674606127267347
LOCAL SERVICE@C4709,4,1.0,0.0,1,1.0,1.0,-0.13674606127267347
LOCAL SERVICE@C4585,4,1.0,0.0,1,1.0,1.0,-0.13674606127267347
NETWORK SERVICE@C3368,4,1.0,0.0,1,1.0,1.0,-0.13674606127267347
LOCAL SERVICE@C14019,4,1.0,0.0,1,1.0,1.0,-0.13674606127267347
NETWORK SERVICE@C4931,4,1.0,0.0,1,1.0,1.0,-0.13674606127267347
NETWORK SERVICE@C4929,4,1.0,0.0,1,1.0,1.0,-0.13674606127267347
LOCAL SERVICE@C12822,4,1.0,0.0,1,1.0,1.0,-0.13674606127267347
NETWORK SERVICE@C8531,4,1.0,0.0,1,1.0,1.0,-0.13674606127267347
NETWORK SERVICE@C10690,4,1.0,0.0,1,1.0,1.0,-0.13674606127267347
LOCAL SERVICE@C5037,4,1.0,0.0,1,1.0,1.0,-0.13674606127267347
NETWORK SERVICE@C20250,4,1.0,0.0,1,1.0,1.0,-0.13674606127267347
NETWORK SERVICE@C2040,4,1.0,0.0,1,1.0,1.0,-0.13674606127267347
NETWORK SERVICE@C20513,4,1.0,0.0,1,1.0,1.0,-0.13674606127267347
LOCAL SERVICE@C4917,4,1.0,0.0,1,1.0,1.0,-0.13674606127267347
NETWORK SERVICE@C10727,4,1.0,0.0,1,1.0,1.0,-0.13674606127267347
NETWORK SERVICE@C17058,4,1.0,0.0,1,1.0,1.0,-0.13674606127267347
NETWORK SERVICE@C16987,4,1.0,0.0,1,1.0,1.0,-0.13674606127267347
NETWORK SERVICE@C8702,4,1.0,0.0,1,1.0,1.0,-0.13674606127267347
NETWORK SERVICE@C8986,4,1.0,0.0,1,1.0,1.0,-0.13674606127267347
NETWORK SERVICE@C14019,4,1.0,0.0,1,1.0,1.0,-0.13674606127267347
NETWORK SERVICE@C13976,4,1.0,0.0,1,1.0,1.0,-0.13674606127267347
NETWORK SERVICE@C13888,4,1.0,0.0,1,1.0,1.0,-0.13674606127267347
NETWORK SERVICE@C13879,4,1.0,0.0,1,1.0,1.0,-0.13674606127267347
NETWORK SERVICE@C4695,4,1.0,0.0,1,1.0,1.0,-0.13674606127267347
NETWORK SERVICE@C20518,4,1.0,0.0,1,1.0,1.0,-0.13674606127267347
NETWORK SERVICE@C17141,4,1.0,0.0,1,1.0,1.0,-0.13674606127267347
NETWORK SERVICE@C13847,4,1.0,0.0,1,1.0,1.0,-0.13674606127267347
ANONYMOUS LOGON@C2963,4,1.0,0.0,1,1.0,1.0,-0.13674606127267347
NETWORK SERVICE@C2964,4,1.0,0.0,1,1.0,1.0,-0.13674606127267347
NETWORK SERVICE@C2970,4,1.0,0.0,1,1.0,1.0,-0.13674606127267347
NETWORK SERVICE@C4007,4,1.0,0.0,1,1.0,1.0,-0.13674606127267347
NETWORK SERVICE@C3978,4,1.0,0.0,1,1.0,1.0,-0.13674606127267347
LOCAL SERVICE@C19836,4,1.0,0.0,1,1.0,1.0,-0.13674606127267347
LOCAL SERVICE@C19012,4,1.0,0.0,1,1.0,1.0,-0.13674606127267347
NETWORK SERVICE@C3025,4,1.0,0.0,1,1.0,1.0,-0.13674606127267347
LOCAL SERVICE@C12547,4,1.0,0.0,1,1.0,1.0,-0.13674606127267347
NETWORK SERVICE@C5186,4,1.0,0.0,1,1.0,1.0,-0.13674606127267347
U1551@DOM1,4,1.0,0.0,1,1.0,1.0,-0.13674606127267347
LOCAL SERVICE@C4907,4,1.0,0.0,1,1.0,1.0,-0.13674606127267347
LOCAL SERVICE@C13581,4,1.0,0.0,1,1.0,1.0,-0.13674606127267347
NETWORK SERVICE@C4585,4,1.0,0.0,1,1.0,1.0,-0.13674606127267347
NETWORK SERVICE@C14068,4,1.0,0.0,1,1.0,1.0,-0.13674606127267347
NETWORK SERVICE@C5192,4,1.0,0.0,1,1.0,1.0,-0.13674606127267347
NETWORK SERVICE@C7703,4,1.0,0.0,1,1.0,1.0,-0.13674606127267347
NETWORK SERVICE@C7858,4,1.0,0.0,1,1.0,1.0,-0.13674606127267347
U1519@DOM1,4,1.0,0.0,1,1.0,1.0,-0.13674606127267347
ANONYMOUS LOGON@C5989,4,1.0,0.0,1,1.0,1.0,-0.13674606127267347
LOCAL SERVICE@C13433,4,1.0,0.0,1,1.0,1.0,-0.13674606127267347
U727@DOM1,4,1.0,0.0,1,1.0,1.0,-0.13674606127267347
NETWORK SERVICE@C21139,4,1.0,0.0,1,1.0,1.0,-0.13674606127267347
NETWORK SERVICE@C10218,4,1.0,0.0,1,1.0,1.0,-0.13674606127267347
NETWORK SERVICE@C14402,4,1.0,0.0,1,1.0,1.0,-0.13674606127267347
NETWORK SERVICE@C16334,4,1.0,0.0,1,1.0,1.0,-0.13674606127267347
NETWORK SERVICE@C16314,4,1.0,0.0,1,1.0,1.0,-0.13674606127267347
NETWORK SERVICE@C1630,4,1.0,0.0,1,1.0,1.0,-0.13674606127267347
NETWORK SERVICE@C10225,4,1.0,0.0,1,1.0,1.0,-0.13674606127267347
NETWORK SERVICE@C16126,4,1.0,0.0,1,1.0,1.0,-0.13674606127267347
NETWORK SERVICE@C3151,4,1.0,0.0,1,1.0,1.0,-0.13674606127267347
NETWORK SERVICE@C15228,4,1.0,0.0,1,1.0,1.0,-0.13674606127267347
NETWORK SERVICE@C15160,4,1.0,0.0,1,1.0,1.0,-0.13674606127267347
ANONYMOUS LOGON@C7048,4,1.0,0.0,1,1.0,1.0,-0.13674606127267347
ANONYMOUS LOGON@C13105,4,1.0,0.0,1,1.0,1.0,-0.13674606127267347
ANONYMOUS LOGON@C7411,4,1.0,0.0,1,1.0,1.0,-0.13674606127267347
NETWORK SERVICE@C7904,4,1.0,0.0,1,1.0,1.0,-0.13674606127267347
NETWORK SERVICE@C4198,4,1.0,0.0,1,1.0,1.0,-0.13674606127267347
NETWORK SERVICE@C4123,4,1.0,0.0,1,1.0,1.0,-0.13674606127267347
NETWORK SERVICE@C4085,4,1.0,0.0,1,1.0,1.0,-0.13674606127267347
NETWORK SERVICE@C10261,4,1.0,0.0,1,1.0,1.0,-0.13674606127267347
NETWORK SERVICE@C10338,4,1.0,0.0,1,1.0,1.0,-0.13674606127267347
NETWORK SERVICE@C6965,4,1.0,0.0,1,1.0,1.0,-0.13674606127267347
ANONYMOUS LOGON@C1654,4,1.0,0.0,1,1.0,1.0,-0.13674606127267347
NETWORK SERVICE@C15087,4,1.0,0.0,1,1.0,1.0,-0.13674606127267347
ANONYMOUS LOGON@C15104,4,1.0,0.0,1,1.0,1.0,-0.13674606127267347
NETWORK SERVICE@C6994,4,1.0,0.0,1,1.0,1.0,-0.13674606127267347
LOCAL SERVICE@C9355,4,1.0,0.0,1,1.0,1.0,-0.13674606127267347
NETWORK SERVICE@C21539,4,1.0,0.0,1,1.0,1.0,-0.13674606127267347
NETWORK SERVICE@C14633,4,1.0,0.0,1,1.0,1.0,-0.13674606127267347
NETWORK SERVICE@C10031,4,1.0,0.0,1,1.0,1.0,-0.13674606127267347
ANONYMOUS LOGON@C18471,4,1.0,0.0,1,1.0,1.0,-0.13674606127267347
ANONYMOUS LOGON@C1846,4,1.0,0.0,1,1.0,1.0,-0.13674606127267347
ANONYMOUS LOGON@C18209,4,1.0,0.0,1,1.0,1.0,-0.13674606127267347
NETWORK SERVICE@C14640,4,1.0,0.0,1,1.0,1.0,-0.13674606127267347
ANONYMOUS LOGON@C18761,4,1.0,0.0,1,1.0,1.0,-0.13674606127267347
NETWORK SERVICE@C7454,4,1.0,0.0,1,1.0,1.0,-0.13674606127267347
NETWORK SERVICE@C7529,4,1.0,0.0,1,1.0,1.0,-0.13674606127267347
NETWORK SERVICE@C7695,4,1.0,0.0,1,1.0,1.0,-0.13674606127267347
NETWORK SERVICE@C4839,4,1.0,0.0,1,1.0,1.0,-0.13674606127267347
NETWORK SERVICE@C5771,4,1.0,0.0,1,1.0,1.0,-0.13674606127267347
U9678@DOM1,4,1.0,0.0,1,1.0,1.0,-0.13674606127267347
NETWORK SERVICE@C4858,4,1.0,0.0,1,1.0,1.0,-0.13674606127267347
NETWORK SERVICE@C4864,4,1.0,0.0,1,1.0,1.0,-0.13674606127267347
NETWORK SERVICE@C3377,4,1.0,0.0,1,1.0,1.0,-0.13674606127267347
LOCAL SERVICE@C18648,4,1.0,0.0,1,1.0,1.0,-0.13674606127267347
C1359$@DOM1,128,1.0,0.0,8,1.0,0.9921875,-0.13675787503955183
C6789$@DOM1,128,1.0,0.0,8,1.0,0.9921875,-0.13675787503955183
C16366$@DOM1,128,1.0,0.0,8,1.0,0.9921875,-0.13675787503955183
C20035$@DOM1,128,1.0,0.0,8,1.0,0.9921875,-0.13675787503955183
C960$@DOM1,245,1.0,0.0,7,1.0,1.0,-0.1367897774779228
C14915$@DOM1,168,1.0,0.0,7,1.0,0.9880952380952381,-0.13679283933143466
C21036$@DOM1,168,1.0,0.0,7,1.0,0.9880952380952381,-0.13679283933143466
C18896$@DOM1,220,1.0,0.0,6,1.0,0.9954545454545455,-0.13679460191139609
C7024$@DOM1,220,1.0,0.0,6,1.0,0.9954545454545455,-0.13679460191139609
C13593$@DOM1,220,1.0,0.0,6,1.0,0.9954545454545455,-0.13679460191139609
C20301$@DOM1,219,1.0,0.0,6,1.0,0.9954337899543378,-0.13685603166640992
C7914$@DOM1,219,1.0,0.0,6,1.0,0.9954337899543378,-0.13685603166640992
C11781$@DOM1,219,1.0,0.0,6,1.0,0.9954337899543378,-0.13685603166640992
C16916$@DOM1,219,1.0,0.0,6,1.0,0.9954337899543378,-0.13685603166640992
C8225$@DOM1,236,1.0,0.0,6,1.0,1.0,-0.13695969729616708
C733$@DOM1,129,1.0,0.0,8,1.0,0.9922480620155039,-0.136972083633703
C17092$@DOM1,129,1.0,0.0,8,1.0,0.9922480620155039,-0.136972083633703
C377$@DOM1,129,1.0,0.0,8,1.0,0.9922480620155039,-0.136972083633703
C6984$@DOM1,192,1.0,0.0,9,1.0,1.0,-0.13698226046284856
U9633@DOM1,58,1.0,0.0,9,1.0,1.0,-0.13698258485873005
U4021@DOM1,58,1.0,0.0,9,1.0,1.0,-0.13698258485873005
U3765@DOM1,58,1.0,0.0,9,1.0,1.0,-0.13698258485873005
U1368@DOM1,58,1.0,0.0,9,1.0,1.0,-0.13698258485873005
U4322@DOM1,58,1.0,0.0,9,1.0,1.0,-0.13698258485873005
U457@DOM1,58,1.0,0.0,9,1.0,1.0,-0.13698258485873005
C1130$@DOM1,227,1.0,0.0,7,1.0,0.9955947136563876,-0.13701135964035938
C640$@DOM1,227,1.0,0.0,7,1.0,0.9955947136563876,-0.13701135964035938
C1188$@DOM1,227,1.0,0.0,7,1.0,0.9955947136563876,-0.13701135964035938
C387$@DOM1,213,1.0,0.0,8,1.0,0.9953051643192489,-0.13701779806189912
C20963$@DOM1,213,1.0,0.0,8,1.0,0.9953051643192489,-0.13701779806189912
C17483$@DOM1,213,1.0,0.0,8,1.0,0.9953051643192489,-0.13701779806189912
C16833$@DOM1,213,1.0,0.0,8,1.0,0.9953051643192489,-0.13701779806189912
U697@DOM1,190,1.0,0.0,9,1.0,1.0,-0.13704365847874478
C5269$@DOM1,191,1.0,0.0,9,1.0,1.0,-0.13704365847874478
C11076$@DOM1,189,1.0,0.0,9,1.0,1.0,-0.13704365847874478
C5602$@DOM1,190,1.0,0.0,9,1.0,1.0,-0.13704365847874478
U535@DOM1,191,1.0,0.0,9,1.0,1.0,-0.13704365847874478
C2022$@DOM1,191,1.0,0.0,9,1.0,1.0,-0.13704365847874478
C6096$@DOM1,189,1.0,0.0,9,1.0,1.0,-0.13704365847874478
C5088$@DOM1,191,1.0,0.0,9,1.0,1.0,-0.13704365847874478
C2408$@DOM1,190,1.0,0.0,9,1.0,1.0,-0.13704365847874478
C605$@DOM1,210,1.0,0.0,8,1.0,0.9952380952380953,-0.13705022835513975
C18273$@DOM1,210,1.0,0.0,8,1.0,0.9952380952380953,-0.13705022835513975
C7991$@DOM1,210,1.0,0.0,8,1.0,0.9952380952380953,-0.13705022835513975
C1044$@DOM1,210,1.0,0.0,8,1.0,0.9952380952380953,-0.13705022835513975
C1524$@DOM1,131,1.0,0.0,5,1.0,0.9923664122137404,-0.13714459060995754
C2869$@DOM1,131,1.0,0.0,5,1.0,0.9923664122137404,-0.13714459060995754
C16867$@DOM1,131,1.0,0.0,5,1.0,0.9923664122137404,-0.13714459060995754
C10407$@DOM1,131,1.0,0.0,5,1.0,0.9923664122137404,-0.13714459060995754
C5651$@DOM1,27,1.0,0.0,5,1.0,1.0,-0.1372469038217698
U9635@DOM1,27,1.0,0.0,5,1.0,1.0,-0.1372469038217698
C17867$@DOM1,170,1.0,0.0,5,1.0,0.9941176470588236,-0.13725518469805081
C681$@DOM1,170,1.0,0.0,5,1.0,0.9941176470588236,-0.13725518469805081
C1209$@DOM1,226,1.0,0.0,7,1.0,0.995575221238938,-0.13731967302567766
C10121$@DOM1,226,1.0,0.0,7,1.0,0.995575221238938,-0.13731967302567766
C10760$@DOM1,214,1.0,0.0,8,1.0,0.9953271028037384,-0.13733737659445772
C10792$@DOM1,214,1.0,0.0,8,1.0,0.9953271028037384,-0.13733737659445772
C8454$@DOM1,208,1.0,0.0,8,1.0,0.9951923076923077,-0.13734266048074462
U3587@DOM1,45,1.0,0.0,4,1.0,1.0,-0.13734864863096818
U9489@DOM1,45,1.0,0.0,4,1.0,1.0,-0.13734864863096818
U168@DOM1,45,1.0,0.0,4,1.0,1.0,-0.13734864863096818
U6653@DOM1,45,1.0,0.0,4,1.0,1.0,-0.13734864863096818
U4979@DOM1,45,1.0,0.0,4,1.0,1.0,-0.13734864863096818
U1069@DOM1,45,1.0,0.0,4,1.0,1.0,-0.13734864863096818
U5855@DOM1,45,1.0,0.0,4,1.0,1.0,-0.13734864863096818
C2269$@DOM1,212,1.0,0.0,8,1.0,0.9952830188679245,-0.1373639560622782
C145$@DOM1,237,1.0,0.0,8,1.0,1.0,-0.13737483021646024
C18854$@DOM1,187,1.0,0.0,9,1.0,1.0,-0.13744536040838107
C1078$@DOM1,110,1.0,0.0,7,1.0,0.990909090909091,-0.13744987312746232
C171$@DOM1,110,1.0,0.0,7,1.0,0.990909090909091,-0.13744987312746232
C6586$@DOM1,170,1.0,0.0,4,1.0,1.0,-0.13745668043125908
C2496$@DOM1,170,1.0,0.0,4,1.0,1.0,-0.13745668043125908
C21325$@DOM1,111,1.0,0.0,6,1.0,0.990990990990991,-0.137484851839279
C15452$@DOM1,110,1.0,0.0,6,1.0,0.990909090909091,-0.137484851839279
C345$@DOM1,111,1.0,0.0,6,1.0,0.990990990990991,-0.137484851839279
C955$@DOM1,111,1.0,0.0,6,1.0,0.990990990990991,-0.137484851839279
C7716$@DOM1,211,1.0,0.0,8,1.0,0.995260663507109,-0.1375047776788531
C20595$@DOM1,211,1.0,0.0,8,1.0,0.995260663507109,-0.1375047776788531
C18842$@DOM1,241,1.0,0.0,7,1.0,1.0,-0.13751516470085845
C3144$@DOM1,243,1.0,0.0,7,1.0,1.0,-0.13751516470085845
C19206$@DOM1,243,1.0,0.0,7,1.0,1.0,-0.13751516470085845
C12352$@DOM1,166,1.0,0.0,5,1.0,0.9939759036144579,-0.13754439822779146
C16297$@DOM1,166,1.0,0.0,5,1.0,0.9939759036144579,-0.13754439822779146
C179$@DOM1,133,1.0,0.0,5,1.0,0.9924812030075187,-0.1375723942264323
C2503$@DOM1,133,1.0,0.0,5,1.0,0.9924812030075187,-0.1375723942264323
C10555$@DOM1,133,1.0,0.0,5,1.0,0.9924812030075187,-0.1375723942264323
C16371$@DOM1,133,1.0,0.0,5,1.0,0.9924812030075187,-0.1375723942264323
C11350$@DOM1,133,1.0,0.0,5,1.0,0.9924812030075187,-0.1375723942264323
C14521$@DOM1,135,1.0,0.0,5,1.0,0.9925925925925926,-0.13758066806676789
C653$@DOM1,135,1.0,0.0,5,1.0,0.9925925925925926,-0.13758066806676789
C14732$@DOM1,135,1.0,0.0,5,1.0,0.9925925925925926,-0.13758066806676789
C320$@DOM1,135,1.0,0.0,5,1.0,0.9925925925925926,-0.13758066806676789
C2321$@DOM1,135,1.0,0.0,5,1.0,0.9925925925925926,-0.13758066806676789
C975$@DOM1,135,1.0,0.0,5,1.0,0.9925925925925926,-0.13758066806676789
C6087$@DOM1,135,1.0,0.0,5,1.0,0.9925925925925926,-0.13758066806676789
C18436$@DOM1,135,1.0,0.0,5,1.0,0.9925925925925926,-0.13758066806676789
C13619$@DOM1,135,1.0,0.0,5,1.0,0.9925925925925926,-0.13758066806676789
C14143$@DOM1,135,1.0,0.0,5,1.0,0.9925925925925926,-0.13758066806676789
C6477$@DOM1,218,1.0,0.0,6,1.0,0.9954128440366973,-0.13758573353033188
C7838$@DOM1,218,1.0,0.0,6,1.0,0.9954128440366973,-0.13758573353033188
C17033$@DOM1,215,1.0,0.0,5,1.0,1.0,-0.13760955586522766
C15990$@DOM1,215,1.0,0.0,5,1.0,1.0,-0.13760955586522766
C75$@DOM1,134,1.0,0.0,5,1.0,0.9925373134328358,-0.13763646073460994
C6924$@DOM1,134,1.0,0.0,5,1.0,0.9925373134328358,-0.13763646073460994
C8021$@DOM1,134,1.0,0.0,5,1.0,0.9925373134328358,-0.13763646073460994
C20919$@DOM1,134,1.0,0.0,5,1.0,0.9925373134328358,-0.13763646073460994
C13916$@DOM1,200,1.0,0.0,8,1.0,0.995,-0.13764317828877976
C18888$@DOM1,200,1.0,0.0,8,1.0,0.995,-0.13764317828877976
C18562$@DOM1,132,1.0,0.0,5,1.0,0.9924242424242424,-0.13764630124878025
C2164$@DOM1,132,1.0,0.0,5,1.0,0.9924242424242424,-0.13764630124878025
C14220$@DOM1,132,1.0,0.0,5,1.0,0.9924242424242424,-0.13764630124878025
C11906$@DOM1,132,1.0,0.0,5,1.0,0.9924242424242424,-0.13764630124878025
C2643$@DOM1,132,1.0,0.0,5,1.0,0.9924242424242424,-0.13764630124878025
C15230$@DOM1,132,1.0,0.0,5,1.0,0.9924242424242424,-0.13764630124878025
C1219$@DOM1,132,1.0,0.0,5,1.0,0.9924242424242424,-0.13764630124878025
C1399$@DOM1,185,1.0,0.0,9,1.0,1.0,-0.13765629077302644
C12649$@DOM1,164,1.0,0.0,5,1.0,0.9939024390243902,-0.13768498900375326
C899$@DOM1,164,1.0,0.0,5,1.0,0.9939024390243902,-0.13768498900375326
C13260$@DOM1,164,1.0,0.0,5,1.0,0.9939024390243902,-0.13768498900375326
U6502@DOM1,60,1.0,0.0,9,1.0,1.0,-0.13773691849164865
U4571@DOM1,60,1.0,0.0,9,1.0,1.0,-0.13773691849164865
U173@DOM1,60,1.0,0.0,9,1.0,1.0,-0.13773691849164865
U9342@DOM1,60,1.0,0.0,9,1.0,1.0,-0.13773691849164865
C240$@DOM1,112,1.0,0.0,6,1.0,0.9910714285714286,-0.13775351888186382
C16286$@DOM1,112,1.0,0.0,6,1.0,0.9910714285714286,-0.13775351888186382
C1093$@DOM1,112,1.0,0.0,6,1.0,0.9910714285714286,-0.13775351888186382
C13691$@DOM1,168,1.0,0.0,5,1.0,0.9940476190476191,-0.1377541409001528
C11924$@DOM1,168,1.0,0.0,5,1.0,0.9940476190476191,-0.1377541409001528
C15556$@DOM1,168,1.0,0.0,5,1.0,0.9940476190476191,-0.1377541409001528
C9044$@DOM1,169,1.0,0.0,4,1.0,1.0,-0.13775899726976232
C20440$@DOM1,169,1.0,0.0,4,1.0,1.0,-0.13775899726976232
C10815$@DOM1,169,1.0,0.0,4,1.0,1.0,-0.13775899726976232
C5446$@DOM1,169,1.0,0.0,4,1.0,1.0,-0.13775899726976232
C12430$@DOM1,167,1.0,0.0,5,1.0,0.9940119760479041,-0.13775999756310237
C14356$@DOM1,167,1.0,0.0,5,1.0,0.9940119760479041,-0.13775999756310237
C1031$@DOM1,225,1.0,0.0,7,1.0,0.9955555555555555,-0.1377976364475187
C18757$@DOM1,225,1.0,0.0,7,1.0,0.9955555555555555,-0.1377976364475187
U5823@DOM1,29,1.0,0.0,5,1.0,1.0,-0.13783753885502986
U9147@DOM1,29,1.0,0.0,5,1.0,1.0,-0.13783753885502986
C19217$@DOM1,136,1.0,0.0,5,1.0,0.9926470588235294,-0.13785112484271034
C19511$@DOM1,163,1.0,0.0,5,1.0,0.9938650306748467,-0.13785866420315496
C13156$@DOM1,163,1.0,0.0,5,1.0,0.9938650306748467,-0.13785866420315496
C17068$@DOM1,163,1.0,0.0,5,1.0,0.9938650306748467,-0.13785866420315496
U6004@DOM1,59,1.0,0.0,9,1.0,1.0,-0.13786984910597883
U5121@DOM1,59,1.0,0.0,9,1.0,1.0,-0.13786984910597883
U4805@DOM1,59,1.0,0.0,9,1.0,1.0,-0.13786984910597883
U1137@DOM1,59,1.0,0.0,9,1.0,1.0,-0.13786984910597883
U9915@DOM1,59,1.0,0.0,9,1.0,1.0,-0.13786984910597883
C1284$@DOM1,203,1.0,0.0,8,1.0,0.9950738916256158,-0.13788508844955477
C17601$@DOM1,112,1.0,0.0,7,1.0,0.9910714285714286,-0.1379109117544266
C30$@DOM1,202,1.0,0.0,8,1.0,0.995049504950495,-0.13794633376810028
C19103$@DOM1,202,1.0,0.0,8,1.0,0.995049504950495,-0.13794633376810028
C13225$@DOM1,202,1.0,0.0,8,1.0,0.995049504950495,-0.13794633376810028
C7314$@DOM1,201,1.0,0.0,8,1.0,0.9950248756218906,-0.13794633376810028
C10658$@DOM1,165,1.0,0.0,5,1.0,0.9939393939393939,-0.13796075203674724
C695$@DOM1,165,1.0,0.0,5,1.0,0.9939393939393939,-0.13796075203674724
C12428$@DOM1,165,1.0,0.0,5,1.0,0.9939393939393939,-0.13796075203674724
C2688$@DOM1,165,1.0,0.0,5,1.0,0.9939393939393939,-0.13796075203674724
C1551$@DOM1,165,1.0,0.0,5,1.0,0.9939393939393939,-0.13796075203674724
C12180$@DOM1,165,1.0,0.0,5,1.0,0.9939393939393939,-0.13796075203674724
C7305$@DOM1,165,1.0,0.0,5,1.0,0.9939393939393939,-0.13796075203674724
C15800$@DOM1,111,1.0,0.0,7,1.0,0.990990990990991,-0.13796306862643337
C3096$@DOM1,111,1.0,0.0,7,1.0,0.990990990990991,-0.13796306862643337
C11055$@DOM1,130,1.0,0.0,8,1.0,0.9923076923076923,-0.13797833613018462
C20470$@DOM1,130,1.0,0.0,8,1.0,0.9923076923076923,-0.13797833613018462
C18857$@DOM1,130,1.0,0.0,8,1.0,0.9923076923076923,-0.13797833613018462
C16291$@DOM1,130,1.0,0.0,8,1.0,0.9923076923076923,-0.13797833613018462
C17170$@DOM1,130,1.0,0.0,8,1.0,0.9923076923076923,-0.13797833613018462
C14702$@DOM1,205,1.0,0.0,8,1.0,0.9951219512195122,-0.1379901920200547
C11779$@DOM1,205,1.0,0.0,8,1.0,0.9951219512195122,-0.1379901920200547
C15057$@DOM1,205,1.0,0.0,8,1.0,0.9951219512195122,-0.1379901920200547
C11428$@DOM1,199,1.0,0.0,8,1.0,0.9949748743718593,-0.13819440302166153
C8834$@DOM1,199,1.0,0.0,8,1.0,0.9949748743718593,-0.13819440302166153
C12515$@DOM1,199,1.0,0.0,8,1.0,0.9949748743718593,-0.13819440302166153
C195$@DOM1,199,1.0,0.0,8,1.0,0.9949748743718593,-0.13819440302166153
U8740@DOM1,61,1.0,0.0,9,1.0,1.0,-0.13822121723086855
U6882@DOM1,61,1.0,0.0,9,1.0,1.0,-0.13822121723086855
U2016@DOM1,61,1.0,0.0,9,1.0,1.0,-0.13822121723086855
U3715@DOM1,61,1.0,0.0,9,1.0,1.0,-0.13822121723086855
C317$@DOM1,240,1.0,0.0,7,1.0,1.0,-0.13822323251587543
C13627$@DOM1,240,1.0,0.0,7,1.0,1.0,-0.13822323251587543
C12118$@DOM1,239,1.0,0.0,7,1.0,1.0,-0.138284420643346
C3424$@DOM1,239,1.0,0.0,7,1.0,1.0,-0.138284420643346
C13076$@DOM1,239,1.0,0.0,7,1.0,1.0,-0.138284420643346
C11639$@DOM1,217,1.0,0.0,6,1.0,0.9953917050691244,-0.13831443060310206
C6336$@DOM1,217,1.0,0.0,6,1.0,0.9953917050691244,-0.13831443060310206
C13179$@DOM1,217,1.0,0.0,6,1.0,0.9953917050691244,-0.13831443060310206
U5956@DOM1,62,1.0,0.0,9,1.0,1.0,-0.13835038187433835
U8247@DOM1,62,1.0,0.0,9,1.0,1.0,-0.13835038187433835
U9611@DOM1,62,1.0,0.0,9,1.0,1.0,-0.13835038187433835
U1457@DOM1,62,1.0,0.0,9,1.0,1.0,-0.13835038187433835
U2045@DOM1,62,1.0,0.0,9,1.0,1.0,-0.13835038187433835
U8989@DOM1,31,1.0,0.0,8,1.0,1.0,-0.13836899777162315
U1320@DOM1,47,1.0,0.0,4,1.0,1.0,-0.13841081245931636
U4907@DOM1,47,1.0,0.0,4,1.0,1.0,-0.13841081245931636
C14274$@DOM1,47,1.0,0.0,4,1.0,1.0,-0.13841081245931636
U4906@DOM1,47,1.0,0.0,4,1.0,1.0,-0.13841081245931636
U116@DOM1,47,1.0,0.0,4,1.0,1.0,-0.13841081245931636
U1847@DOM1,47,1.0,0.0,4,1.0,1.0,-0.13841081245931636
U4150@DOM1,47,1.0,0.0,4,1.0,1.0,-0.13841081245931636
U791@DOM1,47,1.0,0.0,4,1.0,1.0,-0.13841081245931636
U619@DOM1,183,1.0,0.0,9,1.0,1.0,-0.13843173836941275
C16463$@DOM1,222,1.0,0.0,7,1.0,0.9954954954954955,-0.13844506174254556
C1494$@DOM1,223,1.0,0.0,7,1.0,0.9955156950672646,-0.13844506174254556
C19889$@DOM1,223,1.0,0.0,7,1.0,0.9955156950672646,-0.13844506174254556
C18890$@DOM1,222,1.0,0.0,7,1.0,0.9954954954954955,-0.13844506174254556
C8458$@DOM1,222,1.0,0.0,7,1.0,0.9954954954954955,-0.13844506174254556
C8772$@DOM1,222,1.0,0.0,7,1.0,0.9954954954954955,-0.13844506174254556
C11120$@DOM1,222,1.0,0.0,7,1.0,0.9954954954954955,-0.13844506174254556
C16505$@DOM1,222,1.0,0.0,7,1.0,0.9954954954954955,-0.13844506174254556
C3097$@DOM1,223,1.0,0.0,7,1.0,0.9955156950672646,-0.13844506174254556
U3374@DOM1,46,1.0,0.0,4,1.0,1.0,-0.13848845655003678
U3557@DOM1,46,1.0,0.0,4,1.0,1.0,-0.13848845655003678
U7981@DOM1,46,1.0,0.0,4,1.0,1.0,-0.13848845655003678
U4262@DOM1,46,1.0,0.0,4,1.0,1.0,-0.13848845655003678
U3496@DOM1,46,1.0,0.0,4,1.0,1.0,-0.13848845655003678
U6675@DOM1,46,1.0,0.0,4,1.0,1.0,-0.13848845655003678
U9896@DOM1,46,1.0,0.0,4,1.0,1.0,-0.13848845655003678
U2367@DOM1,46,1.0,0.0,4,1.0,1.0,-0.13848845655003678
U7862@DOM1,46,1.0,0.0,4,1.0,1.0,-0.13848845655003678
U4720@DOM1,33,1.0,0.0,8,1.0,1.0,-0.13849680320539215
U5307@DOM1,33,1.0,0.0,8,1.0,1.0,-0.13849680320539215
C10373$@DOM1,131,1.0,0.0,8,1.0,0.9923664122137404,-0.13850065254036098
C1768$@DOM1,131,1.0,0.0,8,1.0,0.9923664122137404,-0.13850065254036098
C8966$@DOM1,184,1.0,0.0,9,1.0,1.0,-0.13852007621121853
C2307$@DOM1,184,1.0,0.0,9,1.0,1.0,-0.13852007621121853
C510$@DOM1,184,1.0,0.0,9,1.0,1.0,-0.13852007621121853
U242@DOM1,184,1.0,0.0,9,1.0,1.0,-0.13852007621121853
U2479@DOM1,63,1.0,0.0,9,1.0,1.0,-0.1385390014020596
U3099@DOM1,63,1.0,0.0,9,1.0,1.0,-0.1385390014020596
U5389@DOM1,63,1.0,0.0,9,1.0,1.0,-0.1385390014020596
U4006@DOM1,63,1.0,0.0,9,1.0,1.0,-0.1385390014020596
U3295@DOM1,63,1.0,0.0,9,1.0,1.0,-0.1385390014020596
U5652@DOM1,63,1.0,0.0,9,1.0,1.0,-0.1385390014020596
U2286@DOM1,34,1.0,0.0,8,1.0,1.0,-0.13855794506322983
U9739@DOM1,48,1.0,0.0,4,1.0,1.0,-0.13855918658535538
U2989@DOM1,48,1.0,0.0,4,1.0,1.0,-0.13855918658535538
U4146@DOM1,48,1.0,0.0,4,1.0,1.0,-0.13855918658535538
U6231@DOM1,48,1.0,0.0,4,1.0,1.0,-0.13855918658535538
U4264@DOM1,48,1.0,0.0,4,1.0,1.0,-0.13855918658535538
C2788$@DOM1,234,1.0,0.0,8,1.0,1.0,-0.13857931982125288
C8295$@DOM1,233,1.0,0.0,8,1.0,1.0,-0.13857931982125288
C1260$@DOM1,132,1.0,0.0,8,1.0,0.9924242424242424,-0.13857999440331914
C9268$@DOM1,132,1.0,0.0,8,1.0,0.9924242424242424,-0.13857999440331914
C19402$@DOM1,132,1.0,0.0,8,1.0,0.9924242424242424,-0.13857999440331914
C3174$@DOM1,132,1.0,0.0,8,1.0,0.9924242424242424,-0.13857999440331914
U1146@DOM1,50,1.0,0.0,4,1.0,1.0,-0.13859820090828728
U3818@DOM1,50,1.0,0.0,4,1.0,1.0,-0.13859820090828728
U427@DOM1,50,1.0,0.0,4,1.0,1.0,-0.13859820090828728
U382@DOM1,50,1.0,0.0,4,1.0,1.0,-0.13859820090828728
U6719@DOM1,50,1.0,0.0,4,1.0,1.0,-0.13859820090828728
U7544@DOM1,50,1.0,0.0,4,1.0,1.0,-0.13859820090828728
C5394$@DOM1,50,1.0,0.0,4,1.0,1.0,-0.13859820090828728
U6268@DOM1,50,1.0,0.0,4,1.0,1.0,-0.13859820090828728
U1142@DOM1,50,1.0,0.0,4,1.0,1.0,-0.13859820090828728
U5355@DOM1,50,1.0,0.0,4,1.0,1.0,-0.13859820090828728
U8272@DOM1,50,1.0,0.0,4,1.0,1.0,-0.13859820090828728
U412@DOM1,178,1.0,0.0,9,1.0,1.0,-0.13859904216451463
C19004$@DOM1,178,1.0,0.0,9,1.0,1.0,-0.13859904216451463
C17716$@DOM1,140,1.0,0.0,5,1.0,0.9928571428571429,-0.13862238406315586
C3401$@DOM1,140,1.0,0.0,5,1.0,0.9928571428571429,-0.13862238406315586
C16$@DOM1,140,1.0,0.0,5,1.0,0.9928571428571429,-0.13862238406315586
C8749$@DOM1,139,1.0,0.0,5,1.0,0.9928057553956835,-0.13862494248238977
C20396$@DOM1,139,1.0,0.0,5,1.0,0.9928057553956835,-0.13862494248238977
C9206$@DOM1,139,1.0,0.0,5,1.0,0.9928057553956835,-0.13862494248238977
C17574$@DOM1,139,1.0,0.0,5,1.0,0.9928057553956835,-0.13862494248238977
C782$@DOM1,139,1.0,0.0,5,1.0,0.9928057553956835,-0.13862494248238977
C18514$@DOM1,165,1.0,0.0,4,1.0,1.0,-0.13866201109097914
C4152$@DOM1,165,1.0,0.0,4,1.0,1.0,-0.13866201109097914
C15478$@DOM1,166,1.0,0.0,4,1.0,1.0,-0.13866201109097914
C11499$@DOM1,166,1.0,0.0,4,1.0,1.0,-0.13866201109097914
C3808$@DOM1,166,1.0,0.0,4,1.0,1.0,-0.13866201109097914
C1704$@DOM1,182,1.0,0.0,9,1.0,1.0,-0.13867500481303996
C12259$@DOM1,138,1.0,0.0,5,1.0,0.9927536231884058,-0.13867936142056386
C29$@DOM1,138,1.0,0.0,5,1.0,0.9927536231884058,-0.13867936142056386
C8823$@DOM1,138,1.0,0.0,5,1.0,0.9927536231884058,-0.13867936142056386
C18994$@DOM1,138,1.0,0.0,5,1.0,0.9927536231884058,-0.13867936142056386
C9558$@DOM1,138,1.0,0.0,5,1.0,0.9927536231884058,-0.13867936142056386
C16856$@DOM1,213,1.0,0.0,5,1.0,1.0,-0.1386858903935237
C8956$@DOM1,168,1.0,0.0,4,1.0,1.0,-0.13868829083285755
C2329$@DOM1,168,1.0,0.0,4,1.0,1.0,-0.13868829083285755
C6653$@DOM1,176,1.0,0.0,9,1.0,1.0,-0.1387050638619889
C872$@DOM1,198,1.0,0.0,8,1.0,0.9949494949494949,-0.1387273905860411
C10199$@DOM1,197,1.0,0.0,8,1.0,0.9949238578680203,-0.1387273905860411
C7083$@DOM1,198,1.0,0.0,8,1.0,0.9949494949494949,-0.1387273905860411
C3634$@DOM1,216,1.0,0.0,6,1.0,0.9953703703703703,-0.13874375091955082
C1365$@DOM1,216,1.0,0.0,6,1.0,0.9953703703703703,-0.13874375091955082
C9150$@DOM1,234,1.0,0.0,6,1.0,1.0,-0.13874948914567214
U5729@DOM1,234,1.0,0.0,6,1.0,1.0,-0.13874948914567214
C11167$@DOM1,179,1.0,0.0,9,1.0,1.0,-0.1387670058084508
C4674$@DOM1,179,1.0,0.0,9,1.0,1.0,-0.1387670058084508
U2525@DOM1,179,1.0,0.0,9,1.0,1.0,-0.1387670058084508
C2342$@DOM1,175,1.0,0.0,9,1.0,1.0,-0.13878495422978393
C1729$@DOM1,175,1.0,0.0,9,1.0,1.0,-0.13878495422978393
C19789$@DOM1,160,1.0,0.0,5,1.0,0.99375,-0.13879411332552416
C11420$@DOM1,160,1.0,0.0,5,1.0,0.99375,-0.13879411332552416
C657$@DOM1,160,1.0,0.0,5,1.0,0.99375,-0.13879411332552416
C6540$@DOM1,141,1.0,0.0,5,1.0,0.9929078014184397,-0.13879966944800798
C19391$@DOM1,141,1.0,0.0,5,1.0,0.9929078014184397,-0.13879966944800798
C2619$@DOM1,141,1.0,0.0,5,1.0,0.9929078014184397,-0.13879966944800798
C844$@DOM1,141,1.0,0.0,5,1.0,0.9929078014184397,-0.13879966944800798
C11362$@DOM1,141,1.0,0.0,5,1.0,0.9929078014184397,-0.13879966944800798
C18520$@DOM1,141,1.0,0.0,5,1.0,0.9929078014184397,-0.13879966944800798
C17342$@DOM1,141,1.0,0.0,5,1.0,0.9929078014184397,-0.13879966944800798
C19202$@DOM1,164,1.0,0.0,4,1.0,1.0,-0.13881463661743104
C14190$@DOM1,167,1.0,0.0,4,1.0,1.0,-0.13882852775353655
C3021$@DOM1,167,1.0,0.0,4,1.0,1.0,-0.13882852775353655
C3052$@DOM1,233,1.0,0.0,6,1.0,1.0,-0.13887167705281872
C7796$@DOM1,161,1.0,0.0,5,1.0,0.9937888198757764,-0.13889332806242882
C13350$@DOM1,161,1.0,0.0,5,1.0,0.9937888198757764,-0.13889332806242882
C568$@DOM1,161,1.0,0.0,5,1.0,0.9937888198757764,-0.13889332806242882
C21857$@DOM1,161,1.0,0.0,5,1.0,0.9937888198757764,-0.13889332806242882
C440$@DOM1,238,1.0,0.0,7,1.0,1.0,-0.13889370764558345
C19580$@DOM1,137,1.0,0.0,5,1.0,0.9927007299270073,-0.1388940629990057
C13508$@DOM1,137,1.0,0.0,5,1.0,0.9927007299270073,-0.1388940629990057
C3389$@DOM1,137,1.0,0.0,5,1.0,0.9927007299270073,-0.1388940629990057
C7303$@DOM1,221,1.0,0.0,7,1.0,0.995475113122172,-0.1388959469137226
C6596$@DOM1,221,1.0,0.0,7,1.0,0.995475113122172,-0.1388959469137226
C425$@DOM1,221,1.0,0.0,7,1.0,0.995475113122172,-0.1388959469137226
C9918$@DOM1,221,1.0,0.0,7,1.0,0.995475113122172,-0.1388959469137226
U10300@DOM1,36,1.0,0.0,8,1.0,1.0,-0.1389022604849593
U6362@DOM1,35,1.0,0.0,8,1.0,1.0,-0.1389022604849593
U4157@DOM1,36,1.0,0.0,8,1.0,1.0,-0.1389022604849593
U4090@DOM1,36,1.0,0.0,8,1.0,1.0,-0.1389022604849593
U5808@DOM1,35,1.0,0.0,8,1.0,1.0,-0.1389022604849593
U3826@DOM1,35,1.0,0.0,8,1.0,1.0,-0.1389022604849593
U844@DOM1,19,1.0,0.0,7,1.0,1.0,-0.13894041552072955
C11673$@DOM1,162,1.0,0.0,5,1.0,0.9938271604938271,-0.13895646343706913
C17074$@DOM1,162,1.0,0.0,5,1.0,0.9938271604938271,-0.13895646343706913
C9192$@DOM1,162,1.0,0.0,5,1.0,0.9938271604938271,-0.13895646343706913
C5975$@DOM1,162,1.0,0.0,5,1.0,0.9938271604938271,-0.13895646343706913
C10508$@DOM1,162,1.0,0.0,5,1.0,0.9938271604938271,-0.13895646343706913
C19692$@DOM1,162,1.0,0.0,5,1.0,0.9938271604938271,-0.13895646343706913
C16358$@DOM1,162,1.0,0.0,5,1.0,0.9938271604938271,-0.13895646343706913
C8550$@DOM1,162,1.0,0.0,5,1.0,0.9938271604938271,-0.13895646343706913
U6430@DOM1,49,1.0,0.0,4,1.0,1.0,-0.1390426482739297
U7298@DOM1,49,1.0,0.0,4,1.0,1.0,-0.1390426482739297
U2389@DOM1,49,1.0,0.0,4,1.0,1.0,-0.1390426482739297
U4859@DOM1,49,1.0,0.0,4,1.0,1.0,-0.1390426482739297
U9533@DOM1,49,1.0,0.0,4,1.0,1.0,-0.1390426482739297
U5254@DOM1,49,1.0,0.0,4,1.0,1.0,-0.1390426482739297
U4417@DOM1,49,1.0,0.0,4,1.0,1.0,-0.1390426482739297
C10077$@DOM1,174,1.0,0.0,9,1.0,1.0,-0.13911478326019927
C9485$@DOM1,174,1.0,0.0,9,1.0,1.0,-0.13911478326019927
C5273$@DOM1,180,1.0,0.0,9,1.0,1.0,-0.13914395083648978
C68$@DOM1,180,1.0,0.0,9,1.0,1.0,-0.13914395083648978
C24$@DOM1,180,1.0,0.0,9,1.0,1.0,-0.13914395083648978
LOCAL SERVICE@C9438,3,1.0,0.0,1,1.0,1.0,-0.1391590672388166
LOCAL SERVICE@C9518,3,1.0,0.0,1,1.0,1.0,-0.1391590672388166
LOCAL SERVICE@C9535,3,1.0,0.0,1,1.0,1.0,-0.1391590672388166
LOCAL SERVICE@C9610,3,1.0,0.0,1,1.0,1.0,-0.1391590672388166
LOCAL SERVICE@C9621,3,1.0,0.0,1,1.0,1.0,-0.1391590672388166
NETWORK SERVICE@C21429,3,1.0,0.0,1,1.0,1.0,-0.1391590672388166
NETWORK SERVICE@C21474,3,1.0,0.0,1,1.0,1.0,-0.1391590672388166
NETWORK SERVICE@C21495,3,1.0,0.0,1,1.0,1.0,-0.1391590672388166
NETWORK SERVICE@C11346,3,1.0,0.0,1,1.0,1.0,-0.1391590672388166
NETWORK SERVICE@C11380,3,1.0,0.0,1,1.0,1.0,-0.1391590672388166
NETWORK SERVICE@C11402,3,1.0,0.0,1,1.0,1.0,-0.1391590672388166
NETWORK SERVICE@C19816,3,1.0,0.0,1,1.0,1.0,-0.1391590672388166
NETWORK SERVICE@C19834,3,1.0,0.0,1,1.0,1.0,-0.1391590672388166
NETWORK SERVICE@C19963,3,1.0,0.0,1,1.0,1.0,-0.1391590672388166
NETWORK SERVICE@C19967,3,1.0,0.0,1,1.0,1.0,-0.1391590672388166
NETWORK SERVICE@C19472,3,1.0,0.0,1,1.0,1.0,-0.1391590672388166
NETWORK SERVICE@C1954,3,1.0,0.0,1,1.0,1.0,-0.1391590672388166
NETWORK SERVICE@C19547,3,1.0,0.0,1,1.0,1.0,-0.1391590672388166
NETWORK SERVICE@C19564,3,1.0,0.0,1,1.0,1.0,-0.1391590672388166
NETWORK SERVICE@C19719,3,1.0,0.0,1,1.0,1.0,-0.1391590672388166
LOCAL SERVICE@C8538,3,1.0,0.0,1,1.0,1.0,-0.1391590672388166
LOCAL SERVICE@C8593,3,1.0,0.0,1,1.0,1.0,-0.1391590672388166
LOCAL SERVICE@C8623,3,1.0,0.0,1,1.0,1.0,-0.1391590672388166
NETWORK SERVICE@C2317,3,1.0,0.0,1,1.0,1.0,-0.1391590672388166
NETWORK SERVICE@C2328,3,1.0,0.0,1,1.0,1.0,-0.1391590672388166
NETWORK SERVICE@C2354,3,1.0,0.0,1,1.0,1.0,-0.1391590672388166
NETWORK SERVICE@C2370,3,1.0,0.0,1,1.0,1.0,-0.1391590672388166
NETWORK SERVICE@C2415,3,1.0,0.0,1,1.0,1.0,-0.1391590672388166
LOCAL SERVICE@C6723,3,1.0,0.0,1,1.0,1.0,-0.1391590672388166
LOCAL SERVICE@C6815,3,1.0,0.0,1,1.0,1.0,-0.1391590672388166
LOCAL SERVICE@C7048,3,1.0,0.0,1,1.0,1.0,-0.1391590672388166
LOCAL SERVICE@C7095,3,1.0,0.0,1,1.0,1.0,-0.1391590672388166
LOCAL SERVICE@C7184,3,1.0,0.0,1,1.0,1.0,-0.1391590672388166
LOCAL SERVICE@C7452,3,1.0,0.0,1,1.0,1.0,-0.1391590672388166
LOCAL SERVICE@C7499,3,1.0,0.0,1,1.0,1.0,-0.1391590672388166
LOCAL SERVICE@C7882,3,1.0,0.0,1,1.0,1.0,-0.1391590672388166
LOCAL SERVICE@C8204,3,1.0,0.0,1,1.0,1.0,-0.1391590672388166
LOCAL SERVICE@C8367,3,1.0,0.0,1,1.0,1.0,-0.1391590672388166
NETWORK SERVICE@C11317,3,1.0,0.0,1,1.0,1.0,-0.1391590672388166
NETWORK SERVICE@C2568,3,1.0,0.0,1,1.0,1.0,-0.1391590672388166
NETWORK SERVICE@C2640,3,1.0,0.0,1,1.0,1.0,-0.1391590672388166
NETWORK SERVICE@C2652,3,1.0,0.0,1,1.0,1.0,-0.1391590672388166
NETWORK SERVICE@C2708,3,1.0,0.0,1,1.0,1.0,-0.1391590672388166
LOCAL SERVICE@C5542,3,1.0,0.0,1,1.0,1.0,-0.1391590672388166
LOCAL SERVICE@C5853,3,1.0,0.0,1,1.0,1.0,-0.1391590672388166
LOCAL SERVICE@C5942,3,1.0,0.0,1,1.0,1.0,-0.1391590672388166
LOCAL SERVICE@C5965,3,1.0,0.0,1,1.0,1.0,-0.1391590672388166
LOCAL SERVICE@C6093,3,1.0,0.0,1,1.0,1.0,-0.1391590672388166
LOCAL SERVICE@C6146,3,1.0,0.0,1,1.0,1.0,-0.1391590672388166
LOCAL SERVICE@C6231,3,1.0,0.0,1,1.0,1.0,-0.1391590672388166
NETWORK SERVICE@C2422,3,1.0,0.0,1,1.0,1.0,-0.1391590672388166
NETWORK SERVICE@C2468,3,1.0,0.0,1,1.0,1.0,-0.1391590672388166
NETWORK SERVICE@C2219,3,1.0,0.0,1,1.0,1.0,-0.1391590672388166
NETWORK SERVICE@C2261,3,1.0,0.0,1,1.0,1.0,-0.1391590672388166
NETWORK SERVICE@C2738,3,1.0,0.0,1,1.0,1.0,-0.1391590672388166
NETWORK SERVICE@C2744,3,1.0,0.0,1,1.0,1.0,-0.1391590672388166
NETWORK SERVICE@C2769,3,1.0,0.0,1,1.0,1.0,-0.1391590672388166
NETWORK SERVICE@C2852,3,1.0,0.0,1,1.0,1.0,-0.1391590672388166
NETWORK SERVICE@C2857,3,1.0,0.0,1,1.0,1.0,-0.1391590672388166
NETWORK SERVICE@C2879,3,1.0,0.0,1,1.0,1.0,-0.1391590672388166
NETWORK SERVICE@C2897,3,1.0,0.0,1,1.0,1.0,-0.1391590672388166
NETWORK SERVICE@C2902,3,1.0,0.0,1,1.0,1.0,-0.1391590672388166
LOCAL SERVICE@C5412,3,1.0,0.0,1,1.0,1.0,-0.1391590672388166
LOCAL SERVICE@C5420,3,1.0,0.0,1,1.0,1.0,-0.1391590672388166
LOCAL SERVICE@C5469,3,1.0,0.0,1,1.0,1.0,-0.1391590672388166
LOCAL SERVICE@C5519,3,1.0,0.0,1,1.0,1.0,-0.1391590672388166
NETWORK SERVICE@C2498,3,1.0,0.0,1,1.0,1.0,-0.1391590672388166
NETWORK SERVICE@C2538,3,1.0,0.0,1,1.0,1.0,-0.1391590672388166
LOCAL SERVICE@C5255,3,1.0,0.0,1,1.0,1.0,-0.1391590672388166
NETWORK SERVICE@C3050,3,1.0,0.0,1,1.0,1.0,-0.1391590672388166
NETWORK SERVICE@C3068,3,1.0,0.0,1,1.0,1.0,-0.1391590672388166
NETWORK SERVICE@C3084,3,1.0,0.0,1,1.0,1.0,-0.1391590672388166
NETWORK SERVICE@C2966,3,1.0,0.0,1,1.0,1.0,-0.1391590672388166
NETWORK SERVICE@C2978,3,1.0,0.0,1,1.0,1.0,-0.1391590672388166
NETWORK SERVICE@C2981,3,1.0,0.0,1,1.0,1.0,-0.1391590672388166
NETWORK SERVICE@C3000,3,1.0,0.0,1,1.0,1.0,-0.1391590672388166
NETWORK SERVICE@C3003,3,1.0,0.0,1,1.0,1.0,-0.1391590672388166
NETWORK SERVICE@C3032,3,1.0,0.0,1,1.0,1.0,-0.1391590672388166
LOCAL SERVICE@C5327,3,1.0,0.0,1,1.0,1.0,-0.1391590672388166
LOCAL SERVICE@C5347,3,1.0,0.0,1,1.0,1.0,-0.1391590672388166
LOCAL SERVICE@C5369,3,1.0,0.0,1,1.0,1.0,-0.1391590672388166
LOCAL SERVICE@C5394,3,1.0,0.0,1,1.0,1.0,-0.1391590672388166
LOCAL SERVICE@C5402,3,1.0,0.0,1,1.0,1.0,-0.1391590672388166
LOCAL SERVICE@C4946,3,1.0,0.0,1,1.0,1.0,-0.1391590672388166
LOCAL SERVICE@C4962,3,1.0,0.0,1,1.0,1.0,-0.1391590672388166
LOCAL SERVICE@C4973,3,1.0,0.0,1,1.0,1.0,-0.1391590672388166
NETWORK SERVICE@C3128,3,1.0,0.0,1,1.0,1.0,-0.1391590672388166
NETWORK SERVICE@C3150,3,1.0,0.0,1,1.0,1.0,-0.1391590672388166
NETWORK SERVICE@C3163,3,1.0,0.0,1,1.0,1.0,-0.1391590672388166
NETWORK SERVICE@C3176,3,1.0,0.0,1,1.0,1.0,-0.1391590672388166
NETWORK SERVICE@C3183,3,1.0,0.0,1,1.0,1.0,-0.1391590672388166
NETWORK SERVICE@C3227,3,1.0,0.0,1,1.0,1.0,-0.1391590672388166
NETWORK SERVICE@C3230,3,1.0,0.0,1,1.0,1.0,-0.1391590672388166
LOCAL SERVICE@C5043,3,1.0,0.0,1,1.0,1.0,-0.1391590672388166
LOCAL SERVICE@C5051,3,1.0,0.0,1,1.0,1.0,-0.1391590672388166
LOCAL SERVICE@C5137,3,1.0,0.0,1,1.0,1.0,-0.1391590672388166
LOCAL SERVICE@C5141,3,1.0,0.0,1,1.0,1.0,-0.1391590672388166
LOCAL SERVICE@C5225,3,1.0,0.0,1,1.0,1.0,-0.1391590672388166
NETWORK SERVICE@C3352,3,1.0,0.0,1,1.0,1.0,-0.1391590672388166
NETWORK SERVICE@C3359,3,1.0,0.0,1,1.0,1.0,-0.1391590672388166
NETWORK SERVICE@C3361,3,1.0,0.0,1,1.0,1.0,-0.1391590672388166
LOCAL SERVICE@C4440,3,1.0,0.0,1,1.0,1.0,-0.1391590672388166
LOCAL SERVICE@C4448,3,1.0,0.0,1,1.0,1.0,-0.1391590672388166
LOCAL SERVICE@C4529,3,1.0,0.0,1,1.0,1.0,-0.1391590672388166
LOCAL SERVICE@C4557,3,1.0,0.0,1,1.0,1.0,-0.1391590672388166
LOCAL SERVICE@C4561,3,1.0,0.0,1,1.0,1.0,-0.1391590672388166
LOCAL SERVICE@C4593,3,1.0,0.0,1,1.0,1.0,-0.1391590672388166
LOCAL SERVICE@C4716,3,1.0,0.0,1,1.0,1.0,-0.1391590672388166
LOCAL SERVICE@C4753,3,1.0,0.0,1,1.0,1.0,-0.1391590672388166
LOCAL SERVICE@C4769,3,1.0,0.0,1,1.0,1.0,-0.1391590672388166
LOCAL SERVICE@C4897,3,1.0,0.0,1,1.0,1.0,-0.1391590672388166
LOCAL SERVICE@C4921,3,1.0,0.0,1,1.0,1.0,-0.1391590672388166
NETWORK SERVICE@C11410,3,1.0,0.0,1,1.0,1.0,-0.1391590672388166
NETWORK SERVICE@C11510,3,1.0,0.0,1,1.0,1.0,-0.1391590672388166
NETWORK SERVICE@C11627,3,1.0,0.0,1,1.0,1.0,-0.1391590672388166
NETWORK SERVICE@C11684,3,1.0,0.0,1,1.0,1.0,-0.1391590672388166
NETWORK SERVICE@C11702,3,1.0,0.0,1,1.0,1.0,-0.1391590672388166
NETWORK SERVICE@C11714,3,1.0,0.0,1,1.0,1.0,-0.1391590672388166
NETWORK SERVICE@C11794,3,1.0,0.0,1,1.0,1.0,-0.1391590672388166
NETWORK SERVICE@C11806,3,1.0,0.0,1,1.0,1.0,-0.1391590672388166
NETWORK SERVICE@C11809,3,1.0,0.0,1,1.0,1.0,-0.1391590672388166
NETWORK SERVICE@C11837,3,1.0,0.0,1,1.0,1.0,-0.1391590672388166
NETWORK SERVICE@C11853,3,1.0,0.0,1,1.0,1.0,-0.1391590672388166
NETWORK SERVICE@C11926,3,1.0,0.0,1,1.0,1.0,-0.1391590672388166
NETWORK SERVICE@C11952,3,1.0,0.0,1,1.0,1.0,-0.1391590672388166
NETWORK SERVICE@C11990,3,1.0,0.0,1,1.0,1.0,-0.1391590672388166
NETWORK SERVICE@C3319,3,1.0,0.0,1,1.0,1.0,-0.1391590672388166
NETWORK SERVICE@C3374,3,1.0,0.0,1,1.0,1.0,-0.1391590672388166
NETWORK SERVICE@C3405,3,1.0,0.0,1,1.0,1.0,-0.1391590672388166
NETWORK SERVICE@C3410,3,1.0,0.0,1,1.0,1.0,-0.1391590672388166
NETWORK SERVICE@C3415,3,1.0,0.0,1,1.0,1.0,-0.1391590672388166
NETWORK SERVICE@C3469,3,1.0,0.0,1,1.0,1.0,-0.1391590672388166
NETWORK SERVICE@C3476,3,1.0,0.0,1,1.0,1.0,-0.1391590672388166
LOCAL SERVICE@C4425,3,1.0,0.0,1,1.0,1.0,-0.1391590672388166
NETWORK SERVICE@C3232,3,1.0,0.0,1,1.0,1.0,-0.1391590672388166
NETWORK SERVICE@C3269,3,1.0,0.0,1,1.0,1.0,-0.1391590672388166
NETWORK SERVICE@C3293,3,1.0,0.0,1,1.0,1.0,-0.1391590672388166
NETWORK SERVICE@C3297,3,1.0,0.0,1,1.0,1.0,-0.1391590672388166
NETWORK SERVICE@C3307,3,1.0,0.0,1,1.0,1.0,-0.1391590672388166
NETWORK SERVICE@C1979,3,1.0,0.0,1,1.0,1.0,-0.1391590672388166
LOCAL SERVICE@C3924,3,1.0,0.0,1,1.0,1.0,-0.1391590672388166
NETWORK SERVICE@C3493,3,1.0,0.0,1,1.0,1.0,-0.1391590672388166
NETWORK SERVICE@C3496,3,1.0,0.0,1,1.0,1.0,-0.1391590672388166
NETWORK SERVICE@C3504,3,1.0,0.0,1,1.0,1.0,-0.1391590672388166
NETWORK SERVICE@C3507,3,1.0,0.0,1,1.0,1.0,-0.1391590672388166
NETWORK SERVICE@C3528,3,1.0,0.0,1,1.0,1.0,-0.1391590672388166
NETWORK SERVICE@C3539,3,1.0,0.0,1,1.0,1.0,-0.1391590672388166
NETWORK SERVICE@C3559,3,1.0,0.0,1,1.0,1.0,-0.1391590672388166
NETWORK SERVICE@C3587,3,1.0,0.0,1,1.0,1.0,-0.1391590672388166
NETWORK SERVICE@C3589,3,1.0,0.0,1,1.0,1.0,-0.1391590672388166
LOCAL SERVICE@C4178,3,1.0,0.0,1,1.0,1.0,-0.1391590672388166
LOCAL SERVICE@C4193,3,1.0,0.0,1,1.0,1.0,-0.1391590672388166
LOCAL SERVICE@C4278,3,1.0,0.0,1,1.0,1.0,-0.1391590672388166
LOCAL SERVICE@C4305,3,1.0,0.0,1,1.0,1.0,-0.1391590672388166
LOCAL SERVICE@C4352,3,1.0,0.0,1,1.0,1.0,-0.1391590672388166
LOCAL SERVICE@C4388,3,1.0,0.0,1,1.0,1.0,-0.1391590672388166
NETWORK SERVICE@C3694,3,1.0,0.0,1,1.0,1.0,-0.1391590672388166
NETWORK SERVICE@C3701,3,1.0,0.0,1,1.0,1.0,-0.1391590672388166
NETWORK SERVICE@C3716,3,1.0,0.0,1,1.0,1.0,-0.1391590672388166
NETWORK SERVICE@C3724,3,1.0,0.0,1,1.0,1.0,-0.1391590672388166
NETWORK SERVICE@C3730,3,1.0,0.0,1,1.0,1.0,-0.1391590672388166
NETWORK SERVICE@C3732,3,1.0,0.0,1,1.0,1.0,-0.1391590672388166
NETWORK SERVICE@C3750,3,1.0,0.0,1,1.0,1.0,-0.1391590672388166
LOCAL SERVICE@C3645,3,1.0,0.0,1,1.0,1.0,-0.1391590672388166
LOCAL SERVICE@C3670,3,1.0,0.0,1,1.0,1.0,-0.1391590672388166
LOCAL SERVICE@C3768,3,1.0,0.0,1,1.0,1.0,-0.1391590672388166
LOCAL SERVICE@C3841,3,1.0,0.0,1,1.0,1.0,-0.1391590672388166
LOCAL SERVICE@C3869,3,1.0,0.0,1,1.0,1.0,-0.1391590672388166
LOCAL SERVICE@C3912,3,1.0,0.0,1,1.0,1.0,-0.1391590672388166
LOCAL SERVICE@C3914,3,1.0,0.0,1,1.0,1.0,-0.1391590672388166
LOCAL SERVICE@C3917,3,1.0,0.0,1,1.0,1.0,-0.1391590672388166
LOCAL SERVICE@C3921,3,1.0,0.0,1,1.0,1.0,-0.1391590672388166
NETWORK SERVICE@C3797,3,1.0,0.0,1,1.0,1.0,-0.1391590672388166
NETWORK SERVICE@C3806,3,1.0,0.0,1,1.0,1.0,-0.1391590672388166
NETWORK SERVICE@C3835,3,1.0,0.0,1,1.0,1.0,-0.1391590672388166
NETWORK SERVICE@C3837,3,1.0,0.0,1,1.0,1.0,-0.1391590672388166
NETWORK SERVICE@C3842,3,1.0,0.0,1,1.0,1.0,-0.1391590672388166
NETWORK SERVICE@C3878,3,1.0,0.0,1,1.0,1.0,-0.1391590672388166
NETWORK SERVICE@C3886,3,1.0,0.0,1,1.0,1.0,-0.1391590672388166
NETWORK SERVICE@C3592,3,1.0,0.0,1,1.0,1.0,-0.1391590672388166
NETWORK SERVICE@C3616,3,1.0,0.0,1,1.0,1.0,-0.1391590672388166
NETWORK SERVICE@C3631,3,1.0,0.0,1,1.0,1.0,-0.1391590672388166
NETWORK SERVICE@C3645,3,1.0,0.0,1,1.0,1.0,-0.1391590672388166
NETWORK SERVICE@C3670,3,1.0,0.0,1,1.0,1.0,-0.1391590672388166
NETWORK SERVICE@C3924,3,1.0,0.0,1,1.0,1.0,-0.1391590672388166
LOCAL SERVICE@C2857,3,1.0,0.0,1,1.0,1.0,-0.1391590672388166
LOCAL SERVICE@C2886,3,1.0,0.0,1,1.0,1.0,-0.1391590672388166
LOCAL SERVICE@C2897,3,1.0,0.0,1,1.0,1.0,-0.1391590672388166
LOCAL SERVICE@C3049,3,1.0,0.0,1,1.0,1.0,-0.1391590672388166
LOCAL SERVICE@C3352,3,1.0,0.0,1,1.0,1.0,-0.1391590672388166
LOCAL SERVICE@C3359,3,1.0,0.0,1,1.0,1.0,-0.1391590672388166
LOCAL SERVICE@C3476,3,1.0,0.0,1,1.0,1.0,-0.1391590672388166
LOCAL SERVICE@C3504,3,1.0,0.0,1,1.0,1.0,-0.1391590672388166
LOCAL SERVICE@C3550,3,1.0,0.0,1,1.0,1.0,-0.1391590672388166
LOCAL SERVICE@C3559,3,1.0,0.0,1,1.0,1.0,-0.1391590672388166
LOCAL SERVICE@C3592,3,1.0,0.0,1,1.0,1.0,-0.1391590672388166
NETWORK SERVICE@C3768,3,1.0,0.0,1,1.0,1.0,-0.1391590672388166
LOCAL SERVICE@C21701,3,1.0,0.0,1,1.0,1.0,-0.1391590672388166
LOCAL SERVICE@C2181,3,1.0,0.0,1,1.0,1.0,-0.1391590672388166
LOCAL SERVICE@C2205,3,1.0,0.0,1,1.0,1.0,-0.1391590672388166
LOCAL SERVICE@C2212,3,1.0,0.0,1,1.0,1.0,-0.1391590672388166
LOCAL SERVICE@C2288,3,1.0,0.0,1,1.0,1.0,-0.1391590672388166
LOCAL SERVICE@C2395,3,1.0,0.0,1,1.0,1.0,-0.1391590672388166
LOCAL SERVICE@C2415,3,1.0,0.0,1,1.0,1.0,-0.1391590672388166
LOCAL SERVICE@C2538,3,1.0,0.0,1,1.0,1.0,-0.1391590672388166
LOCAL SERVICE@C2542,3,1.0,0.0,1,1.0,1.0,-0.1391590672388166
NETWORK SERVICE@C3912,3,1.0,0.0,1,1.0,1.0,-0.1391590672388166
NETWORK SERVICE@C3914,3,1.0,0.0,1,1.0,1.0,-0.1391590672388166
NETWORK SERVICE@C3917,3,1.0,0.0,1,1.0,1.0,-0.1391590672388166
NETWORK SERVICE@C3921,3,1.0,0.0,1,1.0,1.0,-0.1391590672388166
NETWORK SERVICE@C18949,3,1.0,0.0,1,1.0,1.0,-0.1391590672388166
LOCAL SERVICE@C21192,3,1.0,0.0,1,1.0,1.0,-0.1391590672388166
LOCAL SERVICE@C21495,3,1.0,0.0,1,1.0,1.0,-0.1391590672388166
NETWORK SERVICE@C3933,3,1.0,0.0,1,1.0,1.0,-0.1391590672388166
NETWORK SERVICE@C3935,3,1.0,0.0,1,1.0,1.0,-0.1391590672388166
NETWORK SERVICE@C3942,3,1.0,0.0,1,1.0,1.0,-0.1391590672388166
NETWORK SERVICE@C3949,3,1.0,0.0,1,1.0,1.0,-0.1391590672388166
NETWORK SERVICE@C3955,3,1.0,0.0,1,1.0,1.0,-0.1391590672388166
NETWORK SERVICE@C3963,3,1.0,0.0,1,1.0,1.0,-0.1391590672388166
NETWORK SERVICE@C3965,3,1.0,0.0,1,1.0,1.0,-0.1391590672388166
NETWORK SERVICE@C3974,3,1.0,0.0,1,1.0,1.0,-0.1391590672388166
NETWORK SERVICE@C3977,3,1.0,0.0,1,1.0,1.0,-0.1391590672388166
NETWORK SERVICE@C3980,3,1.0,0.0,1,1.0,1.0,-0.1391590672388166
NETWORK SERVICE@C4005,3,1.0,0.0,1,1.0,1.0,-0.1391590672388166
NETWORK SERVICE@C4023,3,1.0,0.0,1,1.0,1.0,-0.1391590672388166
LOCAL SERVICE@C21091,3,1.0,0.0,1,1.0,1.0,-0.1391590672388166
NETWORK SERVICE@C19160,3,1.0,0.0,1,1.0,1.0,-0.1391590672388166
NETWORK SERVICE@C19246,3,1.0,0.0,1,1.0,1.0,-0.1391590672388166
NETWORK SERVICE@C19312,3,1.0,0.0,1,1.0,1.0,-0.1391590672388166
NETWORK SERVICE@C19314,3,1.0,0.0,1,1.0,1.0,-0.1391590672388166
NETWORK SERVICE@C19339,3,1.0,0.0,1,1.0,1.0,-0.1391590672388166
NETWORK SERVICE@C19371,3,1.0,0.0,1,1.0,1.0,-0.1391590672388166
NETWORK SERVICE@C19440,3,1.0,0.0,1,1.0,1.0,-0.1391590672388166
NETWORK SERVICE@C18789,3,1.0,0.0,1,1.0,1.0,-0.1391590672388166
NETWORK SERVICE@C18800,3,1.0,0.0,1,1.0,1.0,-0.1391590672388166
NETWORK SERVICE@C18916,3,1.0,0.0,1,1.0,1.0,-0.1391590672388166
NETWORK SERVICE@C18937,3,1.0,0.0,1,1.0,1.0,-0.1391590672388166
LOCAL SERVICE@C19312,3,1.0,0.0,1,1.0,1.0,-0.1391590672388166
LOCAL SERVICE@C19719,3,1.0,0.0,1,1.0,1.0,-0.1391590672388166
LOCAL SERVICE@C19967,3,1.0,0.0,1,1.0,1.0,-0.1391590672388166
NETWORK SERVICE@C4127,3,1.0,0.0,1,1.0,1.0,-0.1391590672388166
NETWORK SERVICE@C4154,3,1.0,0.0,1,1.0,1.0,-0.1391590672388166
NETWORK SERVICE@C4185,3,1.0,0.0,1,1.0,1.0,-0.1391590672388166
NETWORK SERVICE@C4193,3,1.0,0.0,1,1.0,1.0,-0.1391590672388166
NETWORK SERVICE@C4225,3,1.0,0.0,1,1.0,1.0,-0.1391590672388166
NETWORK SERVICE@C4025,3,1.0,0.0,1,1.0,1.0,-0.1391590672388166
NETWORK SERVICE@C4047,3,1.0,0.0,1,1.0,1.0,-0.1391590672388166
NETWORK SERVICE@C4087,3,1.0,0.0,1,1.0,1.0,-0.1391590672388166
NETWORK SERVICE@C4104,3,1.0,0.0,1,1.0,1.0,-0.1391590672388166
NETWORK SERVICE@C4112,3,1.0,0.0,1,1.0,1.0,-0.1391590672388166
NETWORK SERVICE@C4116,3,1.0,0.0,1,1.0,1.0,-0.1391590672388166
NETWORK SERVICE@C4122,3,1.0,0.0,1,1.0,1.0,-0.1391590672388166
NETWORK SERVICE@C4352,3,1.0,0.0,1,1.0,1.0,-0.1391590672388166
NETWORK SERVICE@C4353,3,1.0,0.0,1,1.0,1.0,-0.1391590672388166
NETWORK SERVICE@C4359,3,1.0,0.0,1,1.0,1.0,-0.1391590672388166
NETWORK SERVICE@C4367,3,1.0,0.0,1,1.0,1.0,-0.1391590672388166
NETWORK SERVICE@C4372,3,1.0,0.0,1,1.0,1.0,-0.1391590672388166
NETWORK SERVICE@C4384,3,1.0,0.0,1,1.0,1.0,-0.1391590672388166
NETWORK SERVICE@C4230,3,1.0,0.0,1,1.0,1.0,-0.1391590672388166
NETWORK SERVICE@C4233,3,1.0,0.0,1,1.0,1.0,-0.1391590672388166
NETWORK SERVICE@C4235,3,1.0,0.0,1,1.0,1.0,-0.1391590672388166
NETWORK SERVICE@C4243,3,1.0,0.0,1,1.0,1.0,-0.1391590672388166
NETWORK SERVICE@C4251,3,1.0,0.0,1,1.0,1.0,-0.1391590672388166
NETWORK SERVICE@C4278,3,1.0,0.0,1,1.0,1.0,-0.1391590672388166
LOCAL SERVICE@C18725,3,1.0,0.0,1,1.0,1.0,-0.1391590672388166
LOCAL SERVICE@C18949,3,1.0,0.0,1,1.0,1.0,-0.1391590672388166
LOCAL SERVICE@C19021,3,1.0,0.0,1,1.0,1.0,-0.1391590672388166
NETWORK SERVICE@C4388,3,1.0,0.0,1,1.0,1.0,-0.1391590672388166
NETWORK SERVICE@C4405,3,1.0,0.0,1,1.0,1.0,-0.1391590672388166
NETWORK SERVICE@C4408,3,1.0,0.0,1,1.0,1.0,-0.1391590672388166
NETWORK SERVICE@C4412,3,1.0,0.0,1,1.0,1.0,-0.1391590672388166
NETWORK SERVICE@C4421,3,1.0,0.0,1,1.0,1.0,-0.1391590672388166
NETWORK SERVICE@C4423,3,1.0,0.0,1,1.0,1.0,-0.1391590672388166
NETWORK SERVICE@C4425,3,1.0,0.0,1,1.0,1.0,-0.1391590672388166
NETWORK SERVICE@C4440,3,1.0,0.0,1,1.0,1.0,-0.1391590672388166
LOCAL SERVICE@C17652,3,1.0,0.0,1,1.0,1.0,-0.1391590672388166
LOCAL SERVICE@C17789,3,1.0,0.0,1,1.0,1.0,-0.1391590672388166
NETWORK SERVICE@C4282,3,1.0,0.0,1,1.0,1.0,-0.1391590672388166
NETWORK SERVICE@C4297,3,1.0,0.0,1,1.0,1.0,-0.1391590672388166
NETWORK SERVICE@C4306,3,1.0,0.0,1,1.0,1.0,-0.1391590672388166
NETWORK SERVICE@C4311,3,1.0,0.0,1,1.0,1.0,-0.1391590672388166
NETWORK SERVICE@C4343,3,1.0,0.0,1,1.0,1.0,-0.1391590672388166
NETWORK SERVICE@C4529,3,1.0,0.0,1,1.0,1.0,-0.1391590672388166
NETWORK SERVICE@C19021,3,1.0,0.0,1,1.0,1.0,-0.1391590672388166
NETWORK SERVICE@C1905,3,1.0,0.0,1,1.0,1.0,-0.1391590672388166
NETWORK SERVICE@C3782,3,1.0,0.0,1,1.0,1.0,-0.1391590672388166
NETWORK SERVICE@C12053,3,1.0,0.0,1,1.0,1.0,-0.1391590672388166
NETWORK SERVICE@C12067,3,1.0,0.0,1,1.0,1.0,-0.1391590672388166
NETWORK SERVICE@C12080,3,1.0,0.0,1,1.0,1.0,-0.1391590672388166
NETWORK SERVICE@C10554,3,1.0,0.0,1,1.0,1.0,-0.1391590672388166
NETWORK SERVICE@C15095,3,1.0,0.0,1,1.0,1.0,-0.1391590672388166
U4240@DOM1,3,1.0,0.0,1,1.0,1.0,-0.1391590672388166
NETWORK SERVICE@C20188,3,1.0,0.0,1,1.0,1.0,-0.1391590672388166
NETWORK SERVICE@C2022,3,1.0,0.0,1,1.0,1.0,-0.1391590672388166
LOCAL SERVICE@C16686,3,1.0,0.0,1,1.0,1.0,-0.1391590672388166
LOCAL SERVICE@C17019,3,1.0,0.0,1,1.0,1.0,-0.1391590672388166
NETWORK SERVICE@C4550,3,1.0,0.0,1,1.0,1.0,-0.1391590672388166
NETWORK SERVICE@C4556,3,1.0,0.0,1,1.0,1.0,-0.1391590672388166
NETWORK SERVICE@C4557,3,1.0,0.0,1,1.0,1.0,-0.1391590672388166
NETWORK SERVICE@C4561,3,1.0,0.0,1,1.0,1.0,-0.1391590672388166
NETWORK SERVICE@C4581,3,1.0,0.0,1,1.0,1.0,-0.1391590672388166
NETWORK SERVICE@C4448,3,1.0,0.0,1,1.0,1.0,-0.1391590672388166
NETWORK SERVICE@C4455,3,1.0,0.0,1,1.0,1.0,-0.1391590672388166
NETWORK SERVICE@C4459,3,1.0,0.0,1,1.0,1.0,-0.1391590672388166
NETWORK SERVICE@C4485,3,1.0,0.0,1,1.0,1.0,-0.1391590672388166
NETWORK SERVICE@C4497,3,1.0,0.0,1,1.0,1.0,-0.1391590672388166
NETWORK SERVICE@C4501,3,1.0,0.0,1,1.0,1.0,-0.1391590672388166
NETWORK SERVICE@C4508,3,1.0,0.0,1,1.0,1.0,-0.1391590672388166
NETWORK SERVICE@C4517,3,1.0,0.0,1,1.0,1.0,-0.1391590672388166
NETWORK SERVICE@C4521,3,1.0,0.0,1,1.0,1.0,-0.1391590672388166
NETWORK SERVICE@C4523,3,1.0,0.0,1,1.0,1.0,-0.1391590672388166
NETWORK SERVICE@C4525,3,1.0,0.0,1,1.0,1.0,-0.1391590672388166
NETWORK SERVICE@C4595,3,1.0,0.0,1,1.0,1.0,-0.1391590672388166
NETWORK SERVICE@C4612,3,1.0,0.0,1,1.0,1.0,-0.1391590672388166
NETWORK SERVICE@C4614,3,1.0,0.0,1,1.0,1.0,-0.1391590672388166
NETWORK SERVICE@C4620,3,1.0,0.0,1,1.0,1.0,-0.1391590672388166
NETWORK SERVICE@C4622,3,1.0,0.0,1,1.0,1.0,-0.1391590672388166
NETWORK SERVICE@C4629,3,1.0,0.0,1,1.0,1.0,-0.1391590672388166
NETWORK SERVICE@C4640,3,1.0,0.0,1,1.0,1.0,-0.1391590672388166
NETWORK SERVICE@C4649,3,1.0,0.0,1,1.0,1.0,-0.1391590672388166
NETWORK SERVICE@C4660,3,1.0,0.0,1,1.0,1.0,-0.1391590672388166
NETWORK SERVICE@C4674,3,1.0,0.0,1,1.0,1.0,-0.1391590672388166
NETWORK SERVICE@C4693,3,1.0,0.0,1,1.0,1.0,-0.1391590672388166
LOCAL SERVICE@C15984,3,1.0,0.0,1,1.0,1.0,-0.1391590672388166
LOCAL SERVICE@C16453,3,1.0,0.0,1,1.0,1.0,-0.1391590672388166
LOCAL SERVICE@C16455,3,1.0,0.0,1,1.0,1.0,-0.1391590672388166
NETWORK SERVICE@C4531,3,1.0,0.0,1,1.0,1.0,-0.1391590672388166
NETWORK SERVICE@C4543,3,1.0,0.0,1,1.0,1.0,-0.1391590672388166
NETWORK SERVICE@C4801,3,1.0,0.0,1,1.0,1.0,-0.1391590672388166
NETWORK SERVICE@C4804,3,1.0,0.0,1,1.0,1.0,-0.1391590672388166
NETWORK SERVICE@C20235,3,1.0,0.0,1,1.0,1.0,-0.1391590672388166
NETWORK SERVICE@C2027,3,1.0,0.0,1,1.0,1.0,-0.1391590672388166
NETWORK SERVICE@C20309,3,1.0,0.0,1,1.0,1.0,-0.1391590672388166
LOCAL SERVICE@C14889,3,1.0,0.0,1,1.0,1.0,-0.1391590672388166
LOCAL SERVICE@C15056,3,1.0,0.0,1,1.0,1.0,-0.1391590672388166
LOCAL SERVICE@C15104,3,1.0,0.0,1,1.0,1.0,-0.1391590672388166
LOCAL SERVICE@C15146,3,1.0,0.0,1,1.0,1.0,-0.1391590672388166
LOCAL SERVICE@C15370,3,1.0,0.0,1,1.0,1.0,-0.1391590672388166
LOCAL SERVICE@C15374,3,1.0,0.0,1,1.0,1.0,-0.1391590672388166
LOCAL SERVICE@C15394,3,1.0,0.0,1,1.0,1.0,-0.1391590672388166
LOCAL SERVICE@C15611,3,1.0,0.0,1,1.0,1.0,-0.1391590672388166
LOCAL SERVICE@C15678,3,1.0,0.0,1,1.0,1.0,-0.1391590672388166
NETWORK SERVICE@C4587,3,1.0,0.0,1,1.0,1.0,-0.1391590672388166
NETWORK SERVICE@C4593,3,1.0,0.0,1,1.0,1.0,-0.1391590672388166
LOCAL SERVICE@C14332,3,1.0,0.0,1,1.0,1.0,-0.1391590672388166
LOCAL SERVICE@C14438,3,1.0,0.0,1,1.0,1.0,-0.1391590672388166
LOCAL SERVICE@C14587,3,1.0,0.0,1,1.0,1.0,-0.1391590672388166
NETWORK SERVICE@C4825,3,1.0,0.0,1,1.0,1.0,-0.1391590672388166
NETWORK SERVICE@C4856,3,1.0,0.0,1,1.0,1.0,-0.1391590672388166
NETWORK SERVICE@C4871,3,1.0,0.0,1,1.0,1.0,-0.1391590672388166
NETWORK SERVICE@C4877,3,1.0,0.0,1,1.0,1.0,-0.1391590672388166
NETWORK SERVICE@C4879,3,1.0,0.0,1,1.0,1.0,-0.1391590672388166
NETWORK SERVICE@C4712,3,1.0,0.0,1,1.0,1.0,-0.1391590672388166
NETWORK SERVICE@C4716,3,1.0,0.0,1,1.0,1.0,-0.1391590672388166
NETWORK SERVICE@C4753,3,1.0,0.0,1,1.0,1.0,-0.1391590672388166
NETWORK SERVICE@C4755,3,1.0,0.0,1,1.0,1.0,-0.1391590672388166
NETWORK SERVICE@C4761,3,1.0,0.0,1,1.0,1.0,-0.1391590672388166
NETWORK SERVICE@C4782,3,1.0,0.0,1,1.0,1.0,-0.1391590672388166
NETWORK SERVICE@C4790,3,1.0,0.0,1,1.0,1.0,-0.1391590672388166
NETWORK SERVICE@C4792,3,1.0,0.0,1,1.0,1.0,-0.1391590672388166
NETWORK SERVICE@C5051,3,1.0,0.0,1,1.0,1.0,-0.1391590672388166
LOCAL SERVICE@C13454,3,1.0,0.0,1,1.0,1.0,-0.1391590672388166
LOCAL SERVICE@C13539,3,1.0,0.0,1,1.0,1.0,-0.1391590672388166
LOCAL SERVICE@C13598,3,1.0,0.0,1,1.0,1.0,-0.1391590672388166
LOCAL SERVICE@C13748,3,1.0,0.0,1,1.0,1.0,-0.1391590672388166
LOCAL SERVICE@C13757,3,1.0,0.0,1,1.0,1.0,-0.1391590672388166
NETWORK SERVICE@C4889,3,1.0,0.0,1,1.0,1.0,-0.1391590672388166
NETWORK SERVICE@C4897,3,1.0,0.0,1,1.0,1.0,-0.1391590672388166
NETWORK SERVICE@C4907,3,1.0,0.0,1,1.0,1.0,-0.1391590672388166
NETWORK SERVICE@C4921,3,1.0,0.0,1,1.0,1.0,-0.1391590672388166
NETWORK SERVICE@C4946,3,1.0,0.0,1,1.0,1.0,-0.1391590672388166
NETWORK SERVICE@C4962,3,1.0,0.0,1,1.0,1.0,-0.1391590672388166
NETWORK SERVICE@C4964,3,1.0,0.0,1,1.0,1.0,-0.1391590672388166
NETWORK SERVICE@C4973,3,1.0,0.0,1,1.0,1.0,-0.1391590672388166
LOCAL SERVICE@C14034,3,1.0,0.0,1,1.0,1.0,-0.1391590672388166
LOCAL SERVICE@C14313,3,1.0,0.0,1,1.0,1.0,-0.1391590672388166
NETWORK SERVICE@C5045,3,1.0,0.0,1,1.0,1.0,-0.1391590672388166
NETWORK SERVICE@C5047,3,1.0,0.0,1,1.0,1.0,-0.1391590672388166
NETWORK SERVICE@C20427,3,1.0,0.0,1,1.0,1.0,-0.1391590672388166
NETWORK SERVICE@C2049,3,1.0,0.0,1,1.0,1.0,-0.1391590672388166
NETWORK SERVICE@C12141,3,1.0,0.0,1,1.0,1.0,-0.1391590672388166
NETWORK SERVICE@C12254,3,1.0,0.0,1,1.0,1.0,-0.1391590672388166
NETWORK SERVICE@C20515,3,1.0,0.0,1,1.0,1.0,-0.1391590672388166
NETWORK SERVICE@C19090,3,1.0,0.0,1,1.0,1.0,-0.1391590672388166
NETWORK SERVICE@C18548,3,1.0,0.0,1,1.0,1.0,-0.1391590672388166
NETWORK SERVICE@C1864,3,1.0,0.0,1,1.0,1.0,-0.1391590672388166
NETWORK SERVICE@C18688,3,1.0,0.0,1,1.0,1.0,-0.1391590672388166
NETWORK SERVICE@C18725,3,1.0,0.0,1,1.0,1.0,-0.1391590672388166
NETWORK SERVICE@C12364,3,1.0,0.0,1,1.0,1.0,-0.1391590672388166
NETWORK SERVICE@C12384,3,1.0,0.0,1,1.0,1.0,-0.1391590672388166
NETWORK SERVICE@C12423,3,1.0,0.0,1,1.0,1.0,-0.1391590672388166
NETWORK SERVICE@C12529,3,1.0,0.0,1,1.0,1.0,-0.1391590672388166
NETWORK SERVICE@C10732,3,1.0,0.0,1,1.0,1.0,-0.1391590672388166
NETWORK SERVICE@C10772,3,1.0,0.0,1,1.0,1.0,-0.1391590672388166
NETWORK SERVICE@C10944,3,1.0,0.0,1,1.0,1.0,-0.1391590672388166
NETWORK SERVICE@C5080,3,1.0,0.0,1,1.0,1.0,-0.1391590672388166
NETWORK SERVICE@C5082,3,1.0,0.0,1,1.0,1.0,-0.1391590672388166
LOCAL SERVICE@C12634,3,1.0,0.0,1,1.0,1.0,-0.1391590672388166
LOCAL SERVICE@C13273,3,1.0,0.0,1,1.0,1.0,-0.1391590672388166
NETWORK SERVICE@C11090,3,1.0,0.0,1,1.0,1.0,-0.1391590672388166
U4206@DOM1,3,1.0,0.0,1,1.0,1.0,-0.1391590672388166
NETWORK SERVICE@C4983,3,1.0,0.0,1,1.0,1.0,-0.1391590672388166
NETWORK SERVICE@C4992,3,1.0,0.0,1,1.0,1.0,-0.1391590672388166
NETWORK SERVICE@C5010,3,1.0,0.0,1,1.0,1.0,-0.1391590672388166
NETWORK SERVICE@C5018,3,1.0,0.0,1,1.0,1.0,-0.1391590672388166
NETWORK SERVICE@C5035,3,1.0,0.0,1,1.0,1.0,-0.1391590672388166
NETWORK SERVICE@C5039,3,1.0,0.0,1,1.0,1.0,-0.1391590672388166
NETWORK SERVICE@C5043,3,1.0,0.0,1,1.0,1.0,-0.1391590672388166
NETWORK SERVICE@C5159,3,1.0,0.0,1,1.0,1.0,-0.1391590672388166
NETWORK SERVICE@C5165,3,1.0,0.0,1,1.0,1.0,-0.1391590672388166
NETWORK SERVICE@C5174,3,1.0,0.0,1,1.0,1.0,-0.1391590672388166
NETWORK SERVICE@C12592,3,1.0,0.0,1,1.0,1.0,-0.1391590672388166
NETWORK SERVICE@C12634,3,1.0,0.0,1,1.0,1.0,-0.1391590672388166
NETWORK SERVICE@C14578,3,1.0,0.0,1,1.0,1.0,-0.1391590672388166
NETWORK SERVICE@C12806,3,1.0,0.0,1,1.0,1.0,-0.1391590672388166
NETWORK SERVICE@C18059,3,1.0,0.0,1,1.0,1.0,-0.1391590672388166
NETWORK SERVICE@C18080,3,1.0,0.0,1,1.0,1.0,-0.1391590672388166
NETWORK SERVICE@C18137,3,1.0,0.0,1,1.0,1.0,-0.1391590672388166
NETWORK SERVICE@C18163,3,1.0,0.0,1,1.0,1.0,-0.1391590672388166
NETWORK SERVICE@C18209,3,1.0,0.0,1,1.0,1.0,-0.1391590672388166
NETWORK SERVICE@C18240,3,1.0,0.0,1,1.0,1.0,-0.1391590672388166
NETWORK SERVICE@C18381,3,1.0,0.0,1,1.0,1.0,-0.1391590672388166
NETWORK SERVICE@C12923,3,1.0,0.0,1,1.0,1.0,-0.1391590672388166
NETWORK SERVICE@C5181,3,1.0,0.0,1,1.0,1.0,-0.1391590672388166
NETWORK SERVICE@C5225,3,1.0,0.0,1,1.0,1.0,-0.1391590672388166
NETWORK SERVICE@C5238,3,1.0,0.0,1,1.0,1.0,-0.1391590672388166
NETWORK SERVICE@C5255,3,1.0,0.0,1,1.0,1.0,-0.1391590672388166
LOCAL SERVICE@C12053,3,1.0,0.0,1,1.0,1.0,-0.1391590672388166
LOCAL SERVICE@C12067,3,1.0,0.0,1,1.0,1.0,-0.1391590672388166
LOCAL SERVICE@C12254,3,1.0,0.0,1,1.0,1.0,-0.1391590672388166
NETWORK SERVICE@C14587,3,1.0,0.0,1,1.0,1.0,-0.1391590672388166
NETWORK SERVICE@C11103,3,1.0,0.0,1,1.0,1.0,-0.1391590672388166
LOCAL SERVICE@C12592,3,1.0,0.0,1,1.0,1.0,-0.1391590672388166
LOCAL SERVICE@C12594,3,1.0,0.0,1,1.0,1.0,-0.1391590672388166
NETWORK SERVICE@C5092,3,1.0,0.0,1,1.0,1.0,-0.1391590672388166
NETWORK SERVICE@C5099,3,1.0,0.0,1,1.0,1.0,-0.1391590672388166
NETWORK SERVICE@C5137,3,1.0,0.0,1,1.0,1.0,-0.1391590672388166
NETWORK SERVICE@C5141,3,1.0,0.0,1,1.0,1.0,-0.1391590672388166
NETWORK SERVICE@C5145,3,1.0,0.0,1,1.0,1.0,-0.1391590672388166
NETWORK SERVICE@C5154,3,1.0,0.0,1,1.0,1.0,-0.1391590672388166
NETWORK SERVICE@C5339,3,1.0,0.0,1,1.0,1.0,-0.1391590672388166
NETWORK SERVICE@C5347,3,1.0,0.0,1,1.0,1.0,-0.1391590672388166
NETWORK SERVICE@C5358,3,1.0,0.0,1,1.0,1.0,-0.1391590672388166
NETWORK SERVICE@C5367,3,1.0,0.0,1,1.0,1.0,-0.1391590672388166
LOCAL SERVICE@C11142,3,1.0,0.0,1,1.0,1.0,-0.1391590672388166
LOCAL SERVICE@C11270,3,1.0,0.0,1,1.0,1.0,-0.1391590672388166
LOCAL SERVICE@C11274,3,1.0,0.0,1,1.0,1.0,-0.1391590672388166
LOCAL SERVICE@C11380,3,1.0,0.0,1,1.0,1.0,-0.1391590672388166
LOCAL SERVICE@C11410,3,1.0,0.0,1,1.0,1.0,-0.1391590672388166
LOCAL SERVICE@C11684,3,1.0,0.0,1,1.0,1.0,-0.1391590672388166
NETWORK SERVICE@C11136,3,1.0,0.0,1,1.0,1.0,-0.1391590672388166
NETWORK SERVICE@C5190,3,1.0,0.0,1,1.0,1.0,-0.1391590672388166
NETWORK SERVICE@C11142,3,1.0,0.0,1,1.0,1.0,-0.1391590672388166
NETWORK SERVICE@C5196,3,1.0,0.0,1,1.0,1.0,-0.1391590672388166
NETWORK SERVICE@C5200,3,1.0,0.0,1,1.0,1.0,-0.1391590672388166
NETWORK SERVICE@C5216,3,1.0,0.0,1,1.0,1.0,-0.1391590672388166
NETWORK SERVICE@C5410,3,1.0,0.0,1,1.0,1.0,-0.1391590672388166
NETWORK SERVICE@C20046,3,1.0,0.0,1,1.0,1.0,-0.1391590672388166
NETWORK SERVICE@C5412,3,1.0,0.0,1,1.0,1.0,-0.1391590672388166
NETWORK SERVICE@C5420,3,1.0,0.0,1,1.0,1.0,-0.1391590672388166
NETWORK SERVICE@C5437,3,1.0,0.0,1,1.0,1.0,-0.1391590672388166
NETWORK SERVICE@C5467,3,1.0,0.0,1,1.0,1.0,-0.1391590672388166
NETWORK SERVICE@C5504,3,1.0,0.0,1,1.0,1.0,-0.1391590672388166
LOCAL SERVICE@C11090,3,1.0,0.0,1,1.0,1.0,-0.1391590672388166
LOCAL SERVICE@C11103,3,1.0,0.0,1,1.0,1.0,-0.1391590672388166
NETWORK SERVICE@C5258,3,1.0,0.0,1,1.0,1.0,-0.1391590672388166
NETWORK SERVICE@C5281,3,1.0,0.0,1,1.0,1.0,-0.1391590672388166
NETWORK SERVICE@C5288,3,1.0,0.0,1,1.0,1.0,-0.1391590672388166
NETWORK SERVICE@C5295,3,1.0,0.0,1,1.0,1.0,-0.1391590672388166
NETWORK SERVICE@C5325,3,1.0,0.0,1,1.0,1.0,-0.1391590672388166
NETWORK SERVICE@C5327,3,1.0,0.0,1,1.0,1.0,-0.1391590672388166
NETWORK SERVICE@C5334,3,1.0,0.0,1,1.0,1.0,-0.1391590672388166
NETWORK SERVICE@C6815,3,1.0,0.0,1,1.0,1.0,-0.1391590672388166
NETWORK SERVICE@C5991,3,1.0,0.0,1,1.0,1.0,-0.1391590672388166
NETWORK SERVICE@C6093,3,1.0,0.0,1,1.0,1.0,-0.1391590672388166
NETWORK SERVICE@C6146,3,1.0,0.0,1,1.0,1.0,-0.1391590672388166
NETWORK SERVICE@C6171,3,1.0,0.0,1,1.0,1.0,-0.1391590672388166
NETWORK SERVICE@C6231,3,1.0,0.0,1,1.0,1.0,-0.1391590672388166
NETWORK SERVICE@C20161,3,1.0,0.0,1,1.0,1.0,-0.1391590672388166
NETWORK SERVICE@C5508,3,1.0,0.0,1,1.0,1.0,-0.1391590672388166
NETWORK SERVICE@C5528,3,1.0,0.0,1,1.0,1.0,-0.1391590672388166
NETWORK SERVICE@C5542,3,1.0,0.0,1,1.0,1.0,-0.1391590672388166
U6241@DOM1,3,1.0,0.0,1,1.0,1.0,-0.1391590672388166
NETWORK SERVICE@C5965,3,1.0,0.0,1,1.0,1.0,-0.1391590672388166
NETWORK SERVICE@C5369,3,1.0,0.0,1,1.0,1.0,-0.1391590672388166
NETWORK SERVICE@C5377,3,1.0,0.0,1,1.0,1.0,-0.1391590672388166
NETWORK SERVICE@C5402,3,1.0,0.0,1,1.0,1.0,-0.1391590672388166
NETWORK SERVICE@C5404,3,1.0,0.0,1,1.0,1.0,-0.1391590672388166
NETWORK SERVICE@C7063,3,1.0,0.0,1,1.0,1.0,-0.1391590672388166
NETWORK SERVICE@C7095,3,1.0,0.0,1,1.0,1.0,-0.1391590672388166
NETWORK SERVICE@C7166,3,1.0,0.0,1,1.0,1.0,-0.1391590672388166
NETWORK SERVICE@C7204,3,1.0,0.0,1,1.0,1.0,-0.1391590672388166
NETWORK SERVICE@C7244,3,1.0,0.0,1,1.0,1.0,-0.1391590672388166
NETWORK SERVICE@C7452,3,1.0,0.0,1,1.0,1.0,-0.1391590672388166
NETWORK SERVICE@C7499,3,1.0,0.0,1,1.0,1.0,-0.1391590672388166
NETWORK SERVICE@C6853,3,1.0,0.0,1,1.0,1.0,-0.1391590672388166
NETWORK SERVICE@C20177,3,1.0,0.0,1,1.0,1.0,-0.1391590672388166
NETWORK SERVICE@C11213,3,1.0,0.0,1,1.0,1.0,-0.1391590672388166
NETWORK SERVICE@C6915,3,1.0,0.0,1,1.0,1.0,-0.1391590672388166
NETWORK SERVICE@C6351,3,1.0,0.0,1,1.0,1.0,-0.1391590672388166
NETWORK SERVICE@C6363,3,1.0,0.0,1,1.0,1.0,-0.1391590672388166
NETWORK SERVICE@C6555,3,1.0,0.0,1,1.0,1.0,-0.1391590672388166
NETWORK SERVICE@C6723,3,1.0,0.0,1,1.0,1.0,-0.1391590672388166
NETWORK SERVICE@C11274,3,1.0,0.0,1,1.0,1.0,-0.1391590672388166
NETWORK SERVICE@C12975,3,1.0,0.0,1,1.0,1.0,-0.1391590672388166
NETWORK SERVICE@C13056,3,1.0,0.0,1,1.0,1.0,-0.1391590672388166
NETWORK SERVICE@C13126,3,1.0,0.0,1,1.0,1.0,-0.1391590672388166
NETWORK SERVICE@C13273,3,1.0,0.0,1,1.0,1.0,-0.1391590672388166
NETWORK SERVICE@C13290,3,1.0,0.0,1,1.0,1.0,-0.1391590672388166
NETWORK SERVICE@C17891,3,1.0,0.0,1,1.0,1.0,-0.1391590672388166
NETWORK SERVICE@C17950,3,1.0,0.0,1,1.0,1.0,-0.1391590672388166
NETWORK SERVICE@C18009,3,1.0,0.0,1,1.0,1.0,-0.1391590672388166
NETWORK SERVICE@C18014,3,1.0,0.0,1,1.0,1.0,-0.1391590672388166
NETWORK SERVICE@C18018,3,1.0,0.0,1,1.0,1.0,-0.1391590672388166
NETWORK SERVICE@C18033,3,1.0,0.0,1,1.0,1.0,-0.1391590672388166
NETWORK SERVICE@C18035,3,1.0,0.0,1,1.0,1.0,-0.1391590672388166
NETWORK SERVICE@C18046,3,1.0,0.0,1,1.0,1.0,-0.1391590672388166
NETWORK SERVICE@C18048,3,1.0,0.0,1,1.0,1.0,-0.1391590672388166
NETWORK SERVICE@C13439,3,1.0,0.0,1,1.0,1.0,-0.1391590672388166
NETWORK SERVICE@C13454,3,1.0,0.0,1,1.0,1.0,-0.1391590672388166
NETWORK SERVICE@C8147,3,1.0,0.0,1,1.0,1.0,-0.1391590672388166
NETWORK SERVICE@C8204,3,1.0,0.0,1,1.0,1.0,-0.1391590672388166
NETWORK SERVICE@C8367,3,1.0,0.0,1,1.0,1.0,-0.1391590672388166
NETWORK SERVICE@C8538,3,1.0,0.0,1,1.0,1.0,-0.1391590672388166
NETWORK SERVICE@C8575,3,1.0,0.0,1,1.0,1.0,-0.1391590672388166
NETWORK SERVICE@C8593,3,1.0,0.0,1,1.0,1.0,-0.1391590672388166
NETWORK SERVICE@C7882,3,1.0,0.0,1,1.0,1.0,-0.1391590672388166
NETWORK SERVICE@C11276,3,1.0,0.0,1,1.0,1.0,-0.1391590672388166
NETWORK SERVICE@C11307,3,1.0,0.0,1,1.0,1.0,-0.1391590672388166
NETWORK SERVICE@C7548,3,1.0,0.0,1,1.0,1.0,-0.1391590672388166
NETWORK SERVICE@C7650,3,1.0,0.0,1,1.0,1.0,-0.1391590672388166
NETWORK SERVICE@C7711,3,1.0,0.0,1,1.0,1.0,-0.1391590672388166
NETWORK SERVICE@C7828,3,1.0,0.0,1,1.0,1.0,-0.1391590672388166
NETWORK SERVICE@C10494,3,1.0,0.0,1,1.0,1.0,-0.1391590672388166
ANONYMOUS LOGON@C4679,3,1.0,0.0,1,1.0,1.0,-0.1391590672388166
NETWORK SERVICE@C7048,3,1.0,0.0,1,1.0,1.0,-0.1391590672388166
NETWORK SERVICE@C13511,3,1.0,0.0,1,1.0,1.0,-0.1391590672388166
NETWORK SERVICE@C13539,3,1.0,0.0,1,1.0,1.0,-0.1391590672388166
NETWORK SERVICE@C17546,3,1.0,0.0,1,1.0,1.0,-0.1391590672388166
NETWORK SERVICE@C17652,3,1.0,0.0,1,1.0,1.0,-0.1391590672388166
NETWORK SERVICE@C17686,3,1.0,0.0,1,1.0,1.0,-0.1391590672388166
NETWORK SERVICE@C17789,3,1.0,0.0,1,1.0,1.0,-0.1391590672388166
NETWORK SERVICE@C1779,3,1.0,0.0,1,1.0,1.0,-0.1391590672388166
NETWORK SERVICE@C17206,3,1.0,0.0,1,1.0,1.0,-0.1391590672388166
NETWORK SERVICE@C17269,3,1.0,0.0,1,1.0,1.0,-0.1391590672388166
NETWORK SERVICE@C17404,3,1.0,0.0,1,1.0,1.0,-0.1391590672388166
NETWORK SERVICE@C17461,3,1.0,0.0,1,1.0,1.0,-0.1391590672388166
NETWORK SERVICE@C17477,3,1.0,0.0,1,1.0,1.0,-0.1391590672388166
NETWORK SERVICE@C10516,3,1.0,0.0,1,1.0,1.0,-0.1391590672388166
NETWORK SERVICE@C10525,3,1.0,0.0,1,1.0,1.0,-0.1391590672388166
NETWORK SERVICE@C7982,3,1.0,0.0,1,1.0,1.0,-0.1391590672388166
NETWORK SERVICE@C7999,3,1.0,0.0,1,1.0,1.0,-0.1391590672388166
NETWORK SERVICE@C9610,3,1.0,0.0,1,1.0,1.0,-0.1391590672388166
NETWORK SERVICE@C9613,3,1.0,0.0,1,1.0,1.0,-0.1391590672388166
NETWORK SERVICE@C9621,3,1.0,0.0,1,1.0,1.0,-0.1391590672388166
NETWORK SERVICE@C9731,3,1.0,0.0,1,1.0,1.0,-0.1391590672388166
NETWORK SERVICE@C2117,3,1.0,0.0,1,1.0,1.0,-0.1391590672388166
NETWORK SERVICE@C9165,3,1.0,0.0,1,1.0,1.0,-0.1391590672388166
NETWORK SERVICE@C9202,3,1.0,0.0,1,1.0,1.0,-0.1391590672388166
NETWORK SERVICE@C9224,3,1.0,0.0,1,1.0,1.0,-0.1391590672388166
NETWORK SERVICE@C9425,3,1.0,0.0,1,1.0,1.0,-0.1391590672388166
NETWORK SERVICE@C21179,3,1.0,0.0,1,1.0,1.0,-0.1391590672388166
NETWORK SERVICE@C8623,3,1.0,0.0,1,1.0,1.0,-0.1391590672388166
NETWORK SERVICE@C8743,3,1.0,0.0,1,1.0,1.0,-0.1391590672388166
NETWORK SERVICE@C8822,3,1.0,0.0,1,1.0,1.0,-0.1391590672388166
NETWORK SERVICE@C21192,3,1.0,0.0,1,1.0,1.0,-0.1391590672388166
NETWORK SERVICE@C21285,3,1.0,0.0,1,1.0,1.0,-0.1391590672388166
NETWORK SERVICE@C13462,3,1.0,0.0,1,1.0,1.0,-0.1391590672388166
NETWORK SERVICE@C10161,3,1.0,0.0,1,1.0,1.0,-0.1391590672388166
NETWORK SERVICE@C13581,3,1.0,0.0,1,1.0,1.0,-0.1391590672388166
NETWORK SERVICE@C13598,3,1.0,0.0,1,1.0,1.0,-0.1391590672388166
NETWORK SERVICE@C13738,3,1.0,0.0,1,1.0,1.0,-0.1391590672388166
NETWORK SERVICE@C13748,3,1.0,0.0,1,1.0,1.0,-0.1391590672388166
NETWORK SERVICE@C13757,3,1.0,0.0,1,1.0,1.0,-0.1391590672388166
NETWORK SERVICE@C13838,3,1.0,0.0,1,1.0,1.0,-0.1391590672388166
NETWORK SERVICE@C17078,3,1.0,0.0,1,1.0,1.0,-0.1391590672388166
NETWORK SERVICE@C10175,3,1.0,0.0,1,1.0,1.0,-0.1391590672388166
NETWORK SERVICE@C17200,3,1.0,0.0,1,1.0,1.0,-0.1391590672388166
NETWORK SERVICE@C14021,3,1.0,0.0,1,1.0,1.0,-0.1391590672388166
NETWORK SERVICE@C9518,3,1.0,0.0,1,1.0,1.0,-0.1391590672388166
NETWORK SERVICE@C5853,3,1.0,0.0,1,1.0,1.0,-0.1391590672388166
NETWORK SERVICE@C9580,3,1.0,0.0,1,1.0,1.0,-0.1391590672388166
NETWORK SERVICE@C9595,3,1.0,0.0,1,1.0,1.0,-0.1391590672388166
NETWORK SERVICE@C9603,3,1.0,0.0,1,1.0,1.0,-0.1391590672388166
NETWORK SERVICE@C10181,3,1.0,0.0,1,1.0,1.0,-0.1391590672388166
NETWORK SERVICE@C10223,3,1.0,0.0,1,1.0,1.0,-0.1391590672388166
NETWORK SERVICE@C10241,3,1.0,0.0,1,1.0,1.0,-0.1391590672388166
NETWORK SERVICE@C2053,3,1.0,0.0,1,1.0,1.0,-0.1391590672388166
SYSTEM@C2772,3,1.0,0.0,1,1.0,1.0,-0.1391590672388166
NETWORK SERVICE@C20608,3,1.0,0.0,1,1.0,1.0,-0.1391590672388166
NETWORK SERVICE@C20613,3,1.0,0.0,1,1.0,1.0,-0.1391590672388166
NETWORK SERVICE@C9762,3,1.0,0.0,1,1.0,1.0,-0.1391590672388166
NETWORK SERVICE@C9822,3,1.0,0.0,1,1.0,1.0,-0.1391590672388166
NETWORK SERVICE@C9875,3,1.0,0.0,1,1.0,1.0,-0.1391590672388166
NETWORK SERVICE@C9886,3,1.0,0.0,1,1.0,1.0,-0.1391590672388166
NETWORK SERVICE@C20704,3,1.0,0.0,1,1.0,1.0,-0.1391590672388166
NETWORK SERVICE@C20754,3,1.0,0.0,1,1.0,1.0,-0.1391590672388166
NETWORK SERVICE@C20795,3,1.0,0.0,1,1.0,1.0,-0.1391590672388166
NETWORK SERVICE@C9438,3,1.0,0.0,1,1.0,1.0,-0.1391590672388166
NETWORK SERVICE@C21564,3,1.0,0.0,1,1.0,1.0,-0.1391590672388166
NETWORK SERVICE@C21583,3,1.0,0.0,1,1.0,1.0,-0.1391590672388166
NETWORK SERVICE@C16890,3,1.0,0.0,1,1.0,1.0,-0.1391590672388166
NETWORK SERVICE@C1695,3,1.0,0.0,1,1.0,1.0,-0.1391590672388166
NETWORK SERVICE@C1698,3,1.0,0.0,1,1.0,1.0,-0.1391590672388166
NETWORK SERVICE@C17019,3,1.0,0.0,1,1.0,1.0,-0.1391590672388166
NETWORK SERVICE@C17050,3,1.0,0.0,1,1.0,1.0,-0.1391590672388166
NETWORK SERVICE@C17055,3,1.0,0.0,1,1.0,1.0,-0.1391590672388166
NETWORK SERVICE@C16453,3,1.0,0.0,1,1.0,1.0,-0.1391590672388166
NETWORK SERVICE@C16455,3,1.0,0.0,1,1.0,1.0,-0.1391590672388166
NETWORK SERVICE@C16459,3,1.0,0.0,1,1.0,1.0,-0.1391590672388166
NETWORK SERVICE@C16559,3,1.0,0.0,1,1.0,1.0,-0.1391590672388166
NETWORK SERVICE@C16621,3,1.0,0.0,1,1.0,1.0,-0.1391590672388166
NETWORK SERVICE@C16686,3,1.0,0.0,1,1.0,1.0,-0.1391590672388166
NETWORK SERVICE@C21585,3,1.0,0.0,1,1.0,1.0,-0.1391590672388166
NETWORK SERVICE@C21626,3,1.0,0.0,1,1.0,1.0,-0.1391590672388166
NETWORK SERVICE@C1670,3,1.0,0.0,1,1.0,1.0,-0.1391590672388166
NETWORK SERVICE@C14034,3,1.0,0.0,1,1.0,1.0,-0.1391590672388166
NETWORK SERVICE@C14047,3,1.0,0.0,1,1.0,1.0,-0.1391590672388166
NETWORK SERVICE@C14104,3,1.0,0.0,1,1.0,1.0,-0.1391590672388166
NETWORK SERVICE@C14212,3,1.0,0.0,1,1.0,1.0,-0.1391590672388166
NETWORK SERVICE@C14313,3,1.0,0.0,1,1.0,1.0,-0.1391590672388166
NETWORK SERVICE@C1613,3,1.0,0.0,1,1.0,1.0,-0.1391590672388166
NETWORK SERVICE@C16177,3,1.0,0.0,1,1.0,1.0,-0.1391590672388166
NETWORK SERVICE@C16212,3,1.0,0.0,1,1.0,1.0,-0.1391590672388166
NETWORK SERVICE@C16391,3,1.0,0.0,1,1.0,1.0,-0.1391590672388166
NETWORK SERVICE@C16409,3,1.0,0.0,1,1.0,1.0,-0.1391590672388166
NETWORK SERVICE@C14332,3,1.0,0.0,1,1.0,1.0,-0.1391590672388166
NETWORK SERVICE@C14438,3,1.0,0.0,1,1.0,1.0,-0.1391590672388166
NETWORK SERVICE@C14483,3,1.0,0.0,1,1.0,1.0,-0.1391590672388166
NETWORK SERVICE@C21701,3,1.0,0.0,1,1.0,1.0,-0.1391590672388166
LOCAL SERVICE@C9939,3,1.0,0.0,1,1.0,1.0,-0.1391590672388166
NETWORK SERVICE@C14647,3,1.0,0.0,1,1.0,1.0,-0.1391590672388166
NETWORK SERVICE@C1586,3,1.0,0.0,1,1.0,1.0,-0.1391590672388166
NETWORK SERVICE@C1601,3,1.0,0.0,1,1.0,1.0,-0.1391590672388166
NETWORK SERVICE@C16060,3,1.0,0.0,1,1.0,1.0,-0.1391590672388166
NETWORK SERVICE@C15370,3,1.0,0.0,1,1.0,1.0,-0.1391590672388166
NETWORK SERVICE@C15374,3,1.0,0.0,1,1.0,1.0,-0.1391590672388166
NETWORK SERVICE@C15656,3,1.0,0.0,1,1.0,1.0,-0.1391590672388166
NETWORK SERVICE@C15678,3,1.0,0.0,1,1.0,1.0,-0.1391590672388166
NETWORK SERVICE@C15775,3,1.0,0.0,1,1.0,1.0,-0.1391590672388166
NETWORK SERVICE@C14660,3,1.0,0.0,1,1.0,1.0,-0.1391590672388166
NETWORK SERVICE@C10037,3,1.0,0.0,1,1.0,1.0,-0.1391590672388166
NETWORK SERVICE@C10041,3,1.0,0.0,1,1.0,1.0,-0.1391590672388166
NETWORK SERVICE@C10067,3,1.0,0.0,1,1.0,1.0,-0.1391590672388166
NETWORK SERVICE@C20824,3,1.0,0.0,1,1.0,1.0,-0.1391590672388166
NETWORK SERVICE@C20900,3,1.0,0.0,1,1.0,1.0,-0.1391590672388166
NETWORK SERVICE@C20931,3,1.0,0.0,1,1.0,1.0,-0.1391590672388166
NETWORK SERVICE@C21063,3,1.0,0.0,1,1.0,1.0,-0.1391590672388166
NETWORK SERVICE@C21091,3,1.0,0.0,1,1.0,1.0,-0.1391590672388166
NETWORK SERVICE@C21093,3,1.0,0.0,1,1.0,1.0,-0.1391590672388166
ANONYMOUS LOGON@C1340,3,1.0,0.0,1,1.0,1.0,-0.1391590672388166
NETWORK SERVICE@C15056,3,1.0,0.0,1,1.0,1.0,-0.1391590672388166
NETWORK SERVICE@C2181,3,1.0,0.0,1,1.0,1.0,-0.1391590672388166
NETWORK SERVICE@C14917,3,1.0,0.0,1,1.0,1.0,-0.1391590672388166
NETWORK SERVICE@C15099,3,1.0,0.0,1,1.0,1.0,-0.1391590672388166
NETWORK SERVICE@C15119,3,1.0,0.0,1,1.0,1.0,-0.1391590672388166
NETWORK SERVICE@C15146,3,1.0,0.0,1,1.0,1.0,-0.1391590672388166
NETWORK SERVICE@C15154,3,1.0,0.0,1,1.0,1.0,-0.1391590672388166
NETWORK SERVICE@C2183,3,1.0,0.0,1,1.0,1.0,-0.1391590672388166
NETWORK SERVICE@C15293,3,1.0,0.0,1,1.0,1.0,-0.1391590672388166
NETWORK SERVICE@C15303,3,1.0,0.0,1,1.0,1.0,-0.1391590672388166
NETWORK SERVICE@C15312,3,1.0,0.0,1,1.0,1.0,-0.1391590672388166
NETWORK SERVICE@C21841,3,1.0,0.0,1,1.0,1.0,-0.1391590672388166
U9780@DOM1,3,1.0,0.0,1,1.0,1.0,-0.1391590672388166
ANONYMOUS LOGON@C15285,3,1.0,0.0,1,1.0,1.0,-0.1391590672388166
ANONYMOUS LOGON@C19946,3,1.0,0.0,1,1.0,1.0,-0.1391590672388166
NETWORK SERVICE@C21863,3,1.0,0.0,1,1.0,1.0,-0.1391590672388166
U9972@DOM1,3,1.0,0.0,1,1.0,1.0,-0.1391590672388166
NETWORK SERVICE@C2212,3,1.0,0.0,1,1.0,1.0,-0.1391590672388166
LOCAL SERVICE@C9224,3,1.0,0.0,1,1.0,1.0,-0.1391590672388166
LOCAL SERVICE@C9285,3,1.0,0.0,1,1.0,1.0,-0.1391590672388166
NETWORK SERVICE@C14755,3,1.0,0.0,1,1.0,1.0,-0.1391590672388166
NETWORK SERVICE@C14818,3,1.0,0.0,1,1.0,1.0,-0.1391590672388166
NETWORK SERVICE@C14850,3,1.0,0.0,1,1.0,1.0,-0.1391590672388166
NETWORK SERVICE@C14876,3,1.0,0.0,1,1.0,1.0,-0.1391590672388166
NETWORK SERVICE@C14886,3,1.0,0.0,1,1.0,1.0,-0.1391590672388166
NETWORK SERVICE@C14889,3,1.0,0.0,1,1.0,1.0,-0.1391590672388166
NETWORK SERVICE@C14910,3,1.0,0.0,1,1.0,1.0,-0.1391590672388166
NETWORK SERVICE@C9576,3,1.0,0.0,1,1.0,1.0,-0.1391590672388166
U1027@DOM1,51,1.0,0.0,4,1.0,1.0,-0.1392633889512705
U3875@DOM1,51,1.0,0.0,4,1.0,1.0,-0.1392633889512705
U2734@DOM1,51,1.0,0.0,4,1.0,1.0,-0.1392633889512705
U4000@DOM1,51,1.0,0.0,4,1.0,1.0,-0.1392633889512705
U2776@DOM1,51,1.0,0.0,4,1.0,1.0,-0.1392633889512705
U7496@DOM1,51,1.0,0.0,4,1.0,1.0,-0.1392633889512705
C7301$@DOM1,135,1.0,0.0,8,1.0,0.9925925925925926,-0.13926444679673206
C870$@DOM1,135,1.0,0.0,8,1.0,0.9925925925925926,-0.13926444679673206
C8577$@DOM1,212,1.0,0.0,5,1.0,1.0,-0.13926463131966715
C20679$@DOM1,133,1.0,0.0,8,1.0,0.9924812030075187,-0.13927623011429352
C7786$@DOM1,142,1.0,0.0,5,1.0,0.9929577464788732,-0.1392901159510822
C1129$@DOM1,142,1.0,0.0,5,1.0,0.9929577464788732,-0.1392901159510822
C7462$@DOM1,142,1.0,0.0,5,1.0,0.9929577464788732,-0.1392901159510822
U6192@DOM1,103,1.0,0.0,9,1.0,1.0,-0.13929583536667794
U5579@DOM1,103,1.0,0.0,9,1.0,1.0,-0.13929583536667794
U672@DOM1,103,1.0,0.0,9,1.0,1.0,-0.13929583536667794
U5783@DOM1,103,1.0,0.0,9,1.0,1.0,-0.13929583536667794
U1531@DOM1,103,1.0,0.0,9,1.0,1.0,-0.13929583536667794
C1991$@DOM1,159,1.0,0.0,5,1.0,0.9937106918238994,-0.13934088663371585
C948$@DOM1,159,1.0,0.0,5,1.0,0.9937106918238994,-0.13934088663371585
C15022$@DOM1,159,1.0,0.0,5,1.0,0.9937106918238994,-0.13934088663371585
C714$@DOM1,159,1.0,0.0,5,1.0,0.9937106918238994,-0.13934088663371585
U6147@DOM1,96,1.0,0.0,9,1.0,1.0,-0.1393528983944573
U9079@DOM1,96,1.0,0.0,9,1.0,1.0,-0.1393528983944573
U85@DOM1,96,1.0,0.0,9,1.0,1.0,-0.1393528983944573
U4871@DOM1,96,1.0,0.0,9,1.0,1.0,-0.1393528983944573
U7568@DOM1,96,1.0,0.0,9,1.0,1.0,-0.1393528983944573
U4712@DOM1,96,1.0,0.0,9,1.0,1.0,-0.1393528983944573
U6125@DOM1,96,1.0,0.0,9,1.0,1.0,-0.1393528983944573
U7559@DOM1,96,1.0,0.0,9,1.0,1.0,-0.1393528983944573
U6518@DOM1,54,1.0,0.0,4,1.0,1.0,-0.13936911964794568
U6559@DOM1,54,1.0,0.0,4,1.0,1.0,-0.13936911964794568
U2943@DOM1,54,1.0,0.0,4,1.0,1.0,-0.13936911964794568
U4701@DOM1,54,1.0,0.0,4,1.0,1.0,-0.13936911964794568
U2444@DOM1,54,1.0,0.0,4,1.0,1.0,-0.13936911964794568
U4104@DOM1,54,1.0,0.0,4,1.0,1.0,-0.13936911964794568
U3070@DOM1,54,1.0,0.0,4,1.0,1.0,-0.13936911964794568
C17415$@DOM1,158,1.0,0.0,5,1.0,0.9936708860759493,-0.1393742507170604
C18310$@DOM1,158,1.0,0.0,5,1.0,0.9936708860759493,-0.1393742507170604
C1187$@DOM1,158,1.0,0.0,5,1.0,0.9936708860759493,-0.1393742507170604
C19676$@DOM1,158,1.0,0.0,5,1.0,0.9936708860759493,-0.1393742507170604
U354@DOM1,99,1.0,0.0,9,1.0,1.0,-0.13940112634235807
U8624@DOM1,99,1.0,0.0,9,1.0,1.0,-0.13940112634235807
C109$@DOM1,99,1.0,0.0,9,1.0,1.0,-0.13940112634235807
U8566@DOM1,99,1.0,0.0,9,1.0,1.0,-0.13940112634235807
U10154@DOM1,99,1.0,0.0,9,1.0,1.0,-0.13940112634235807
U248@DOM1,99,1.0,0.0,9,1.0,1.0,-0.13940112634235807
U7277@DOM1,99,1.0,0.0,9,1.0,1.0,-0.13940112634235807
C2729$@DOM1,211,1.0,0.0,5,1.0,1.0,-0.13940471485141348
C14411$@DOM1,211,1.0,0.0,5,1.0,1.0,-0.13940471485141348
C314$@DOM1,211,1.0,0.0,5,1.0,1.0,-0.13940471485141348
U253@DOM1,52,1.0,0.0,4,1.0,1.0,-0.13941013910800304
U4331@DOM1,52,1.0,0.0,4,1.0,1.0,-0.13941013910800304
U1191@DOM1,52,1.0,0.0,4,1.0,1.0,-0.13941013910800304
U3639@DOM1,52,1.0,0.0,4,1.0,1.0,-0.13941013910800304
U4338@DOM1,52,1.0,0.0,4,1.0,1.0,-0.13941013910800304
U445@DOM1,52,1.0,0.0,4,1.0,1.0,-0.13941013910800304
U6440@DOM1,52,1.0,0.0,4,1.0,1.0,-0.13941013910800304
U568@DOM1,52,1.0,0.0,4,1.0,1.0,-0.13941013910800304
U6166@DOM1,52,1.0,0.0,4,1.0,1.0,-0.13941013910800304
C6846$@DOM1,196,1.0,0.0,8,1.0,0.9948979591836735,-0.13942916067476363
C18615$@DOM1,196,1.0,0.0,8,1.0,0.9948979591836735,-0.13942916067476363
C6469$@DOM1,196,1.0,0.0,8,1.0,0.9948979591836735,-0.13942916067476363
C11613$@DOM1,196,1.0,0.0,8,1.0,0.9948979591836735,-0.13942916067476363
C16734$@DOM1,231,1.0,0.0,8,1.0,1.0,-0.1394311615425285
C16354$@DOM1,231,1.0,0.0,8,1.0,1.0,-0.1394311615425285
U6401@DOM1,231,1.0,0.0,8,1.0,1.0,-0.1394311615425285
U6438@DOM1,232,1.0,0.0,8,1.0,1.0,-0.1394311615425285
C1290$@DOM1,231,1.0,0.0,8,1.0,1.0,-0.1394311615425285
C15342$@DOM1,157,1.0,0.0,5,1.0,0.9936305732484076,-0.13946354934176025
C18599$@DOM1,157,1.0,0.0,5,1.0,0.9936305732484076,-0.13946354934176025
C2405$@DOM1,157,1.0,0.0,5,1.0,0.9936305732484076,-0.13946354934176025
C18516$@DOM1,157,1.0,0.0,5,1.0,0.9936305732484076,-0.13946354934176025
C13266$@DOM1,157,1.0,0.0,5,1.0,0.9936305732484076,-0.13946354934176025
C1212$@DOM1,157,1.0,0.0,5,1.0,0.9936305732484076,-0.13946354934176025
C9469$@DOM1,134,1.0,0.0,8,1.0,0.9925373134328358,-0.13946635754270498
U2227@DOM1,53,1.0,0.0,4,1.0,1.0,-0.13948343795758533
C3631$@DOM1,53,1.0,0.0,4,1.0,1.0,-0.13948343795758533
U2209@DOM1,53,1.0,0.0,4,1.0,1.0,-0.13948343795758533
U2980@DOM1,53,1.0,0.0,4,1.0,1.0,-0.13948343795758533
U3626@DOM1,53,1.0,0.0,4,1.0,1.0,-0.13948343795758533
U597@DOM1,53,1.0,0.0,4,1.0,1.0,-0.13948343795758533
U2160@DOM1,53,1.0,0.0,4,1.0,1.0,-0.13948343795758533
C2875$@DOM1,53,1.0,0.0,4,1.0,1.0,-0.13948343795758533
U7643@DOM1,53,1.0,0.0,4,1.0,1.0,-0.13948343795758533
U6865@DOM1,53,1.0,0.0,4,1.0,1.0,-0.13948343795758533
U9447@DOM1,53,1.0,0.0,4,1.0,1.0,-0.13948343795758533
C143$@DOM1,220,1.0,0.0,7,1.0,0.9954545454545455,-0.13950846047800813
C9689$@DOM1,220,1.0,0.0,7,1.0,0.9954545454545455,-0.13950846047800813
C1480$@DOM1,220,1.0,0.0,7,1.0,0.9954545454545455,-0.13950846047800813
U1599@DOM1,98,1.0,0.0,9,1.0,1.0,-0.1395254714623847
U2598@DOM1,98,1.0,0.0,9,1.0,1.0,-0.1395254714623847
U8828@DOM1,98,1.0,0.0,9,1.0,1.0,-0.1395254714623847
U360@DOM1,98,1.0,0.0,9,1.0,1.0,-0.1395254714623847
U3361@DOM1,98,1.0,0.0,9,1.0,1.0,-0.1395254714623847
U798@DOM1,98,1.0,0.0,9,1.0,1.0,-0.1395254714623847
U3338@DOM1,98,1.0,0.0,9,1.0,1.0,-0.1395254714623847
C1893$@DOM1,163,1.0,0.0,4,1.0,1.0,-0.13952789960617473
C11802$@DOM1,163,1.0,0.0,4,1.0,1.0,-0.13952789960617473
C17851$@DOM1,163,1.0,0.0,4,1.0,1.0,-0.13952789960617473
U1754@DOM1,93,1.0,0.0,9,1.0,1.0,-0.13953662075838164
U2977@DOM1,93,1.0,0.0,9,1.0,1.0,-0.13953662075838164
U3283@DOM1,93,1.0,0.0,9,1.0,1.0,-0.13953662075838164
U2356@DOM1,93,1.0,0.0,9,1.0,1.0,-0.13953662075838164
C16280$@DOM1,93,1.0,0.0,9,1.0,1.0,-0.13953662075838164
U6821@DOM1,93,1.0,0.0,9,1.0,1.0,-0.13953662075838164
U6391@DOM1,93,1.0,0.0,9,1.0,1.0,-0.13953662075838164
U506@DOM1,93,1.0,0.0,9,1.0,1.0,-0.13953662075838164
C283$@DOM1,143,1.0,0.0,5,1.0,0.993006993006993,-0.13956930879044527
C19118$@DOM1,143,1.0,0.0,5,1.0,0.993006993006993,-0.13956930879044527
C376$@DOM1,143,1.0,0.0,5,1.0,0.993006993006993,-0.13956930879044527
C1532$@DOM1,219,1.0,0.0,7,1.0,0.9954337899543378,-0.13956943123195048
C8304$@DOM1,219,1.0,0.0,7,1.0,0.9954337899543378,-0.13956943123195048
U5554@DOM1,55,1.0,0.0,4,1.0,1.0,-0.139588492662526
U4768@DOM1,55,1.0,0.0,4,1.0,1.0,-0.139588492662526
U6380@DOM1,55,1.0,0.0,4,1.0,1.0,-0.139588492662526
U5167@DOM1,55,1.0,0.0,4,1.0,1.0,-0.139588492662526
U6669@DOM1,55,1.0,0.0,4,1.0,1.0,-0.139588492662526
U414@DOM1,55,1.0,0.0,4,1.0,1.0,-0.139588492662526
U5770@DOM1,55,1.0,0.0,4,1.0,1.0,-0.139588492662526
U1333@DOM1,30,1.0,0.0,5,1.0,1.0,-0.13960039355520226
U7651@DOM1,30,1.0,0.0,5,1.0,1.0,-0.13960039355520226
U1079@DOM1,30,1.0,0.0,5,1.0,1.0,-0.13960039355520226
C7394$@DOM1,232,1.0,0.0,6,1.0,1.0,-0.1396026803456195
U4528@DOM1,38,1.0,0.0,8,1.0,1.0,-0.13960318582814052
U2242@DOM1,104,1.0,0.0,9,1.0,1.0,-0.13960501871738018
U245@DOM1,104,1.0,0.0,9,1.0,1.0,-0.13960501871738018
U8887@DOM1,104,1.0,0.0,9,1.0,1.0,-0.13960501871738018
U8685@DOM1,104,1.0,0.0,9,1.0,1.0,-0.13960501871738018
U4474@DOM1,104,1.0,0.0,9,1.0,1.0,-0.13960501871738018
U7647@DOM1,95,1.0,0.0,9,1.0,1.0,-0.13962189597883895
U2441@DOM1,95,1.0,0.0,9,1.0,1.0,-0.13962189597883895
U6093@DOM1,95,1.0,0.0,9,1.0,1.0,-0.13962189597883895
U527@DOM1,95,1.0,0.0,9,1.0,1.0,-0.13962189597883895
U924@DOM1,95,1.0,0.0,9,1.0,1.0,-0.13962189597883895
U3985@DOM1,95,1.0,0.0,9,1.0,1.0,-0.13962189597883895
U1101@DOM1,95,1.0,0.0,9,1.0,1.0,-0.13962189597883895
U860@DOM1,95,1.0,0.0,9,1.0,1.0,-0.13962189597883895
U394@DOM1,95,1.0,0.0,9,1.0,1.0,-0.13962189597883895
U3942@DOM1,95,1.0,0.0,9,1.0,1.0,-0.13962189597883895
U2541@DOM1,95,1.0,0.0,9,1.0,1.0,-0.13962189597883895
U2475@DOM1,95,1.0,0.0,9,1.0,1.0,-0.13962189597883895
U556@DOM1,95,1.0,0.0,9,1.0,1.0,-0.13962189597883895
C8597$@DOM1,172,1.0,0.0,9,1.0,1.0,-0.1396347884612698
C2886$@DOM1,173,1.0,0.0,9,1.0,1.0,-0.1396347884612698
C12822$@DOM1,172,1.0,0.0,9,1.0,1.0,-0.1396347884612698
C11504$@DOM1,173,1.0,0.0,9,1.0,1.0,-0.1396347884612698
C1437$@DOM1,172,1.0,0.0,9,1.0,1.0,-0.1396347884612698
C11819$@DOM1,136,1.0,0.0,8,1.0,0.9926470588235294,-0.13966574992214353
C14474$@DOM1,152,1.0,0.0,5,1.0,0.993421052631579,-0.1396807326343414
C783$@DOM1,152,1.0,0.0,5,1.0,0.993421052631579,-0.1396807326343414
U2755@DOM1,101,1.0,0.0,9,1.0,1.0,-0.13969488868454955
U3643@DOM1,101,1.0,0.0,9,1.0,1.0,-0.13969488868454955
U8650@DOM1,101,1.0,0.0,9,1.0,1.0,-0.13969488868454955
U3231@DOM1,100,1.0,0.0,9,1.0,1.0,-0.13969488868454955
U1866@DOM1,101,1.0,0.0,9,1.0,1.0,-0.13969488868454955
U3282@DOM1,100,1.0,0.0,9,1.0,1.0,-0.13969488868454955
U2484@DOM1,101,1.0,0.0,9,1.0,1.0,-0.13969488868454955
U5982@DOM1,101,1.0,0.0,9,1.0,1.0,-0.13969488868454955
U6385@DOM1,100,1.0,0.0,9,1.0,1.0,-0.13969488868454955
U4381@DOM1,101,1.0,0.0,9,1.0,1.0,-0.13969488868454955
U1178@DOM1,101,1.0,0.0,9,1.0,1.0,-0.13969488868454955
U229@DOM1,97,1.0,0.0,9,1.0,1.0,-0.13971662232115467
U5681@DOM1,97,1.0,0.0,9,1.0,1.0,-0.13971662232115467
U2660@DOM1,97,1.0,0.0,9,1.0,1.0,-0.13971662232115467
U1440@DOM1,97,1.0,0.0,9,1.0,1.0,-0.13971662232115467
U7872@DOM1,97,1.0,0.0,9,1.0,1.0,-0.13971662232115467
U5947@DOM1,97,1.0,0.0,9,1.0,1.0,-0.13971662232115467
U4220@DOM1,97,1.0,0.0,9,1.0,1.0,-0.13971662232115467
U3546@DOM1,97,1.0,0.0,9,1.0,1.0,-0.13971662232115467
U3048@DOM1,97,1.0,0.0,9,1.0,1.0,-0.13971662232115467
U4651@DOM1,97,1.0,0.0,9,1.0,1.0,-0.13971662232115467
U590@DOM1,97,1.0,0.0,9,1.0,1.0,-0.13971662232115467
C12098$@DOM1,215,1.0,0.0,6,1.0,0.9953488372093023,-0.13972060009413434
C18111$@DOM1,215,1.0,0.0,6,1.0,0.9953488372093023,-0.13972060009413434
C20386$@DOM1,215,1.0,0.0,6,1.0,0.9953488372093023,-0.13972060009413434
U464@DOM1,91,1.0,0.0,9,1.0,1.0,-0.13973045619251107
U9500@DOM1,91,1.0,0.0,9,1.0,1.0,-0.13973045619251107
U904@DOM1,91,1.0,0.0,9,1.0,1.0,-0.13973045619251107
U3113@DOM1,91,1.0,0.0,9,1.0,1.0,-0.13973045619251107
U3578@DOM1,91,1.0,0.0,9,1.0,1.0,-0.13973045619251107
U741@DOM1,91,1.0,0.0,9,1.0,1.0,-0.13973045619251107
U8099@DOM1,91,1.0,0.0,9,1.0,1.0,-0.13973045619251107
U4831@DOM1,91,1.0,0.0,9,1.0,1.0,-0.13973045619251107
U9370@DOM1,91,1.0,0.0,9,1.0,1.0,-0.13973045619251107
U3434@DOM1,91,1.0,0.0,9,1.0,1.0,-0.13973045619251107
U1254@DOM1,91,1.0,0.0,9,1.0,1.0,-0.13973045619251107
U4202@DOM1,91,1.0,0.0,9,1.0,1.0,-0.13973045619251107
U6790@DOM1,91,1.0,0.0,9,1.0,1.0,-0.13973045619251107
U4122@DOM1,91,1.0,0.0,9,1.0,1.0,-0.13973045619251107
U8774@DOM1,91,1.0,0.0,9,1.0,1.0,-0.13973045619251107
C1136$@DOM1,237,1.0,0.0,7,1.0,1.0,-0.13973678720871796
C1559$@DOM1,195,1.0,0.0,8,1.0,0.9948717948717949,-0.13975086739949283
C11915$@DOM1,194,1.0,0.0,8,1.0,0.9948453608247423,-0.13975086739949283
C10901$@DOM1,195,1.0,0.0,8,1.0,0.9948717948717949,-0.13975086739949283
C14337$@DOM1,195,1.0,0.0,8,1.0,0.9948717948717949,-0.13975086739949283
C20199$@DOM1,194,1.0,0.0,8,1.0,0.9948453608247423,-0.13975086739949283
C11253$@DOM1,195,1.0,0.0,8,1.0,0.9948717948717949,-0.13975086739949283
C8522$@DOM1,156,1.0,0.0,5,1.0,0.9935897435897436,-0.13975960457403402
U1058@DOM1,102,1.0,0.0,9,1.0,1.0,-0.13978054923531658
U3603@DOM1,102,1.0,0.0,9,1.0,1.0,-0.13978054923531658
U1631@DOM1,102,1.0,0.0,9,1.0,1.0,-0.13978054923531658
U931@DOM1,102,1.0,0.0,9,1.0,1.0,-0.13978054923531658
U3171@DOM1,102,1.0,0.0,9,1.0,1.0,-0.13978054923531658
U9247@DOM1,102,1.0,0.0,9,1.0,1.0,-0.13978054923531658
C7091$@DOM1,149,1.0,0.0,5,1.0,0.9932885906040269,-0.13981788420529406
C10601$@DOM1,149,1.0,0.0,5,1.0,0.9932885906040269,-0.13981788420529406
C19641$@DOM1,149,1.0,0.0,5,1.0,0.9932885906040269,-0.13981788420529406
C987$@DOM1,149,1.0,0.0,5,1.0,0.9932885906040269,-0.13981788420529406
U9445@DOM1,40,1.0,0.0,8,1.0,1.0,-0.1398283946342223
U3245@DOM1,89,1.0,0.0,9,1.0,1.0,-0.13983592144320878
U7432@DOM1,89,1.0,0.0,9,1.0,1.0,-0.13983592144320878
U1031@DOM1,89,1.0,0.0,9,1.0,1.0,-0.13983592144320878
U2813@DOM1,89,1.0,0.0,9,1.0,1.0,-0.13983592144320878
U3292@DOM1,89,1.0,0.0,9,1.0,1.0,-0.13983592144320878
U1383@DOM1,89,1.0,0.0,9,1.0,1.0,-0.13983592144320878
U317@DOM1,89,1.0,0.0,9,1.0,1.0,-0.13983592144320878
U9410@DOM1,89,1.0,0.0,9,1.0,1.0,-0.13983592144320878
U9962@DOM1,89,1.0,0.0,9,1.0,1.0,-0.13983592144320878
U476@DOM1,89,1.0,0.0,9,1.0,1.0,-0.13983592144320878
U3967@DOM1,89,1.0,0.0,9,1.0,1.0,-0.13983592144320878
U717@DOM1,89,1.0,0.0,9,1.0,1.0,-0.13983592144320878
C14053$@DOM1,218,1.0,0.0,7,1.0,0.9954128440366973,-0.13983653477867047
U4499@DOM1,64,1.0,0.0,9,1.0,1.0,-0.13983796933356857
U4782@DOM1,64,1.0,0.0,9,1.0,1.0,-0.13983796933356857
U2232@DOM1,64,1.0,0.0,9,1.0,1.0,-0.13983796933356857
U9954@DOM1,64,1.0,0.0,9,1.0,1.0,-0.13983796933356857
C1361$@DOM1,144,1.0,0.0,5,1.0,0.9930555555555556,-0.1398486429972382
C19454$@DOM1,144,1.0,0.0,5,1.0,0.9930555555555556,-0.1398486429972382
C7905$@DOM1,144,1.0,0.0,5,1.0,0.9930555555555556,-0.1398486429972382
C9502$@DOM1,144,1.0,0.0,5,1.0,0.9930555555555556,-0.1398486429972382
C18904$@DOM1,144,1.0,0.0,5,1.0,0.9930555555555556,-0.1398486429972382
U8728@DOM1,94,1.0,0.0,9,1.0,1.0,-0.13987547332448558
U1004@DOM1,94,1.0,0.0,9,1.0,1.0,-0.13987547332448558
U1213@DOM1,94,1.0,0.0,9,1.0,1.0,-0.13987547332448558
U4078@DOM1,94,1.0,0.0,9,1.0,1.0,-0.13987547332448558
U9233@DOM1,90,1.0,0.0,9,1.0,1.0,-0.1398843833809254
U4471@DOM1,90,1.0,0.0,9,1.0,1.0,-0.1398843833809254
U488@DOM1,90,1.0,0.0,9,1.0,1.0,-0.1398843833809254
U517@DOM1,90,1.0,0.0,9,1.0,1.0,-0.1398843833809254
U8619@DOM1,90,1.0,0.0,9,1.0,1.0,-0.1398843833809254
U6911@DOM1,90,1.0,0.0,9,1.0,1.0,-0.1398843833809254
U7429@DOM1,90,1.0,0.0,9,1.0,1.0,-0.1398843833809254
U331@DOM1,90,1.0,0.0,9,1.0,1.0,-0.1398843833809254
U5537@DOM1,90,1.0,0.0,9,1.0,1.0,-0.1398843833809254
U4672@DOM1,90,1.0,0.0,9,1.0,1.0,-0.1398843833809254
C5523$@DOM1,90,1.0,0.0,9,1.0,1.0,-0.1398843833809254
U7703@DOM1,90,1.0,0.0,9,1.0,1.0,-0.1398843833809254
U9028@DOM1,90,1.0,0.0,9,1.0,1.0,-0.1398843833809254
C85$@DOM1,155,1.0,0.0,5,1.0,0.9935483870967742,-0.13990427125048216
C10646$@DOM1,155,1.0,0.0,5,1.0,0.9935483870967742,-0.13990427125048216
C17666$@DOM1,151,1.0,0.0,5,1.0,0.9933774834437086,-0.13993084382566096
C12915$@DOM1,151,1.0,0.0,5,1.0,0.9933774834437086,-0.13993084382566096
C8094$@DOM1,151,1.0,0.0,5,1.0,0.9933774834437086,-0.13993084382566096
C3503$@DOM1,151,1.0,0.0,5,1.0,0.9933774834437086,-0.13993084382566096
U3513@DOM1,105,1.0,0.0,9,1.0,1.0,-0.13993516055215544
U4489@DOM1,105,1.0,0.0,9,1.0,1.0,-0.13993516055215544
U5145@DOM1,105,1.0,0.0,9,1.0,1.0,-0.13993516055215544
C17911$@DOM1,210,1.0,0.0,5,1.0,1.0,-0.13996974002355833
U3041@DOM1,67,1.0,0.0,9,1.0,1.0,-0.13997241896144202
U10067@DOM1,66,1.0,0.0,9,1.0,1.0,-0.13997241896144202
U6454@DOM1,67,1.0,0.0,9,1.0,1.0,-0.13997241896144202
U5035@DOM1,65,1.0,0.0,9,1.0,1.0,-0.13997241896144202
U4921@DOM1,65,1.0,0.0,9,1.0,1.0,-0.13997241896144202
U5658@DOM1,67,1.0,0.0,9,1.0,1.0,-0.13997241896144202
U1033@DOM1,67,1.0,0.0,9,1.0,1.0,-0.13997241896144202
U2964@DOM1,65,1.0,0.0,9,1.0,1.0,-0.13997241896144202
U5927@DOM1,66,1.0,0.0,9,1.0,1.0,-0.13997241896144202
U1776@DOM1,67,1.0,0.0,9,1.0,1.0,-0.13997241896144202
U7450@DOM1,65,1.0,0.0,9,1.0,1.0,-0.13997241896144202
U3213@DOM1,67,1.0,0.0,9,1.0,1.0,-0.13997241896144202
U5208@DOM1,66,1.0,0.0,9,1.0,1.0,-0.13997241896144202
U814@DOM1,66,1.0,0.0,9,1.0,1.0,-0.13997241896144202
U3334@DOM1,67,1.0,0.0,9,1.0,1.0,-0.13997241896144202
U6222@DOM1,67,1.0,0.0,9,1.0,1.0,-0.13997241896144202
U4423@DOM1,65,1.0,0.0,9,1.0,1.0,-0.13997241896144202
U9380@DOM1,67,1.0,0.0,9,1.0,1.0,-0.13997241896144202
U3732@DOM1,66,1.0,0.0,9,1.0,1.0,-0.13997241896144202
U5689@DOM1,65,1.0,0.0,9,1.0,1.0,-0.13997241896144202
U7669@DOM1,92,1.0,0.0,9,1.0,1.0,-0.13999255006768024
U7477@DOM1,92,1.0,0.0,9,1.0,1.0,-0.13999255006768024
U8876@DOM1,92,1.0,0.0,9,1.0,1.0,-0.13999255006768024
U6255@DOM1,92,1.0,0.0,9,1.0,1.0,-0.13999255006768024
U5538@DOM1,92,1.0,0.0,9,1.0,1.0,-0.13999255006768024
U8309@DOM1,92,1.0,0.0,9,1.0,1.0,-0.13999255006768024
U446@DOM1,92,1.0,0.0,9,1.0,1.0,-0.13999255006768024
U3289@DOM1,92,1.0,0.0,9,1.0,1.0,-0.13999255006768024
U1947@DOM1,92,1.0,0.0,9,1.0,1.0,-0.13999255006768024
U9090@DOM1,107,1.0,0.0,9,1.0,1.0,-0.13999710909862612
U5390@DOM1,107,1.0,0.0,9,1.0,1.0,-0.13999710909862612
U2745@DOM1,68,1.0,0.0,9,1.0,1.0,-0.13999972851304932
U6595@DOM1,68,1.0,0.0,9,1.0,1.0,-0.13999972851304932
U9131@DOM1,68,1.0,0.0,9,1.0,1.0,-0.13999972851304932
U2420@DOM1,68,1.0,0.0,9,1.0,1.0,-0.13999972851304932
U708@DOM1,23,1.0,0.0,6,1.0,1.0,-0.14000740237651393
C644$@DOM1,171,1.0,0.0,9,1.0,1.0,-0.1400581316581751
C6548$@DOM1,236,1.0,0.0,7,1.0,1.0,-0.14006087864504368
C20231$@DOM1,236,1.0,0.0,7,1.0,1.0,-0.14006087864504368
C12197$@DOM1,236,1.0,0.0,7,1.0,1.0,-0.14006087864504368
C1999$@DOM1,236,1.0,0.0,7,1.0,1.0,-0.14006087864504368
C21589$@DOM1,231,1.0,0.0,6,1.0,1.0,-0.14012493642812157
C1306$@DOM1,231,1.0,0.0,6,1.0,1.0,-0.14012493642812157
C19356$@DOM1,106,1.0,0.0,9,1.0,1.0,-0.1401370202042972
U8918@DOM1,106,1.0,0.0,9,1.0,1.0,-0.1401370202042972
U8383@DOM1,106,1.0,0.0,9,1.0,1.0,-0.1401370202042972
U914@DOM1,106,1.0,0.0,9,1.0,1.0,-0.1401370202042972
U3479@DOM1,106,1.0,0.0,9,1.0,1.0,-0.1401370202042972
U9138@DOM1,106,1.0,0.0,9,1.0,1.0,-0.1401370202042972
U1220@DOM1,106,1.0,0.0,9,1.0,1.0,-0.1401370202042972
C6671$@DOM1,193,1.0,0.0,8,1.0,0.9948186528497409,-0.14017006022007222
C9148$@DOM1,150,1.0,0.0,5,1.0,0.9933333333333333,-0.14017693054404207
C14090$@DOM1,150,1.0,0.0,5,1.0,0.9933333333333333,-0.14017693054404207
U6987@DOM1,69,1.0,0.0,9,1.0,1.0,-0.14018666343095765
U6976@DOM1,70,1.0,0.0,9,1.0,1.0,-0.14018666343095765
U4386@DOM1,69,1.0,0.0,9,1.0,1.0,-0.14018666343095765
U6087@DOM1,70,1.0,0.0,9,1.0,1.0,-0.14018666343095765
U4113@DOM1,69,1.0,0.0,9,1.0,1.0,-0.14018666343095765
U5210@DOM1,70,1.0,0.0,9,1.0,1.0,-0.14018666343095765
U4029@DOM1,70,1.0,0.0,9,1.0,1.0,-0.14018666343095765
U7319@DOM1,70,1.0,0.0,9,1.0,1.0,-0.14018666343095765
U2954@DOM1,70,1.0,0.0,9,1.0,1.0,-0.14018666343095765
U4815@DOM1,70,1.0,0.0,9,1.0,1.0,-0.14018666343095765
U5296@DOM1,109,1.0,0.0,9,1.0,1.0,-0.1402083678633702
U8816@DOM1,109,1.0,0.0,9,1.0,1.0,-0.1402083678633702
U8963@DOM1,109,1.0,0.0,9,1.0,1.0,-0.1402083678633702
U162@DOM1,109,1.0,0.0,9,1.0,1.0,-0.1402083678633702
U733@DOM1,109,1.0,0.0,9,1.0,1.0,-0.1402083678633702
C1237$@DOM1,170,1.0,0.0,9,1.0,1.0,-0.14023560241528038
C3538$@DOM1,170,1.0,0.0,9,1.0,1.0,-0.14023560241528038
C2166$@DOM1,170,1.0,0.0,9,1.0,1.0,-0.14023560241528038
C6227$@DOM1,154,1.0,0.0,5,1.0,0.9935064935064936,-0.1402363243379211
C7247$@DOM1,154,1.0,0.0,5,1.0,0.9935064935064936,-0.1402363243379211
C13659$@DOM1,154,1.0,0.0,5,1.0,0.9935064935064936,-0.1402363243379211
C19723$@DOM1,154,1.0,0.0,5,1.0,0.9935064935064936,-0.1402363243379211
C17895$@DOM1,154,1.0,0.0,5,1.0,0.9935064935064936,-0.1402363243379211
C7722$@DOM1,154,1.0,0.0,5,1.0,0.9935064935064936,-0.1402363243379211
C588$@DOM1,154,1.0,0.0,5,1.0,0.9935064935064936,-0.1402363243379211
C8262$@DOM1,154,1.0,0.0,5,1.0,0.9935064935064936,-0.1402363243379211
C1390$@DOM1,148,1.0,0.0,5,1.0,0.9932432432432432,-0.1402386942678065
C19645$@DOM1,148,1.0,0.0,5,1.0,0.9932432432432432,-0.1402386942678065
U760@DOM1,83,1.0,0.0,9,1.0,1.0,-0.14024727984634894
U6996@DOM1,83,1.0,0.0,9,1.0,1.0,-0.14024727984634894
U2711@DOM1,83,1.0,0.0,9,1.0,1.0,-0.14024727984634894
U2996@DOM1,83,1.0,0.0,9,1.0,1.0,-0.14024727984634894
U2502@DOM1,83,1.0,0.0,9,1.0,1.0,-0.14024727984634894
U4354@DOM1,83,1.0,0.0,9,1.0,1.0,-0.14024727984634894
U3415@DOM1,83,1.0,0.0,9,1.0,1.0,-0.14024727984634894
C4327$@DOM1,230,1.0,0.0,8,1.0,1.0,-0.14025613945164417
C10728$@DOM1,153,1.0,0.0,5,1.0,0.9934640522875817,-0.14025811427412882
C13881$@DOM1,153,1.0,0.0,5,1.0,0.9934640522875817,-0.14025811427412882
C1330$@DOM1,153,1.0,0.0,5,1.0,0.9934640522875817,-0.14025811427412882
C3848$@DOM1,153,1.0,0.0,5,1.0,0.9934640522875817,-0.14025811427412882
C2854$@DOM1,153,1.0,0.0,5,1.0,0.9934640522875817,-0.14025811427412882
C19540$@DOM1,153,1.0,0.0,5,1.0,0.9934640522875817,-0.14025811427412882
C168$@DOM1,153,1.0,0.0,5,1.0,0.9934640522875817,-0.14025811427412882
C654$@DOM1,208,1.0,0.0,5,1.0,1.0,-0.1402806547529552
C18456$@DOM1,207,1.0,0.0,5,1.0,1.0,-0.1402806547529552
U6609@DOM1,207,1.0,0.0,5,1.0,1.0,-0.1402806547529552
C1172$@DOM1,207,1.0,0.0,5,1.0,1.0,-0.1402806547529552
C56$@DOM1,207,1.0,0.0,5,1.0,1.0,-0.1402806547529552
U766@DOM1,56,1.0,0.0,4,1.0,1.0,-0.1402913601711523
U1188@DOM1,56,1.0,0.0,4,1.0,1.0,-0.1402913601711523
U9100@DOM1,56,1.0,0.0,4,1.0,1.0,-0.1402913601711523
U2691@DOM1,56,1.0,0.0,4,1.0,1.0,-0.1402913601711523
U596@DOM1,56,1.0,0.0,4,1.0,1.0,-0.1402913601711523
U761@DOM1,56,1.0,0.0,4,1.0,1.0,-0.1402913601711523
U4973@DOM1,56,1.0,0.0,4,1.0,1.0,-0.1402913601711523
U7398@DOM1,56,1.0,0.0,4,1.0,1.0,-0.1402913601711523
U9579@DOM1,56,1.0,0.0,4,1.0,1.0,-0.1402913601711523
U1082@DOM1,56,1.0,0.0,4,1.0,1.0,-0.1402913601711523
U362@DOM1,56,1.0,0.0,4,1.0,1.0,-0.1402913601711523
C9051$@DOM1,229,1.0,0.0,8,1.0,1.0,-0.14031698374894125
U828@DOM1,84,1.0,0.0,9,1.0,1.0,-0.14031859060772495
U4728@DOM1,84,1.0,0.0,9,1.0,1.0,-0.14031859060772495
U1387@DOM1,84,1.0,0.0,9,1.0,1.0,-0.14031859060772495
U328@DOM1,84,1.0,0.0,9,1.0,1.0,-0.14031859060772495
U5382@DOM1,84,1.0,0.0,9,1.0,1.0,-0.14031859060772495
U5223@DOM1,84,1.0,0.0,9,1.0,1.0,-0.14031859060772495
U2306@DOM1,84,1.0,0.0,9,1.0,1.0,-0.14031859060772495
U2230@DOM1,84,1.0,0.0,9,1.0,1.0,-0.14031859060772495
U469@DOM1,84,1.0,0.0,9,1.0,1.0,-0.14031859060772495
U8790@DOM1,84,1.0,0.0,9,1.0,1.0,-0.14031859060772495
U7494@DOM1,84,1.0,0.0,9,1.0,1.0,-0.14031859060772495
U1131@DOM1,84,1.0,0.0,9,1.0,1.0,-0.14031859060772495
U1259@DOM1,110,1.0,0.0,9,1.0,1.0,-0.14033102328093533
U2735@DOM1,110,1.0,0.0,9,1.0,1.0,-0.14033102328093533
U2507@DOM1,110,1.0,0.0,9,1.0,1.0,-0.14033102328093533
U5451@DOM1,88,1.0,0.0,9,1.0,1.0,-0.14038355337730962
U2411@DOM1,88,1.0,0.0,9,1.0,1.0,-0.14038355337730962
U2649@DOM1,88,1.0,0.0,9,1.0,1.0,-0.14038355337730962
U9620@DOM1,88,1.0,0.0,9,1.0,1.0,-0.14038355337730962
U2473@DOM1,88,1.0,0.0,9,1.0,1.0,-0.14038355337730962
U6079@DOM1,88,1.0,0.0,9,1.0,1.0,-0.14038355337730962
U4353@DOM1,88,1.0,0.0,9,1.0,1.0,-0.14038355337730962
U1177@DOM1,88,1.0,0.0,9,1.0,1.0,-0.14038355337730962
U4179@DOM1,88,1.0,0.0,9,1.0,1.0,-0.14038355337730962
U6230@DOM1,88,1.0,0.0,9,1.0,1.0,-0.14038355337730962
U3445@DOM1,112,1.0,0.0,9,1.0,1.0,-0.1404044696403321
U1144@DOM1,111,1.0,0.0,9,1.0,1.0,-0.1404044696403321
U3524@DOM1,65,1.0,0.0,4,1.0,1.0,-0.14043735733130397
U6550@DOM1,65,1.0,0.0,4,1.0,1.0,-0.14043735733130397
U8842@DOM1,65,1.0,0.0,4,1.0,1.0,-0.14043735733130397
U5794@DOM1,65,1.0,0.0,4,1.0,1.0,-0.14043735733130397
U9397@DOM1,65,1.0,0.0,4,1.0,1.0,-0.14043735733130397
C9580$@DOM1,65,1.0,0.0,4,1.0,1.0,-0.14043735733130397
U9213@DOM1,59,1.0,0.0,4,1.0,1.0,-0.14044410827874532
U9909@DOM1,59,1.0,0.0,4,1.0,1.0,-0.14044410827874532
U5000@DOM1,59,1.0,0.0,4,1.0,1.0,-0.14044410827874532
U6625@DOM1,59,1.0,0.0,4,1.0,1.0,-0.14044410827874532
U9846@DOM1,59,1.0,0.0,4,1.0,1.0,-0.14044410827874532
U490@DOM1,59,1.0,0.0,4,1.0,1.0,-0.14044410827874532
U6760@DOM1,59,1.0,0.0,4,1.0,1.0,-0.14044410827874532
C1345$@DOM1,217,1.0,0.0,7,1.0,0.9953917050691244,-0.14044811175130678
C12907$@DOM1,217,1.0,0.0,7,1.0,0.9953917050691244,-0.14044811175130678
C18694$@DOM1,217,1.0,0.0,7,1.0,0.9953917050691244,-0.14044811175130678
C19651$@DOM1,217,1.0,0.0,7,1.0,0.9953917050691244,-0.14044811175130678
C1626$@DOM1,138,1.0,0.0,8,1.0,0.9927536231884058,-0.1404743625704879
C7087$@DOM1,138,1.0,0.0,8,1.0,0.9927536231884058,-0.1404743625704879
C9242$@DOM1,138,1.0,0.0,8,1.0,0.9927536231884058,-0.1404743625704879
C3387$@DOM1,138,1.0,0.0,8,1.0,0.9927536231884058,-0.1404743625704879
U62@DOM1,61,1.0,0.0,4,1.0,1.0,-0.14047644611223464
U6905@DOM1,61,1.0,0.0,4,1.0,1.0,-0.14047644611223464
U8651@DOM1,61,1.0,0.0,4,1.0,1.0,-0.14047644611223464
U1260@DOM1,61,1.0,0.0,4,1.0,1.0,-0.14047644611223464
U1249@DOM1,61,1.0,0.0,4,1.0,1.0,-0.14047644611223464
U3658@DOM1,61,1.0,0.0,4,1.0,1.0,-0.14047644611223464
U9239@DOM1,61,1.0,0.0,4,1.0,1.0,-0.14047644611223464
U9253@DOM1,61,1.0,0.0,4,1.0,1.0,-0.14047644611223464
U7879@DOM1,61,1.0,0.0,4,1.0,1.0,-0.14047644611223464
U9152@DOM1,61,1.0,0.0,4,1.0,1.0,-0.14047644611223464
U1324@DOM1,61,1.0,0.0,4,1.0,1.0,-0.14047644611223464
U5990@DOM1,60,1.0,0.0,4,1.0,1.0,-0.14048905787222415
U2182@DOM1,60,1.0,0.0,4,1.0,1.0,-0.14048905787222415
U8708@DOM1,60,1.0,0.0,4,1.0,1.0,-0.14048905787222415
U89@DOM1,60,1.0,0.0,4,1.0,1.0,-0.14048905787222415
U6522@DOM1,60,1.0,0.0,4,1.0,1.0,-0.14048905787222415
U6539@DOM1,60,1.0,0.0,4,1.0,1.0,-0.14048905787222415
U6615@DOM1,60,1.0,0.0,4,1.0,1.0,-0.14048905787222415
U6149@DOM1,60,1.0,0.0,4,1.0,1.0,-0.14048905787222415
U2906@DOM1,60,1.0,0.0,4,1.0,1.0,-0.14048905787222415
U5186@DOM1,85,1.0,0.0,9,1.0,1.0,-0.14049030043821115
U8453@DOM1,85,1.0,0.0,9,1.0,1.0,-0.14049030043821115
U6423@DOM1,85,1.0,0.0,9,1.0,1.0,-0.14049030043821115
U2514@DOM1,85,1.0,0.0,9,1.0,1.0,-0.14049030043821115
U3621@DOM1,85,1.0,0.0,9,1.0,1.0,-0.14049030043821115
U5757@DOM1,85,1.0,0.0,9,1.0,1.0,-0.14049030043821115
U5414@DOM1,85,1.0,0.0,9,1.0,1.0,-0.14049030043821115
U5557@DOM1,85,1.0,0.0,9,1.0,1.0,-0.14049030043821115
U3931@DOM1,85,1.0,0.0,9,1.0,1.0,-0.14049030043821115
U1057@DOM1,85,1.0,0.0,9,1.0,1.0,-0.14049030043821115
U9537@DOM1,85,1.0,0.0,9,1.0,1.0,-0.14049030043821115
C1146$@DOM1,192,1.0,0.0,8,1.0,0.9947916666666666,-0.14049487625379903
C21061$@DOM1,192,1.0,0.0,8,1.0,0.9947916666666666,-0.14049487625379903
C16232$@DOM1,192,1.0,0.0,8,1.0,0.9947916666666666,-0.14049487625379903
C10020$@DOM1,192,1.0,0.0,8,1.0,0.9947916666666666,-0.14049487625379903
U952@DOM1,62,1.0,0.0,4,1.0,1.0,-0.14050397040568574
C4911$@DOM1,62,1.0,0.0,4,1.0,1.0,-0.14050397040568574
U5907@DOM1,62,1.0,0.0,4,1.0,1.0,-0.14050397040568574
U8376@DOM1,58,1.0,0.0,4,1.0,1.0,-0.14050773211294587
C1555$@DOM1,58,1.0,0.0,4,1.0,1.0,-0.14050773211294587
U495@DOM1,58,1.0,0.0,4,1.0,1.0,-0.14050773211294587
U4494@DOM1,58,1.0,0.0,4,1.0,1.0,-0.14050773211294587
U3230@DOM1,58,1.0,0.0,4,1.0,1.0,-0.14050773211294587
U2393@DOM1,58,1.0,0.0,4,1.0,1.0,-0.14050773211294587
U3828@DOM1,58,1.0,0.0,4,1.0,1.0,-0.14050773211294587
U3807@DOM1,58,1.0,0.0,4,1.0,1.0,-0.14050773211294587
U5789@DOM1,58,1.0,0.0,4,1.0,1.0,-0.14050773211294587
U1001@DOM1,58,1.0,0.0,4,1.0,1.0,-0.14050773211294587
C1322$@DOM1,115,1.0,0.0,6,1.0,0.991304347826087,-0.14051283784951707
C21650$@DOM1,115,1.0,0.0,6,1.0,0.991304347826087,-0.14051283784951707
C1087$@DOM1,115,1.0,0.0,6,1.0,0.991304347826087,-0.14051283784951707
U8775@DOM1,57,1.0,0.0,4,1.0,1.0,-0.14052761663441016
U9750@DOM1,57,1.0,0.0,4,1.0,1.0,-0.14052761663441016
U451@DOM1,57,1.0,0.0,4,1.0,1.0,-0.14052761663441016
U1279@DOM1,57,1.0,0.0,4,1.0,1.0,-0.14052761663441016
U3502@DOM1,57,1.0,0.0,4,1.0,1.0,-0.14052761663441016
U2281@DOM1,57,1.0,0.0,4,1.0,1.0,-0.14052761663441016
U5545@DOM1,57,1.0,0.0,4,1.0,1.0,-0.14052761663441016
U8114@DOM1,57,1.0,0.0,4,1.0,1.0,-0.14052761663441016
C20844$@DOM1,146,1.0,0.0,5,1.0,0.9931506849315068,-0.14053484439528585
C4$@DOM1,147,1.0,0.0,5,1.0,0.9931972789115646,-0.14053484439528585
C3681$@DOM1,147,1.0,0.0,5,1.0,0.9931972789115646,-0.14053484439528585
C299$@DOM1,145,1.0,0.0,5,1.0,0.993103448275862,-0.14053484439528585
C1451$@DOM1,147,1.0,0.0,5,1.0,0.9931972789115646,-0.14053484439528585
C19871$@DOM1,147,1.0,0.0,5,1.0,0.9931972789115646,-0.14053484439528585
C8194$@DOM1,147,1.0,0.0,5,1.0,0.9931972789115646,-0.14053484439528585
C6229$@DOM1,145,1.0,0.0,5,1.0,0.993103448275862,-0.14053484439528585
C355$@DOM1,146,1.0,0.0,5,1.0,0.9931506849315068,-0.14053484439528585
C20991$@DOM1,146,1.0,0.0,5,1.0,0.9931506849315068,-0.14053484439528585
C678$@DOM1,145,1.0,0.0,5,1.0,0.993103448275862,-0.14053484439528585
C11065$@DOM1,147,1.0,0.0,5,1.0,0.9931972789115646,-0.14053484439528585
C8342$@DOM1,147,1.0,0.0,5,1.0,0.9931972789115646,-0.14053484439528585
C3610$@DOM1,147,1.0,0.0,5,1.0,0.9931972789115646,-0.14053484439528585
C6737$@DOM1,145,1.0,0.0,5,1.0,0.993103448275862,-0.14053484439528585
C1660$@DOM1,146,1.0,0.0,5,1.0,0.9931506849315068,-0.14053484439528585
C10709$@DOM1,147,1.0,0.0,5,1.0,0.9931972789115646,-0.14053484439528585
C11591$@DOM1,145,1.0,0.0,5,1.0,0.993103448275862,-0.14053484439528585
C14984$@DOM1,147,1.0,0.0,5,1.0,0.9931972789115646,-0.14053484439528585
C20051$@DOM1,190,1.0,0.0,8,1.0,0.9947368421052631,-0.14055568017299785
C496$@DOM1,190,1.0,0.0,8,1.0,0.9947368421052631,-0.14055568017299785
C88$@DOM1,190,1.0,0.0,8,1.0,0.9947368421052631,-0.14055568017299785
C15226$@DOM1,160,1.0,0.0,4,1.0,1.0,-0.14055925886439202
C16764$@DOM1,160,1.0,0.0,4,1.0,1.0,-0.14055925886439202
C8388$@DOM1,160,1.0,0.0,4,1.0,1.0,-0.14055925886439202
C2453$@DOM1,160,1.0,0.0,4,1.0,1.0,-0.14055925886439202
C15632$@DOM1,160,1.0,0.0,4,1.0,1.0,-0.14055925886439202
C2049$@DOM1,160,1.0,0.0,4,1.0,1.0,-0.14055925886439202
C12508$@DOM1,137,1.0,0.0,8,1.0,0.9927007299270073,-0.1405746677653451
C1101$@DOM1,137,1.0,0.0,8,1.0,0.9927007299270073,-0.1405746677653451
C12395$@DOM1,137,1.0,0.0,8,1.0,0.9927007299270073,-0.1405746677653451
C303$@DOM1,169,1.0,0.0,9,1.0,1.0,-0.14058501428658132
C9298$@DOM1,216,1.0,0.0,7,1.0,0.9953703703703703,-0.14060858121443176
C18765$@DOM1,216,1.0,0.0,7,1.0,0.9953703703703703,-0.14060858121443176
C1516$@DOM1,216,1.0,0.0,7,1.0,0.9953703703703703,-0.14060858121443176
U4183@DOM1,86,1.0,0.0,9,1.0,1.0,-0.1406173561740675
U743@DOM1,86,1.0,0.0,9,1.0,1.0,-0.1406173561740675
U8977@DOM1,86,1.0,0.0,9,1.0,1.0,-0.1406173561740675
U4974@DOM1,86,1.0,0.0,9,1.0,1.0,-0.1406173561740675
U4591@DOM1,86,1.0,0.0,9,1.0,1.0,-0.1406173561740675
U4027@DOM1,86,1.0,0.0,9,1.0,1.0,-0.1406173561740675
U9312@DOM1,86,1.0,0.0,9,1.0,1.0,-0.1406173561740675
U7546@DOM1,86,1.0,0.0,9,1.0,1.0,-0.1406173561740675
U9864@DOM1,86,1.0,0.0,9,1.0,1.0,-0.1406173561740675
U5810@DOM1,71,1.0,0.0,9,1.0,1.0,-0.14062065392561118
U4256@DOM1,71,1.0,0.0,9,1.0,1.0,-0.14062065392561118
U6120@DOM1,71,1.0,0.0,9,1.0,1.0,-0.14062065392561118
U1025@DOM1,71,1.0,0.0,9,1.0,1.0,-0.14062065392561118
U8646@DOM1,71,1.0,0.0,9,1.0,1.0,-0.14062065392561118
U9120@DOM1,71,1.0,0.0,9,1.0,1.0,-0.14062065392561118
U9007@DOM1,71,1.0,0.0,9,1.0,1.0,-0.14062065392561118
U8305@DOM1,71,1.0,0.0,9,1.0,1.0,-0.14062065392561118
U4945@DOM1,71,1.0,0.0,9,1.0,1.0,-0.14062065392561118
U3941@DOM1,71,1.0,0.0,9,1.0,1.0,-0.14062065392561118
U1437@DOM1,71,1.0,0.0,9,1.0,1.0,-0.14062065392561118
U915@DOM1,71,1.0,0.0,9,1.0,1.0,-0.14062065392561118
U8692@DOM1,108,1.0,0.0,9,1.0,1.0,-0.14062547714649098
C4643$@DOM1,108,1.0,0.0,9,1.0,1.0,-0.14062547714649098
C17891$@DOM1,161,1.0,0.0,4,1.0,1.0,-0.14063232412682908
C4148$@DOM1,161,1.0,0.0,4,1.0,1.0,-0.14063232412682908
C17098$@DOM1,162,1.0,0.0,4,1.0,1.0,-0.14063232412682908
C2665$@DOM1,162,1.0,0.0,4,1.0,1.0,-0.14063232412682908
C4412$@DOM1,162,1.0,0.0,4,1.0,1.0,-0.14063232412682908
C17320$@DOM1,162,1.0,0.0,4,1.0,1.0,-0.14063232412682908
C2629$@DOM1,162,1.0,0.0,4,1.0,1.0,-0.14063232412682908
C547$@DOM1,139,1.0,0.0,8,1.0,0.9928057553956835,-0.14064190925456388
C1460$@DOM1,139,1.0,0.0,8,1.0,0.9928057553956835,-0.14064190925456388
U9217@DOM1,67,1.0,0.0,4,1.0,1.0,-0.1406576366888665
U3960@DOM1,66,1.0,0.0,4,1.0,1.0,-0.1406576366888665
C1973$@DOM1,67,1.0,0.0,4,1.0,1.0,-0.1406576366888665
U5849@DOM1,66,1.0,0.0,4,1.0,1.0,-0.1406576366888665
U8860@DOM1,67,1.0,0.0,4,1.0,1.0,-0.1406576366888665
U6954@DOM1,66,1.0,0.0,4,1.0,1.0,-0.1406576366888665
U3001@DOM1,67,1.0,0.0,4,1.0,1.0,-0.1406576366888665
U4857@DOM1,66,1.0,0.0,4,1.0,1.0,-0.1406576366888665
U2863@DOM1,67,1.0,0.0,4,1.0,1.0,-0.1406576366888665
U5067@DOM1,67,1.0,0.0,4,1.0,1.0,-0.1406576366888665
U6382@DOM1,67,1.0,0.0,4,1.0,1.0,-0.1406576366888665
C2570$@DOM1,67,1.0,0.0,4,1.0,1.0,-0.1406576366888665
C7180$@DOM1,115,1.0,0.0,7,1.0,0.991304347826087,-0.14067083168148325
C6909$@DOM1,115,1.0,0.0,7,1.0,0.991304347826087,-0.14067083168148325
C1271$@DOM1,115,1.0,0.0,7,1.0,0.991304347826087,-0.14067083168148325
C10010$@DOM1,213,1.0,0.0,6,1.0,0.9953051643192489,-0.14067148998000417
C14152$@DOM1,213,1.0,0.0,6,1.0,0.9953051643192489,-0.14067148998000417
C17220$@DOM1,213,1.0,0.0,6,1.0,0.9953051643192489,-0.14067148998000417
C2095$@DOM1,189,1.0,0.0,8,1.0,0.9947089947089947,-0.14070456419528832
C21205$@DOM1,189,1.0,0.0,8,1.0,0.9947089947089947,-0.14070456419528832
C6926$@DOM1,189,1.0,0.0,8,1.0,0.9947089947089947,-0.14070456419528832
C1434$@DOM1,189,1.0,0.0,8,1.0,0.9947089947089947,-0.14070456419528832
C15905$@DOM1,189,1.0,0.0,8,1.0,0.9947089947089947,-0.14070456419528832
U6002@DOM1,41,1.0,0.0,8,1.0,1.0,-0.14071598143574598
U7057@DOM1,64,1.0,0.0,4,1.0,1.0,-0.1407170475552662
U4286@DOM1,64,1.0,0.0,4,1.0,1.0,-0.1407170475552662
U1358@DOM1,64,1.0,0.0,4,1.0,1.0,-0.1407170475552662
C15618$@DOM1,64,1.0,0.0,4,1.0,1.0,-0.1407170475552662
U3191@DOM1,64,1.0,0.0,4,1.0,1.0,-0.1407170475552662
U607@DOM1,64,1.0,0.0,4,1.0,1.0,-0.1407170475552662
C5227$@DOM1,164,1.0,0.0,9,1.0,1.0,-0.14071782544365502
C3699$@DOM1,163,1.0,0.0,9,1.0,1.0,-0.14071782544365502
C3904$@DOM1,163,1.0,0.0,9,1.0,1.0,-0.14071782544365502
C10878$@DOM1,163,1.0,0.0,9,1.0,1.0,-0.14071782544365502
U1299@DOM1,163,1.0,0.0,9,1.0,1.0,-0.14071782544365502
U773@DOM1,63,1.0,0.0,4,1.0,1.0,-0.1407242702582086
U1977@DOM1,63,1.0,0.0,4,1.0,1.0,-0.1407242702582086
U7378@DOM1,63,1.0,0.0,4,1.0,1.0,-0.1407242702582086
U6478@DOM1,63,1.0,0.0,4,1.0,1.0,-0.1407242702582086
U308@DOM1,63,1.0,0.0,4,1.0,1.0,-0.1407242702582086
U3697@DOM1,63,1.0,0.0,4,1.0,1.0,-0.1407242702582086
U3530@DOM1,63,1.0,0.0,4,1.0,1.0,-0.1407242702582086
U553@DOM1,63,1.0,0.0,4,1.0,1.0,-0.1407242702582086
U8785@DOM1,63,1.0,0.0,4,1.0,1.0,-0.1407242702582086
U4997@DOM1,63,1.0,0.0,4,1.0,1.0,-0.1407242702582086
U3147@DOM1,73,1.0,0.0,9,1.0,1.0,-0.14072900868385818
U889@DOM1,73,1.0,0.0,9,1.0,1.0,-0.14072900868385818
U8894@DOM1,74,1.0,0.0,9,1.0,1.0,-0.14072900868385818
U2760@DOM1,72,1.0,0.0,9,1.0,1.0,-0.14072900868385818
U3034@DOM1,73,1.0,0.0,9,1.0,1.0,-0.14072900868385818
U5922@DOM1,74,1.0,0.0,9,1.0,1.0,-0.14072900868385818
U5999@DOM1,73,1.0,0.0,9,1.0,1.0,-0.14072900868385818
U3780@DOM1,74,1.0,0.0,9,1.0,1.0,-0.14072900868385818
U6232@DOM1,72,1.0,0.0,9,1.0,1.0,-0.14072900868385818
U3420@DOM1,73,1.0,0.0,9,1.0,1.0,-0.14072900868385818
U3421@DOM1,72,1.0,0.0,9,1.0,1.0,-0.14072900868385818
U8908@DOM1,74,1.0,0.0,9,1.0,1.0,-0.14072900868385818
U4505@DOM1,73,1.0,0.0,9,1.0,1.0,-0.14072900868385818
U2540@DOM1,74,1.0,0.0,9,1.0,1.0,-0.14072900868385818
U3236@DOM1,73,1.0,0.0,9,1.0,1.0,-0.14072900868385818
U546@DOM1,73,1.0,0.0,9,1.0,1.0,-0.14072900868385818
U3768@DOM1,72,1.0,0.0,9,1.0,1.0,-0.14072900868385818
U7484@DOM1,74,1.0,0.0,9,1.0,1.0,-0.14072900868385818
U9187@DOM1,73,1.0,0.0,9,1.0,1.0,-0.14072900868385818
U3447@DOM1,73,1.0,0.0,9,1.0,1.0,-0.14072900868385818
U1775@DOM1,73,1.0,0.0,9,1.0,1.0,-0.14072900868385818
U2069@DOM1,73,1.0,0.0,9,1.0,1.0,-0.14072900868385818
U7622@DOM1,75,1.0,0.0,9,1.0,1.0,-0.14073611186710677
U1436@DOM1,75,1.0,0.0,9,1.0,1.0,-0.14073611186710677
U1232@DOM1,75,1.0,0.0,9,1.0,1.0,-0.14073611186710677
U8796@DOM1,75,1.0,0.0,9,1.0,1.0,-0.14073611186710677
U8589@DOM1,76,1.0,0.0,9,1.0,1.0,-0.14073611186710677
U781@DOM1,76,1.0,0.0,9,1.0,1.0,-0.14073611186710677
U5566@DOM1,76,1.0,0.0,9,1.0,1.0,-0.14073611186710677
U8613@DOM1,75,1.0,0.0,9,1.0,1.0,-0.14073611186710677
U4561@DOM1,75,1.0,0.0,9,1.0,1.0,-0.14073611186710677
U5166@DOM1,76,1.0,0.0,9,1.0,1.0,-0.14073611186710677
U3983@DOM1,75,1.0,0.0,9,1.0,1.0,-0.14073611186710677
U5527@DOM1,75,1.0,0.0,9,1.0,1.0,-0.14073611186710677
U4126@DOM1,87,1.0,0.0,9,1.0,1.0,-0.14073891230144864
U6366@DOM1,87,1.0,0.0,9,1.0,1.0,-0.14073891230144864
U5943@DOM1,87,1.0,0.0,9,1.0,1.0,-0.14073891230144864
U424@DOM1,87,1.0,0.0,9,1.0,1.0,-0.14073891230144864
U6377@DOM1,87,1.0,0.0,9,1.0,1.0,-0.14073891230144864
U4350@DOM1,87,1.0,0.0,9,1.0,1.0,-0.14073891230144864
U9443@DOM1,87,1.0,0.0,9,1.0,1.0,-0.14073891230144864
U401@DOM1,87,1.0,0.0,9,1.0,1.0,-0.14073891230144864
U2330@DOM1,87,1.0,0.0,9,1.0,1.0,-0.14073891230144864
U4075@DOM1,87,1.0,0.0,9,1.0,1.0,-0.14073891230144864
U3792@DOM1,87,1.0,0.0,9,1.0,1.0,-0.14073891230144864
U163@DOM1,87,1.0,0.0,9,1.0,1.0,-0.14073891230144864
U473@DOM1,113,1.0,0.0,9,1.0,1.0,-0.1407473785500411
C7283$@DOM1,113,1.0,0.0,9,1.0,1.0,-0.1407473785500411
U3702@DOM1,84,1.0,0.0,4,1.0,1.0,-0.14079990983723345
C6881$@DOM1,84,1.0,0.0,4,1.0,1.0,-0.14079990983723345
U771@DOM1,84,1.0,0.0,4,1.0,1.0,-0.14079990983723345
C15595$@DOM1,84,1.0,0.0,4,1.0,1.0,-0.14079990983723345
C3442$@DOM1,168,1.0,0.0,9,1.0,1.0,-0.1408634385793497
U4845@DOM1,233,1.0,0.0,7,1.0,1.0,-0.14087054196336424
C4437$@DOM1,234,1.0,0.0,7,1.0,1.0,-0.14087054196336424
C16407$@DOM1,234,1.0,0.0,7,1.0,1.0,-0.14087054196336424
C10886$@DOM1,233,1.0,0.0,7,1.0,1.0,-0.14087054196336424
C910$@DOM1,214,1.0,0.0,6,1.0,0.9953271028037384,-0.1408753910432673
C1144$@DOM1,214,1.0,0.0,6,1.0,0.9953271028037384,-0.1408753910432673
C3625$@DOM1,165,1.0,0.0,9,1.0,1.0,-0.1408988847841563
C19821$@DOM1,165,1.0,0.0,9,1.0,1.0,-0.1408988847841563
C10701$@DOM1,165,1.0,0.0,9,1.0,1.0,-0.1408988847841563
C5373$@DOM1,165,1.0,0.0,9,1.0,1.0,-0.1408988847841563
U2020@DOM1,68,1.0,0.0,4,1.0,1.0,-0.1409141249504276
U4072@DOM1,68,1.0,0.0,4,1.0,1.0,-0.1409141249504276
U5769@DOM1,68,1.0,0.0,4,1.0,1.0,-0.1409141249504276
U3461@DOM1,68,1.0,0.0,4,1.0,1.0,-0.1409141249504276
U6014@DOM1,68,1.0,0.0,4,1.0,1.0,-0.1409141249504276
C7597$@DOM1,210,1.0,0.0,6,1.0,0.9952380952380953,-0.14092124807709072
U4478@DOM1,167,1.0,0.0,9,1.0,1.0,-0.14092257515754975
U6246@DOM1,167,1.0,0.0,9,1.0,1.0,-0.14092257515754975
C431$@DOM1,167,1.0,0.0,9,1.0,1.0,-0.14092257515754975
U9909@DOM9,25,1.0,0.0,6,1.0,1.0,-0.14092976832433507
C19576$@DOM1,212,1.0,0.0,6,1.0,0.9952830188679245,-0.14095530588273542
C12710$@DOM1,212,1.0,0.0,6,1.0,0.9952830188679245,-0.14095530588273542
C9174$@DOM1,212,1.0,0.0,6,1.0,0.9952830188679245,-0.14095530588273542
C204$@DOM1,212,1.0,0.0,6,1.0,0.9952830188679245,-0.14095530588273542
U3813@DOM1,69,1.0,0.0,4,1.0,1.0,-0.1409564353538929
U2934@DOM1,69,1.0,0.0,4,1.0,1.0,-0.1409564353538929
U408@DOM1,69,1.0,0.0,4,1.0,1.0,-0.1409564353538929
U8201@DOM1,69,1.0,0.0,4,1.0,1.0,-0.1409564353538929
U7087@DOM1,69,1.0,0.0,4,1.0,1.0,-0.1409564353538929
U4096@DOM1,69,1.0,0.0,4,1.0,1.0,-0.1409564353538929
U6862@DOM1,69,1.0,0.0,4,1.0,1.0,-0.1409564353538929
U2163@DOM1,69,1.0,0.0,4,1.0,1.0,-0.1409564353538929
U720@DOM1,114,1.0,0.0,9,1.0,1.0,-0.14097753301284088
C5479$@DOM1,114,1.0,0.0,9,1.0,1.0,-0.14097753301284088
U2082@DOM1,114,1.0,0.0,9,1.0,1.0,-0.14097753301284088
U1354@DOM1,114,1.0,0.0,9,1.0,1.0,-0.14097753301284088
C799$@DOM1,187,1.0,0.0,8,1.0,0.9946524064171123,-0.14098787376069977
C11296$@DOM1,235,1.0,0.0,7,1.0,1.0,-0.14100460612860133
C11095$@DOM1,235,1.0,0.0,7,1.0,1.0,-0.14100460612860133
C433$@DOM1,235,1.0,0.0,7,1.0,1.0,-0.14100460612860133
C11305$@DOM1,209,1.0,0.0,6,1.0,0.9952153110047847,-0.14100966167635132
C19310$@DOM1,209,1.0,0.0,6,1.0,0.9952153110047847,-0.14100966167635132
C2915$@DOM1,209,1.0,0.0,6,1.0,0.9952153110047847,-0.14100966167635132
C10547$@DOM1,204,1.0,0.0,5,1.0,1.0,-0.1410272242482667
C968$@DOM1,204,1.0,0.0,5,1.0,1.0,-0.1410272242482667
C4442$@DOM1,204,1.0,0.0,5,1.0,1.0,-0.1410272242482667
U6281@DOM1,70,1.0,0.0,4,1.0,1.0,-0.14102975400074608
U6652@DOM1,70,1.0,0.0,4,1.0,1.0,-0.14102975400074608
U879@DOM1,70,1.0,0.0,4,1.0,1.0,-0.14102975400074608
C18377$@DOM1,70,1.0,0.0,4,1.0,1.0,-0.14102975400074608
C3060$@DOM1,70,1.0,0.0,4,1.0,1.0,-0.14102975400074608
U3209@DOM1,70,1.0,0.0,4,1.0,1.0,-0.14102975400074608
U9743@DOM1,70,1.0,0.0,4,1.0,1.0,-0.14102975400074608
C2583$@DOM1,70,1.0,0.0,4,1.0,1.0,-0.14102975400074608
C4289$@DOM1,205,1.0,0.0,5,1.0,1.0,-0.14103787838588883
C2356$@DOM1,205,1.0,0.0,5,1.0,1.0,-0.14103787838588883
U6445@DOM1,205,1.0,0.0,5,1.0,1.0,-0.14103787838588883
C15464$@DOM1,205,1.0,0.0,5,1.0,1.0,-0.14103787838588883
C8301$@DOM1,205,1.0,0.0,5,1.0,1.0,-0.14103787838588883
NETWORK SERVICE@C3284,6,1.0,0.0,1,1.0,1.0,-0.14105424019352109
NETWORK SERVICE@C3105,6,1.0,0.0,1,1.0,1.0,-0.14105424019352109
NETWORK SERVICE@C3120,6,1.0,0.0,1,1.0,1.0,-0.14105424019352109
NETWORK SERVICE@C3122,6,1.0,0.0,1,1.0,1.0,-0.14105424019352109
NETWORK SERVICE@C3141,6,1.0,0.0,1,1.0,1.0,-0.14105424019352109
NETWORK SERVICE@C3145,6,1.0,0.0,1,1.0,1.0,-0.14105424019352109
NETWORK SERVICE@C3161,6,1.0,0.0,1,1.0,1.0,-0.14105424019352109
NETWORK SERVICE@C3171,6,1.0,0.0,1,1.0,1.0,-0.14105424019352109
NETWORK SERVICE@C3186,6,1.0,0.0,1,1.0,1.0,-0.14105424019352109
NETWORK SERVICE@C3193,6,1.0,0.0,1,1.0,1.0,-0.14105424019352109
NETWORK SERVICE@C3898,6,1.0,0.0,1,1.0,1.0,-0.14105424019352109
NETWORK SERVICE@C3916,6,1.0,0.0,1,1.0,1.0,-0.14105424019352109
NETWORK SERVICE@C3919,6,1.0,0.0,1,1.0,1.0,-0.14105424019352109
NETWORK SERVICE@C3863,6,1.0,0.0,1,1.0,1.0,-0.14105424019352109
NETWORK SERVICE@C3869,6,1.0,0.0,1,1.0,1.0,-0.14105424019352109
NETWORK SERVICE@C3022,6,1.0,0.0,1,1.0,1.0,-0.14105424019352109
NETWORK SERVICE@C4042,6,1.0,0.0,1,1.0,1.0,-0.14105424019352109
NETWORK SERVICE@C4059,6,1.0,0.0,1,1.0,1.0,-0.14105424019352109
NETWORK SERVICE@C4067,6,1.0,0.0,1,1.0,1.0,-0.14105424019352109
NETWORK SERVICE@C3960,6,1.0,0.0,1,1.0,1.0,-0.14105424019352109
NETWORK SERVICE@C3971,6,1.0,0.0,1,1.0,1.0,-0.14105424019352109
NETWORK SERVICE@C3984,6,1.0,0.0,1,1.0,1.0,-0.14105424019352109
NETWORK SERVICE@C3995,6,1.0,0.0,1,1.0,1.0,-0.14105424019352109
NETWORK SERVICE@C4031,6,1.0,0.0,1,1.0,1.0,-0.14105424019352109
NETWORK SERVICE@C4038,6,1.0,0.0,1,1.0,1.0,-0.14105424019352109
NETWORK SERVICE@C3029,6,1.0,0.0,1,1.0,1.0,-0.14105424019352109
NETWORK SERVICE@C2886,6,1.0,0.0,1,1.0,1.0,-0.14105424019352109
NETWORK SERVICE@C2922,6,1.0,0.0,1,1.0,1.0,-0.14105424019352109
NETWORK SERVICE@C2923,6,1.0,0.0,1,1.0,1.0,-0.14105424019352109
NETWORK SERVICE@C2992,6,1.0,0.0,1,1.0,1.0,-0.14105424019352109
LOCAL SERVICE@C10026,6,1.0,0.0,1,1.0,1.0,-0.14105424019352109
NETWORK SERVICE@C2800,6,1.0,0.0,1,1.0,1.0,-0.14105424019352109
NETWORK SERVICE@C2823,6,1.0,0.0,1,1.0,1.0,-0.14105424019352109
NETWORK SERVICE@C2672,6,1.0,0.0,1,1.0,1.0,-0.14105424019352109
NETWORK SERVICE@C2727,6,1.0,0.0,1,1.0,1.0,-0.14105424019352109
NETWORK SERVICE@C2591,6,1.0,0.0,1,1.0,1.0,-0.14105424019352109
NETWORK SERVICE@C2600,6,1.0,0.0,1,1.0,1.0,-0.14105424019352109
NETWORK SERVICE@C2627,6,1.0,0.0,1,1.0,1.0,-0.14105424019352109
NETWORK SERVICE@C2451,6,1.0,0.0,1,1.0,1.0,-0.14105424019352109
NETWORK SERVICE@C2459,6,1.0,0.0,1,1.0,1.0,-0.14105424019352109
NETWORK SERVICE@C2514,6,1.0,0.0,1,1.0,1.0,-0.14105424019352109
NETWORK SERVICE@C2517,6,1.0,0.0,1,1.0,1.0,-0.14105424019352109
NETWORK SERVICE@C2529,6,1.0,0.0,1,1.0,1.0,-0.14105424019352109
NETWORK SERVICE@C2540,6,1.0,0.0,1,1.0,1.0,-0.14105424019352109
NETWORK SERVICE@C2562,6,1.0,0.0,1,1.0,1.0,-0.14105424019352109
NETWORK SERVICE@C4138,6,1.0,0.0,1,1.0,1.0,-0.14105424019352109
NETWORK SERVICE@C4148,6,1.0,0.0,1,1.0,1.0,-0.14105424019352109
NETWORK SERVICE@C4163,6,1.0,0.0,1,1.0,1.0,-0.14105424019352109
NETWORK SERVICE@C4131,6,1.0,0.0,1,1.0,1.0,-0.14105424019352109
NETWORK SERVICE@C4079,6,1.0,0.0,1,1.0,1.0,-0.14105424019352109
NETWORK SERVICE@C4093,6,1.0,0.0,1,1.0,1.0,-0.14105424019352109
NETWORK SERVICE@C4102,6,1.0,0.0,1,1.0,1.0,-0.14105424019352109
LOCAL SERVICE@C10605,6,1.0,0.0,1,1.0,1.0,-0.14105424019352109
LOCAL SERVICE@C10951,6,1.0,0.0,1,1.0,1.0,-0.14105424019352109
NETWORK SERVICE@C2207,6,1.0,0.0,1,1.0,1.0,-0.14105424019352109
NETWORK SERVICE@C2408,6,1.0,0.0,1,1.0,1.0,-0.14105424019352109
LOCAL SERVICE@C11031,6,1.0,0.0,1,1.0,1.0,-0.14105424019352109
LOCAL SERVICE@C11067,6,1.0,0.0,1,1.0,1.0,-0.14105424019352109
LOCAL SERVICE@C11082,6,1.0,0.0,1,1.0,1.0,-0.14105424019352109
NETWORK SERVICE@C4323,6,1.0,0.0,1,1.0,1.0,-0.14105424019352109
NETWORK SERVICE@C433,6,1.0,0.0,1,1.0,1.0,-0.14105424019352109
NETWORK SERVICE@C4237,6,1.0,0.0,1,1.0,1.0,-0.14105424019352109
NETWORK SERVICE@C4239,6,1.0,0.0,1,1.0,1.0,-0.14105424019352109
NETWORK SERVICE@C4249,6,1.0,0.0,1,1.0,1.0,-0.14105424019352109
NETWORK SERVICE@C4271,6,1.0,0.0,1,1.0,1.0,-0.14105424019352109
NETWORK SERVICE@C4295,6,1.0,0.0,1,1.0,1.0,-0.14105424019352109
NETWORK SERVICE@C4303,6,1.0,0.0,1,1.0,1.0,-0.14105424019352109
LOCAL SERVICE@C11192,6,1.0,0.0,1,1.0,1.0,-0.14105424019352109
LOCAL SERVICE@C11486,6,1.0,0.0,1,1.0,1.0,-0.14105424019352109
LOCAL SERVICE@C11508,6,1.0,0.0,1,1.0,1.0,-0.14105424019352109
LOCAL SERVICE@C11519,6,1.0,0.0,1,1.0,1.0,-0.14105424019352109
LOCAL SERVICE@C10490,6,1.0,0.0,1,1.0,1.0,-0.14105424019352109
NETWORK SERVICE@C21598,6,1.0,0.0,1,1.0,1.0,-0.14105424019352109
NETWORK SERVICE@C21659,6,1.0,0.0,1,1.0,1.0,-0.14105424019352109
NETWORK SERVICE@C21688,6,1.0,0.0,1,1.0,1.0,-0.14105424019352109
NETWORK SERVICE@C21788,6,1.0,0.0,1,1.0,1.0,-0.14105424019352109
NETWORK SERVICE@C21833,6,1.0,0.0,1,1.0,1.0,-0.14105424019352109
NETWORK SERVICE@C4438,6,1.0,0.0,1,1.0,1.0,-0.14105424019352109
NETWORK SERVICE@C4466,6,1.0,0.0,1,1.0,1.0,-0.14105424019352109
NETWORK SERVICE@C4468,6,1.0,0.0,1,1.0,1.0,-0.14105424019352109
NETWORK SERVICE@C4479,6,1.0,0.0,1,1.0,1.0,-0.14105424019352109
NETWORK SERVICE@C4363,6,1.0,0.0,1,1.0,1.0,-0.14105424019352109
NETWORK SERVICE@C4365,6,1.0,0.0,1,1.0,1.0,-0.14105424019352109
NETWORK SERVICE@C4505,6,1.0,0.0,1,1.0,1.0,-0.14105424019352109
NETWORK SERVICE@C4515,6,1.0,0.0,1,1.0,1.0,-0.14105424019352109
NETWORK SERVICE@C4537,6,1.0,0.0,1,1.0,1.0,-0.14105424019352109
NETWORK SERVICE@C4495,6,1.0,0.0,1,1.0,1.0,-0.14105424019352109
NETWORK SERVICE@C4410,6,1.0,0.0,1,1.0,1.0,-0.14105424019352109
LOCAL SERVICE@C11667,6,1.0,0.0,1,1.0,1.0,-0.14105424019352109
LOCAL SERVICE@C11695,6,1.0,0.0,1,1.0,1.0,-0.14105424019352109
NETWORK SERVICE@C21357,6,1.0,0.0,1,1.0,1.0,-0.14105424019352109
NETWORK SERVICE@C2144,6,1.0,0.0,1,1.0,1.0,-0.14105424019352109
NETWORK SERVICE@C21460,6,1.0,0.0,1,1.0,1.0,-0.14105424019352109
NETWORK SERVICE@C21497,6,1.0,0.0,1,1.0,1.0,-0.14105424019352109
NETWORK SERVICE@C2121,6,1.0,0.0,1,1.0,1.0,-0.14105424019352109
NETWORK SERVICE@C21236,6,1.0,0.0,1,1.0,1.0,-0.14105424019352109
NETWORK SERVICE@C20807,6,1.0,0.0,1,1.0,1.0,-0.14105424019352109
NETWORK SERVICE@C20867,6,1.0,0.0,1,1.0,1.0,-0.14105424019352109
NETWORK SERVICE@C20898,6,1.0,0.0,1,1.0,1.0,-0.14105424019352109
NETWORK SERVICE@C2098,6,1.0,0.0,1,1.0,1.0,-0.14105424019352109
NETWORK SERVICE@C20997,6,1.0,0.0,1,1.0,1.0,-0.14105424019352109
NETWORK SERVICE@C20567,6,1.0,0.0,1,1.0,1.0,-0.14105424019352109
NETWORK SERVICE@C20570,6,1.0,0.0,1,1.0,1.0,-0.14105424019352109
NETWORK SERVICE@C20625,6,1.0,0.0,1,1.0,1.0,-0.14105424019352109
NETWORK SERVICE@C20651,6,1.0,0.0,1,1.0,1.0,-0.14105424019352109
NETWORK SERVICE@C20752,6,1.0,0.0,1,1.0,1.0,-0.14105424019352109
LOCAL SERVICE@C11849,6,1.0,0.0,1,1.0,1.0,-0.14105424019352109
LOCAL SERVICE@C11893,6,1.0,0.0,1,1.0,1.0,-0.14105424019352109
LOCAL SERVICE@C12087,6,1.0,0.0,1,1.0,1.0,-0.14105424019352109
LOCAL SERVICE@C12102,6,1.0,0.0,1,1.0,1.0,-0.14105424019352109
LOCAL SERVICE@C12109,6,1.0,0.0,1,1.0,1.0,-0.14105424019352109
LOCAL SERVICE@C12402,6,1.0,0.0,1,1.0,1.0,-0.14105424019352109
LOCAL SERVICE@C12421,6,1.0,0.0,1,1.0,1.0,-0.14105424019352109
LOCAL SERVICE@C12510,6,1.0,0.0,1,1.0,1.0,-0.14105424019352109
LOCAL SERVICE@C12625,6,1.0,0.0,1,1.0,1.0,-0.14105424019352109
LOCAL SERVICE@C12768,6,1.0,0.0,1,1.0,1.0,-0.14105424019352109
NETWORK SERVICE@C4651,6,1.0,0.0,1,1.0,1.0,-0.14105424019352109
NETWORK SERVICE@C4702,6,1.0,0.0,1,1.0,1.0,-0.14105424019352109
NETWORK SERVICE@C4709,6,1.0,0.0,1,1.0,1.0,-0.14105424019352109
NETWORK SERVICE@C4589,6,1.0,0.0,1,1.0,1.0,-0.14105424019352109
NETWORK SERVICE@C4608,6,1.0,0.0,1,1.0,1.0,-0.14105424019352109
NETWORK SERVICE@C4623,6,1.0,0.0,1,1.0,1.0,-0.14105424019352109
NETWORK SERVICE@C4634,6,1.0,0.0,1,1.0,1.0,-0.14105424019352109
NETWORK SERVICE@C4565,6,1.0,0.0,1,1.0,1.0,-0.14105424019352109
NETWORK SERVICE@C4571,6,1.0,0.0,1,1.0,1.0,-0.14105424019352109
NETWORK SERVICE@C4722,6,1.0,0.0,1,1.0,1.0,-0.14105424019352109
NETWORK SERVICE@C4731,6,1.0,0.0,1,1.0,1.0,-0.14105424019352109
NETWORK SERVICE@C4757,6,1.0,0.0,1,1.0,1.0,-0.14105424019352109
NETWORK SERVICE@C4767,6,1.0,0.0,1,1.0,1.0,-0.14105424019352109
NETWORK SERVICE@C4645,6,1.0,0.0,1,1.0,1.0,-0.14105424019352109
LOCAL SERVICE@C12800,6,1.0,0.0,1,1.0,1.0,-0.14105424019352109
NETWORK SERVICE@C20440,6,1.0,0.0,1,1.0,1.0,-0.14105424019352109
NETWORK SERVICE@C20476,6,1.0,0.0,1,1.0,1.0,-0.14105424019352109
NETWORK SERVICE@C20486,6,1.0,0.0,1,1.0,1.0,-0.14105424019352109
NETWORK SERVICE@C20498,6,1.0,0.0,1,1.0,1.0,-0.14105424019352109
LOCAL SERVICE@C12845,6,1.0,0.0,1,1.0,1.0,-0.14105424019352109
LOCAL SERVICE@C12850,6,1.0,0.0,1,1.0,1.0,-0.14105424019352109
LOCAL SERVICE@C12954,6,1.0,0.0,1,1.0,1.0,-0.14105424019352109
NETWORK SERVICE@C4891,6,1.0,0.0,1,1.0,1.0,-0.14105424019352109
NETWORK SERVICE@C4899,6,1.0,0.0,1,1.0,1.0,-0.14105424019352109
NETWORK SERVICE@C4942,6,1.0,0.0,1,1.0,1.0,-0.14105424019352109
NETWORK SERVICE@C4816,6,1.0,0.0,1,1.0,1.0,-0.14105424019352109
NETWORK SERVICE@C4829,6,1.0,0.0,1,1.0,1.0,-0.14105424019352109
NETWORK SERVICE@C4859,6,1.0,0.0,1,1.0,1.0,-0.14105424019352109
C5612$@DOM7,6,1.0,0.0,1,1.0,1.0,-0.14105424019352109
NETWORK SERVICE@C2018,6,1.0,0.0,1,1.0,1.0,-0.14105424019352109
NETWORK SERVICE@C20248,6,1.0,0.0,1,1.0,1.0,-0.14105424019352109
NETWORK SERVICE@C2029,6,1.0,0.0,1,1.0,1.0,-0.14105424019352109
NETWORK SERVICE@C20297,6,1.0,0.0,1,1.0,1.0,-0.14105424019352109
NETWORK SERVICE@C20333,6,1.0,0.0,1,1.0,1.0,-0.14105424019352109
LOCAL SERVICE@C13406,6,1.0,0.0,1,1.0,1.0,-0.14105424019352109
LOCAL SERVICE@C13448,6,1.0,0.0,1,1.0,1.0,-0.14105424019352109
LOCAL SERVICE@C13477,6,1.0,0.0,1,1.0,1.0,-0.14105424019352109
LOCAL SERVICE@C13776,6,1.0,0.0,1,1.0,1.0,-0.14105424019352109
NETWORK SERVICE@C20102,6,1.0,0.0,1,1.0,1.0,-0.14105424019352109
NETWORK SERVICE@C20130,6,1.0,0.0,1,1.0,1.0,-0.14105424019352109
NETWORK SERVICE@C20163,6,1.0,0.0,1,1.0,1.0,-0.14105424019352109
NETWORK SERVICE@C20170,6,1.0,0.0,1,1.0,1.0,-0.14105424019352109
NETWORK SERVICE@C19972,6,1.0,0.0,1,1.0,1.0,-0.14105424019352109
NETWORK SERVICE@C19978,6,1.0,0.0,1,1.0,1.0,-0.14105424019352109
NETWORK SERVICE@C20005,6,1.0,0.0,1,1.0,1.0,-0.14105424019352109
NETWORK SERVICE@C20019,6,1.0,0.0,1,1.0,1.0,-0.14105424019352109
LOCAL SERVICE@C13823,6,1.0,0.0,1,1.0,1.0,-0.14105424019352109
LOCAL SERVICE@C14271,6,1.0,0.0,1,1.0,1.0,-0.14105424019352109
LOCAL SERVICE@C14276,6,1.0,0.0,1,1.0,1.0,-0.14105424019352109
NETWORK SERVICE@C4988,6,1.0,0.0,1,1.0,1.0,-0.14105424019352109
NETWORK SERVICE@C5004,6,1.0,0.0,1,1.0,1.0,-0.14105424019352109
NETWORK SERVICE@C5022,6,1.0,0.0,1,1.0,1.0,-0.14105424019352109
NETWORK SERVICE@C4960,6,1.0,0.0,1,1.0,1.0,-0.14105424019352109
NETWORK SERVICE@C4979,6,1.0,0.0,1,1.0,1.0,-0.14105424019352109
NETWORK SERVICE@C4981,6,1.0,0.0,1,1.0,1.0,-0.14105424019352109
NETWORK SERVICE@C4883,6,1.0,0.0,1,1.0,1.0,-0.14105424019352109
NETWORK SERVICE@C4887,6,1.0,0.0,1,1.0,1.0,-0.14105424019352109
NETWORK SERVICE@C19891,6,1.0,0.0,1,1.0,1.0,-0.14105424019352109
NETWORK SERVICE@C19903,6,1.0,0.0,1,1.0,1.0,-0.14105424019352109
NETWORK SERVICE@C19936,6,1.0,0.0,1,1.0,1.0,-0.14105424019352109
NETWORK SERVICE@C19774,6,1.0,0.0,1,1.0,1.0,-0.14105424019352109
NETWORK SERVICE@C19831,6,1.0,0.0,1,1.0,1.0,-0.14105424019352109
NETWORK SERVICE@C19850,6,1.0,0.0,1,1.0,1.0,-0.14105424019352109
NETWORK SERVICE@C19869,6,1.0,0.0,1,1.0,1.0,-0.14105424019352109
NETWORK SERVICE@C19574,6,1.0,0.0,1,1.0,1.0,-0.14105424019352109
NETWORK SERVICE@C19593,6,1.0,0.0,1,1.0,1.0,-0.14105424019352109
NETWORK SERVICE@C19733,6,1.0,0.0,1,1.0,1.0,-0.14105424019352109
NETWORK SERVICE@C19341,6,1.0,0.0,1,1.0,1.0,-0.14105424019352109
NETWORK SERVICE@C19408,6,1.0,0.0,1,1.0,1.0,-0.14105424019352109
NETWORK SERVICE@C19456,6,1.0,0.0,1,1.0,1.0,-0.14105424019352109
NETWORK SERVICE@C19466,6,1.0,0.0,1,1.0,1.0,-0.14105424019352109
NETWORK SERVICE@C19522,6,1.0,0.0,1,1.0,1.0,-0.14105424019352109
C5683$@DOM3,6,1.0,0.0,1,1.0,1.0,-0.14105424019352109
C5685$@DOM7,6,1.0,0.0,1,1.0,1.0,-0.14105424019352109
NETWORK SERVICE@C19276,6,1.0,0.0,1,1.0,1.0,-0.14105424019352109
LOCAL SERVICE@C14809,6,1.0,0.0,1,1.0,1.0,-0.14105424019352109
NETWORK SERVICE@C19299,6,1.0,0.0,1,1.0,1.0,-0.14105424019352109
NETWORK SERVICE@C19306,6,1.0,0.0,1,1.0,1.0,-0.14105424019352109
NETWORK SERVICE@C5139,6,1.0,0.0,1,1.0,1.0,-0.14105424019352109
NETWORK SERVICE@C5059,6,1.0,0.0,1,1.0,1.0,-0.14105424019352109
NETWORK SERVICE@C5061,6,1.0,0.0,1,1.0,1.0,-0.14105424019352109
NETWORK SERVICE@C5090,6,1.0,0.0,1,1.0,1.0,-0.14105424019352109
NETWORK SERVICE@C5107,6,1.0,0.0,1,1.0,1.0,-0.14105424019352109
NETWORK SERVICE@C5109,6,1.0,0.0,1,1.0,1.0,-0.14105424019352109
NETWORK SERVICE@C5129,6,1.0,0.0,1,1.0,1.0,-0.14105424019352109
NETWORK SERVICE@C19114,6,1.0,0.0,1,1.0,1.0,-0.14105424019352109
NETWORK SERVICE@C19202,6,1.0,0.0,1,1.0,1.0,-0.14105424019352109
NETWORK SERVICE@C19019,6,1.0,0.0,1,1.0,1.0,-0.14105424019352109
NETWORK SERVICE@C1903,6,1.0,0.0,1,1.0,1.0,-0.14105424019352109
NETWORK SERVICE@C19067,6,1.0,0.0,1,1.0,1.0,-0.14105424019352109
NETWORK SERVICE@C18795,6,1.0,0.0,1,1.0,1.0,-0.14105424019352109
NETWORK SERVICE@C18859,6,1.0,0.0,1,1.0,1.0,-0.14105424019352109
NETWORK SERVICE@C18921,6,1.0,0.0,1,1.0,1.0,-0.14105424019352109
NETWORK SERVICE@C18969,6,1.0,0.0,1,1.0,1.0,-0.14105424019352109
NETWORK SERVICE@C19002,6,1.0,0.0,1,1.0,1.0,-0.14105424019352109
NETWORK SERVICE@C19016,6,1.0,0.0,1,1.0,1.0,-0.14105424019352109
NETWORK SERVICE@C5198,6,1.0,0.0,1,1.0,1.0,-0.14105424019352109
NETWORK SERVICE@C5204,6,1.0,0.0,1,1.0,1.0,-0.14105424019352109
NETWORK SERVICE@C5229,6,1.0,0.0,1,1.0,1.0,-0.14105424019352109
NETWORK SERVICE@C5233,6,1.0,0.0,1,1.0,1.0,-0.14105424019352109
LOCAL SERVICE@C15211,6,1.0,0.0,1,1.0,1.0,-0.14105424019352109
LOCAL SERVICE@C15455,6,1.0,0.0,1,1.0,1.0,-0.14105424019352109
NETWORK SERVICE@C18722,6,1.0,0.0,1,1.0,1.0,-0.14105424019352109
NETWORK SERVICE@C18745,6,1.0,0.0,1,1.0,1.0,-0.14105424019352109
NETWORK SERVICE@C18773,6,1.0,0.0,1,1.0,1.0,-0.14105424019352109
NETWORK SERVICE@C1878,6,1.0,0.0,1,1.0,1.0,-0.14105424019352109
NETWORK SERVICE@C1854,6,1.0,0.0,1,1.0,1.0,-0.14105424019352109
LOCAL SERVICE@C15980,6,1.0,0.0,1,1.0,1.0,-0.14105424019352109
LOCAL SERVICE@C15982,6,1.0,0.0,1,1.0,1.0,-0.14105424019352109
LOCAL SERVICE@C15990,6,1.0,0.0,1,1.0,1.0,-0.14105424019352109
LOCAL SERVICE@C15991,6,1.0,0.0,1,1.0,1.0,-0.14105424019352109
LOCAL SERVICE@C16175,6,1.0,0.0,1,1.0,1.0,-0.14105424019352109
LOCAL SERVICE@C16201,6,1.0,0.0,1,1.0,1.0,-0.14105424019352109
NETWORK SERVICE@C18570,6,1.0,0.0,1,1.0,1.0,-0.14105424019352109
NETWORK SERVICE@C18580,6,1.0,0.0,1,1.0,1.0,-0.14105424019352109
NETWORK SERVICE@C18591,6,1.0,0.0,1,1.0,1.0,-0.14105424019352109
NETWORK SERVICE@C18652,6,1.0,0.0,1,1.0,1.0,-0.14105424019352109
NETWORK SERVICE@C18684,6,1.0,0.0,1,1.0,1.0,-0.14105424019352109
NETWORK SERVICE@C18702,6,1.0,0.0,1,1.0,1.0,-0.14105424019352109
NETWORK SERVICE@C18708,6,1.0,0.0,1,1.0,1.0,-0.14105424019352109
NETWORK SERVICE@C18713,6,1.0,0.0,1,1.0,1.0,-0.14105424019352109
NETWORK SERVICE@C18718,6,1.0,0.0,1,1.0,1.0,-0.14105424019352109
NETWORK SERVICE@C5313,6,1.0,0.0,1,1.0,1.0,-0.14105424019352109
NETWORK SERVICE@C5315,6,1.0,0.0,1,1.0,1.0,-0.14105424019352109
NETWORK SERVICE@C5352,6,1.0,0.0,1,1.0,1.0,-0.14105424019352109
NETWORK SERVICE@C5353,6,1.0,0.0,1,1.0,1.0,-0.14105424019352109
NETWORK SERVICE@C5244,6,1.0,0.0,1,1.0,1.0,-0.14105424019352109
NETWORK SERVICE@C5248,6,1.0,0.0,1,1.0,1.0,-0.14105424019352109
NETWORK SERVICE@C5250,6,1.0,0.0,1,1.0,1.0,-0.14105424019352109
NETWORK SERVICE@C5262,6,1.0,0.0,1,1.0,1.0,-0.14105424019352109
NETWORK SERVICE@C5292,6,1.0,0.0,1,1.0,1.0,-0.14105424019352109
NETWORK SERVICE@C5294,6,1.0,0.0,1,1.0,1.0,-0.14105424019352109
NETWORK SERVICE@C5306,6,1.0,0.0,1,1.0,1.0,-0.14105424019352109
LOCAL SERVICE@C16428,6,1.0,0.0,1,1.0,1.0,-0.14105424019352109
LOCAL SERVICE@C16543,6,1.0,0.0,1,1.0,1.0,-0.14105424019352109
LOCAL SERVICE@C16574,6,1.0,0.0,1,1.0,1.0,-0.14105424019352109
LOCAL SERVICE@C16578,6,1.0,0.0,1,1.0,1.0,-0.14105424019352109
NETWORK SERVICE@C18471,6,1.0,0.0,1,1.0,1.0,-0.14105424019352109
NETWORK SERVICE@C18510,6,1.0,0.0,1,1.0,1.0,-0.14105424019352109
NETWORK SERVICE@C18414,6,1.0,0.0,1,1.0,1.0,-0.14105424019352109
NETWORK SERVICE@C18430,6,1.0,0.0,1,1.0,1.0,-0.14105424019352109
NETWORK SERVICE@C18450,6,1.0,0.0,1,1.0,1.0,-0.14105424019352109
NETWORK SERVICE@C18456,6,1.0,0.0,1,1.0,1.0,-0.14105424019352109
NETWORK SERVICE@C18458,6,1.0,0.0,1,1.0,1.0,-0.14105424019352109
LOCAL SERVICE@C16691,6,1.0,0.0,1,1.0,1.0,-0.14105424019352109
LOCAL SERVICE@C16913,6,1.0,0.0,1,1.0,1.0,-0.14105424019352109
LOCAL SERVICE@C17855,6,1.0,0.0,1,1.0,1.0,-0.14105424019352109
LOCAL SERVICE@C18028,6,1.0,0.0,1,1.0,1.0,-0.14105424019352109
LOCAL SERVICE@C1804,6,1.0,0.0,1,1.0,1.0,-0.14105424019352109
NETWORK SERVICE@C18207,6,1.0,0.0,1,1.0,1.0,-0.14105424019352109
NETWORK SERVICE@C18246,6,1.0,0.0,1,1.0,1.0,-0.14105424019352109
NETWORK SERVICE@C18144,6,1.0,0.0,1,1.0,1.0,-0.14105424019352109
NETWORK SERVICE@C18152,6,1.0,0.0,1,1.0,1.0,-0.14105424019352109
NETWORK SERVICE@C18159,6,1.0,0.0,1,1.0,1.0,-0.14105424019352109
NETWORK SERVICE@C18176,6,1.0,0.0,1,1.0,1.0,-0.14105424019352109
LOCAL SERVICE@C18055,6,1.0,0.0,1,1.0,1.0,-0.14105424019352109
NETWORK SERVICE@C5445,6,1.0,0.0,1,1.0,1.0,-0.14105424019352109
NETWORK SERVICE@C5461,6,1.0,0.0,1,1.0,1.0,-0.14105424019352109
NETWORK SERVICE@C5472,6,1.0,0.0,1,1.0,1.0,-0.14105424019352109
NETWORK SERVICE@C5483,6,1.0,0.0,1,1.0,1.0,-0.14105424019352109
NETWORK SERVICE@C5364,6,1.0,0.0,1,1.0,1.0,-0.14105424019352109
NETWORK SERVICE@C5382,6,1.0,0.0,1,1.0,1.0,-0.14105424019352109
NETWORK SERVICE@C5388,6,1.0,0.0,1,1.0,1.0,-0.14105424019352109
NETWORK SERVICE@C5390,6,1.0,0.0,1,1.0,1.0,-0.14105424019352109
NETWORK SERVICE@C5392,6,1.0,0.0,1,1.0,1.0,-0.14105424019352109
LOCAL SERVICE@C18069,6,1.0,0.0,1,1.0,1.0,-0.14105424019352109
NETWORK SERVICE@C18026,6,1.0,0.0,1,1.0,1.0,-0.14105424019352109
NETWORK SERVICE@C18028,6,1.0,0.0,1,1.0,1.0,-0.14105424019352109
NETWORK SERVICE@C18069,6,1.0,0.0,1,1.0,1.0,-0.14105424019352109
NETWORK SERVICE@C1807,6,1.0,0.0,1,1.0,1.0,-0.14105424019352109
NETWORK SERVICE@C1808,6,1.0,0.0,1,1.0,1.0,-0.14105424019352109
NETWORK SERVICE@C17855,6,1.0,0.0,1,1.0,1.0,-0.14105424019352109
LOCAL SERVICE@C18458,6,1.0,0.0,1,1.0,1.0,-0.14105424019352109
LOCAL SERVICE@C18510,6,1.0,0.0,1,1.0,1.0,-0.14105424019352109
LOCAL SERVICE@C18591,6,1.0,0.0,1,1.0,1.0,-0.14105424019352109
LOCAL SERVICE@C18652,6,1.0,0.0,1,1.0,1.0,-0.14105424019352109
NETWORK SERVICE@C17870,6,1.0,0.0,1,1.0,1.0,-0.14105424019352109
NETWORK SERVICE@C17877,6,1.0,0.0,1,1.0,1.0,-0.14105424019352109
NETWORK SERVICE@C17918,6,1.0,0.0,1,1.0,1.0,-0.14105424019352109
NETWORK SERVICE@C17946,6,1.0,0.0,1,1.0,1.0,-0.14105424019352109
NETWORK SERVICE@C17954,6,1.0,0.0,1,1.0,1.0,-0.14105424019352109
NETWORK SERVICE@C17966,6,1.0,0.0,1,1.0,1.0,-0.14105424019352109
NETWORK SERVICE@C17982,6,1.0,0.0,1,1.0,1.0,-0.14105424019352109
NETWORK SERVICE@C1800,6,1.0,0.0,1,1.0,1.0,-0.14105424019352109
NETWORK SERVICE@C18004,6,1.0,0.0,1,1.0,1.0,-0.14105424019352109
LOCAL SERVICE@C18670,6,1.0,0.0,1,1.0,1.0,-0.14105424019352109
LOCAL SERVICE@C18722,6,1.0,0.0,1,1.0,1.0,-0.14105424019352109
LOCAL SERVICE@C18773,6,1.0,0.0,1,1.0,1.0,-0.14105424019352109
LOCAL SERVICE@C18791,6,1.0,0.0,1,1.0,1.0,-0.14105424019352109
NETWORK SERVICE@C17786,6,1.0,0.0,1,1.0,1.0,-0.14105424019352109
NETWORK SERVICE@C17827,6,1.0,0.0,1,1.0,1.0,-0.14105424019352109
NETWORK SERVICE@C17508,6,1.0,0.0,1,1.0,1.0,-0.14105424019352109
NETWORK SERVICE@C17524,6,1.0,0.0,1,1.0,1.0,-0.14105424019352109
NETWORK SERVICE@C1761,6,1.0,0.0,1,1.0,1.0,-0.14105424019352109
NETWORK SERVICE@C17674,6,1.0,0.0,1,1.0,1.0,-0.14105424019352109
NETWORK SERVICE@C17688,6,1.0,0.0,1,1.0,1.0,-0.14105424019352109
NETWORK SERVICE@C17696,6,1.0,0.0,1,1.0,1.0,-0.14105424019352109
LOCAL SERVICE@C19094,6,1.0,0.0,1,1.0,1.0,-0.14105424019352109
LOCAL SERVICE@C19142,6,1.0,0.0,1,1.0,1.0,-0.14105424019352109
LOCAL SERVICE@C19206,6,1.0,0.0,1,1.0,1.0,-0.14105424019352109
NETWORK SERVICE@C5506,6,1.0,0.0,1,1.0,1.0,-0.14105424019352109
NETWORK SERVICE@C5515,6,1.0,0.0,1,1.0,1.0,-0.14105424019352109
NETWORK SERVICE@C5517,6,1.0,0.0,1,1.0,1.0,-0.14105424019352109
NETWORK SERVICE@C5519,6,1.0,0.0,1,1.0,1.0,-0.14105424019352109
NETWORK SERVICE@C5530,6,1.0,0.0,1,1.0,1.0,-0.14105424019352109
NETWORK SERVICE@C5534,6,1.0,0.0,1,1.0,1.0,-0.14105424019352109
NETWORK SERVICE@C5427,6,1.0,0.0,1,1.0,1.0,-0.14105424019352109
LOCAL SERVICE@C19306,6,1.0,0.0,1,1.0,1.0,-0.14105424019352109
LOCAL SERVICE@C19522,6,1.0,0.0,1,1.0,1.0,-0.14105424019352109
LOCAL SERVICE@C19574,6,1.0,0.0,1,1.0,1.0,-0.14105424019352109
NETWORK SERVICE@C17320,6,1.0,0.0,1,1.0,1.0,-0.14105424019352109
NETWORK SERVICE@C17372,6,1.0,0.0,1,1.0,1.0,-0.14105424019352109
NETWORK SERVICE@C17410,6,1.0,0.0,1,1.0,1.0,-0.14105424019352109
NETWORK SERVICE@C17439,6,1.0,0.0,1,1.0,1.0,-0.14105424019352109
NETWORK SERVICE@C17443,6,1.0,0.0,1,1.0,1.0,-0.14105424019352109
LOCAL SERVICE@C19733,6,1.0,0.0,1,1.0,1.0,-0.14105424019352109
LOCAL SERVICE@C18921,6,1.0,0.0,1,1.0,1.0,-0.14105424019352109
LOCAL SERVICE@C19019,6,1.0,0.0,1,1.0,1.0,-0.14105424019352109
LOCAL SERVICE@C1903,6,1.0,0.0,1,1.0,1.0,-0.14105424019352109
NETWORK SERVICE@C6155,6,1.0,0.0,1,1.0,1.0,-0.14105424019352109
NETWORK SERVICE@C6175,6,1.0,0.0,1,1.0,1.0,-0.14105424019352109
NETWORK SERVICE@C5540,6,1.0,0.0,1,1.0,1.0,-0.14105424019352109
NETWORK SERVICE@C5801,6,1.0,0.0,1,1.0,1.0,-0.14105424019352109
NETWORK SERVICE@C5841,6,1.0,0.0,1,1.0,1.0,-0.14105424019352109
NETWORK SERVICE@C5874,6,1.0,0.0,1,1.0,1.0,-0.14105424019352109
NETWORK SERVICE@C5925,6,1.0,0.0,1,1.0,1.0,-0.14105424019352109
NETWORK SERVICE@C5937,6,1.0,0.0,1,1.0,1.0,-0.14105424019352109
NETWORK SERVICE@C5498,6,1.0,0.0,1,1.0,1.0,-0.14105424019352109
NETWORK SERVICE@C17033,6,1.0,0.0,1,1.0,1.0,-0.14105424019352109
NETWORK SERVICE@C17060,6,1.0,0.0,1,1.0,1.0,-0.14105424019352109
NETWORK SERVICE@C17076,6,1.0,0.0,1,1.0,1.0,-0.14105424019352109
NETWORK SERVICE@C17098,6,1.0,0.0,1,1.0,1.0,-0.14105424019352109
NETWORK SERVICE@C16903,6,1.0,0.0,1,1.0,1.0,-0.14105424019352109
NETWORK SERVICE@C16913,6,1.0,0.0,1,1.0,1.0,-0.14105424019352109
LOCAL SERVICE@C20440,6,1.0,0.0,1,1.0,1.0,-0.14105424019352109
LOCAL SERVICE@C20549,6,1.0,0.0,1,1.0,1.0,-0.14105424019352109
LOCAL SERVICE@C20570,6,1.0,0.0,1,1.0,1.0,-0.14105424019352109
LOCAL SERVICE@C20625,6,1.0,0.0,1,1.0,1.0,-0.14105424019352109
NETWORK SERVICE@C10490,6,1.0,0.0,1,1.0,1.0,-0.14105424019352109
NETWORK SERVICE@C16718,6,1.0,0.0,1,1.0,1.0,-0.14105424019352109
NETWORK SERVICE@C16727,6,1.0,0.0,1,1.0,1.0,-0.14105424019352109
NETWORK SERVICE@C16764,6,1.0,0.0,1,1.0,1.0,-0.14105424019352109
LOCAL SERVICE@C2121,6,1.0,0.0,1,1.0,1.0,-0.14105424019352109
LOCAL SERVICE@C21252,6,1.0,0.0,1,1.0,1.0,-0.14105424019352109
LOCAL SERVICE@C21258,6,1.0,0.0,1,1.0,1.0,-0.14105424019352109
ANONYMOUS LOGON@C21017,6,1.0,0.0,1,1.0,1.0,-0.14105424019352109
LOCAL SERVICE@C19972,6,1.0,0.0,1,1.0,1.0,-0.14105424019352109
LOCAL SERVICE@C2029,6,1.0,0.0,1,1.0,1.0,-0.14105424019352109
NETWORK SERVICE@C16569,6,1.0,0.0,1,1.0,1.0,-0.14105424019352109
NETWORK SERVICE@C16574,6,1.0,0.0,1,1.0,1.0,-0.14105424019352109
NETWORK SERVICE@C16578,6,1.0,0.0,1,1.0,1.0,-0.14105424019352109
NETWORK SERVICE@C16614,6,1.0,0.0,1,1.0,1.0,-0.14105424019352109
NETWORK SERVICE@C16631,6,1.0,0.0,1,1.0,1.0,-0.14105424019352109
NETWORK SERVICE@C16633,6,1.0,0.0,1,1.0,1.0,-0.14105424019352109
NETWORK SERVICE@C16637,6,1.0,0.0,1,1.0,1.0,-0.14105424019352109
NETWORK SERVICE@C16691,6,1.0,0.0,1,1.0,1.0,-0.14105424019352109
NETWORK SERVICE@C16496,6,1.0,0.0,1,1.0,1.0,-0.14105424019352109
NETWORK SERVICE@C16502,6,1.0,0.0,1,1.0,1.0,-0.14105424019352109
NETWORK SERVICE@C16543,6,1.0,0.0,1,1.0,1.0,-0.14105424019352109
NETWORK SERVICE@C16228,6,1.0,0.0,1,1.0,1.0,-0.14105424019352109
NETWORK SERVICE@C6183,6,1.0,0.0,1,1.0,1.0,-0.14105424019352109
NETWORK SERVICE@C6043,6,1.0,0.0,1,1.0,1.0,-0.14105424019352109
NETWORK SERVICE@C6069,6,1.0,0.0,1,1.0,1.0,-0.14105424019352109
NETWORK SERVICE@C6083,6,1.0,0.0,1,1.0,1.0,-0.14105424019352109
NETWORK SERVICE@C6096,6,1.0,0.0,1,1.0,1.0,-0.14105424019352109
NETWORK SERVICE@C6100,6,1.0,0.0,1,1.0,1.0,-0.14105424019352109
ANONYMOUS LOGON@C20347,6,1.0,0.0,1,1.0,1.0,-0.14105424019352109
NETWORK SERVICE@C6104,6,1.0,0.0,1,1.0,1.0,-0.14105424019352109
NETWORK SERVICE@C6117,6,1.0,0.0,1,1.0,1.0,-0.14105424019352109
NETWORK SERVICE@C6131,6,1.0,0.0,1,1.0,1.0,-0.14105424019352109
NETWORK SERVICE@C6137,6,1.0,0.0,1,1.0,1.0,-0.14105424019352109
LOCAL SERVICE@C21688,6,1.0,0.0,1,1.0,1.0,-0.14105424019352109
NETWORK SERVICE@C16387,6,1.0,0.0,1,1.0,1.0,-0.14105424019352109
NETWORK SERVICE@C16428,6,1.0,0.0,1,1.0,1.0,-0.14105424019352109
NETWORK SERVICE@C16449,6,1.0,0.0,1,1.0,1.0,-0.14105424019352109
LOCAL SERVICE@C2514,6,1.0,0.0,1,1.0,1.0,-0.14105424019352109
LOCAL SERVICE@C2517,6,1.0,0.0,1,1.0,1.0,-0.14105424019352109
LOCAL SERVICE@C2533,6,1.0,0.0,1,1.0,1.0,-0.14105424019352109
NETWORK SERVICE@C16201,6,1.0,0.0,1,1.0,1.0,-0.14105424019352109
NETWORK SERVICE@C6602,6,1.0,0.0,1,1.0,1.0,-0.14105424019352109
NETWORK SERVICE@C6623,6,1.0,0.0,1,1.0,1.0,-0.14105424019352109
NETWORK SERVICE@C6645,6,1.0,0.0,1,1.0,1.0,-0.14105424019352109
NETWORK SERVICE@C6657,6,1.0,0.0,1,1.0,1.0,-0.14105424019352109
NETWORK SERVICE@C6665,6,1.0,0.0,1,1.0,1.0,-0.14105424019352109
NETWORK SERVICE@C6402,6,1.0,0.0,1,1.0,1.0,-0.14105424019352109
NETWORK SERVICE@C6302,6,1.0,0.0,1,1.0,1.0,-0.14105424019352109
NETWORK SERVICE@C6373,6,1.0,0.0,1,1.0,1.0,-0.14105424019352109
NETWORK SERVICE@C16226,6,1.0,0.0,1,1.0,1.0,-0.14105424019352109
NETWORK SERVICE@C15906,6,1.0,0.0,1,1.0,1.0,-0.14105424019352109
NETWORK SERVICE@C15914,6,1.0,0.0,1,1.0,1.0,-0.14105424019352109
NETWORK SERVICE@C15953,6,1.0,0.0,1,1.0,1.0,-0.14105424019352109
NETWORK SERVICE@C15955,6,1.0,0.0,1,1.0,1.0,-0.14105424019352109
NETWORK SERVICE@C15978,6,1.0,0.0,1,1.0,1.0,-0.14105424019352109
NETWORK SERVICE@C15980,6,1.0,0.0,1,1.0,1.0,-0.14105424019352109
NETWORK SERVICE@C15984,6,1.0,0.0,1,1.0,1.0,-0.14105424019352109
NETWORK SERVICE@C15991,6,1.0,0.0,1,1.0,1.0,-0.14105424019352109
NETWORK SERVICE@C16001,6,1.0,0.0,1,1.0,1.0,-0.14105424019352109
NETWORK SERVICE@C16130,6,1.0,0.0,1,1.0,1.0,-0.14105424019352109
NETWORK SERVICE@C16156,6,1.0,0.0,1,1.0,1.0,-0.14105424019352109
NETWORK SERVICE@C16160,6,1.0,0.0,1,1.0,1.0,-0.14105424019352109
LOCAL SERVICE@C2600,6,1.0,0.0,1,1.0,1.0,-0.14105424019352109
LOCAL SERVICE@C2784,6,1.0,0.0,1,1.0,1.0,-0.14105424019352109
LOCAL SERVICE@C2207,6,1.0,0.0,1,1.0,1.0,-0.14105424019352109
NETWORK SERVICE@C15860,6,1.0,0.0,1,1.0,1.0,-0.14105424019352109
NETWORK SERVICE@C15604,6,1.0,0.0,1,1.0,1.0,-0.14105424019352109
NETWORK SERVICE@C15617,6,1.0,0.0,1,1.0,1.0,-0.14105424019352109
NETWORK SERVICE@C15620,6,1.0,0.0,1,1.0,1.0,-0.14105424019352109
LOCAL SERVICE@C3161,6,1.0,0.0,1,1.0,1.0,-0.14105424019352109
LOCAL SERVICE@C3171,6,1.0,0.0,1,1.0,1.0,-0.14105424019352109
LOCAL SERVICE@C3186,6,1.0,0.0,1,1.0,1.0,-0.14105424019352109
LOCAL SERVICE@C3227,6,1.0,0.0,1,1.0,1.0,-0.14105424019352109
ANONYMOUS LOGON@C3570,6,1.0,0.0,1,1.0,1.0,-0.14105424019352109
NETWORK SERVICE@C10056,6,1.0,0.0,1,1.0,1.0,-0.14105424019352109
NETWORK SERVICE@C6811,6,1.0,0.0,1,1.0,1.0,-0.14105424019352109
NETWORK SERVICE@C6677,6,1.0,0.0,1,1.0,1.0,-0.14105424019352109
NETWORK SERVICE@C6683,6,1.0,0.0,1,1.0,1.0,-0.14105424019352109
NETWORK SERVICE@C6711,6,1.0,0.0,1,1.0,1.0,-0.14105424019352109
NETWORK SERVICE@C6777,6,1.0,0.0,1,1.0,1.0,-0.14105424019352109
NETWORK SERVICE@C6445,6,1.0,0.0,1,1.0,1.0,-0.14105424019352109
ANONYMOUS LOGON@C4996,6,1.0,0.0,1,1.0,1.0,-0.14105424019352109
NETWORK SERVICE@C6462,6,1.0,0.0,1,1.0,1.0,-0.14105424019352109
NETWORK SERVICE@C6499,6,1.0,0.0,1,1.0,1.0,-0.14105424019352109
LOCAL SERVICE@C3284,6,1.0,0.0,1,1.0,1.0,-0.14105424019352109
LOCAL SERVICE@C3320,6,1.0,0.0,1,1.0,1.0,-0.14105424019352109
NETWORK SERVICE@C10083,6,1.0,0.0,1,1.0,1.0,-0.14105424019352109
NETWORK SERVICE@C15558,6,1.0,0.0,1,1.0,1.0,-0.14105424019352109
NETWORK SERVICE@C15595,6,1.0,0.0,1,1.0,1.0,-0.14105424019352109
NETWORK SERVICE@C15600,6,1.0,0.0,1,1.0,1.0,-0.14105424019352109
NETWORK SERVICE@C15292,6,1.0,0.0,1,1.0,1.0,-0.14105424019352109
LOCAL SERVICE@C3375,6,1.0,0.0,1,1.0,1.0,-0.14105424019352109
LOCAL SERVICE@C3471,6,1.0,0.0,1,1.0,1.0,-0.14105424019352109
NETWORK SERVICE@C10970,6,1.0,0.0,1,1.0,1.0,-0.14105424019352109
LOCAL SERVICE@C2922,6,1.0,0.0,1,1.0,1.0,-0.14105424019352109
NETWORK SERVICE@C6871,6,1.0,0.0,1,1.0,1.0,-0.14105424019352109
NETWORK SERVICE@C6913,6,1.0,0.0,1,1.0,1.0,-0.14105424019352109
NETWORK SERVICE@C6920,6,1.0,0.0,1,1.0,1.0,-0.14105424019352109
NETWORK SERVICE@C6951,6,1.0,0.0,1,1.0,1.0,-0.14105424019352109
NETWORK SERVICE@C11004,6,1.0,0.0,1,1.0,1.0,-0.14105424019352109
LOCAL SERVICE@C3022,6,1.0,0.0,1,1.0,1.0,-0.14105424019352109
LOCAL SERVICE@C3103,6,1.0,0.0,1,1.0,1.0,-0.14105424019352109
LOCAL SERVICE@C3141,6,1.0,0.0,1,1.0,1.0,-0.14105424019352109
NETWORK SERVICE@C15447,6,1.0,0.0,1,1.0,1.0,-0.14105424019352109
NETWORK SERVICE@C15455,6,1.0,0.0,1,1.0,1.0,-0.14105424019352109
NETWORK SERVICE@C15464,6,1.0,0.0,1,1.0,1.0,-0.14105424019352109
NETWORK SERVICE@C15478,6,1.0,0.0,1,1.0,1.0,-0.14105424019352109
NETWORK SERVICE@C15485,6,1.0,0.0,1,1.0,1.0,-0.14105424019352109
NETWORK SERVICE@C6996,6,1.0,0.0,1,1.0,1.0,-0.14105424019352109
NETWORK SERVICE@C7004,6,1.0,0.0,1,1.0,1.0,-0.14105424019352109
NETWORK SERVICE@C7034,6,1.0,0.0,1,1.0,1.0,-0.14105424019352109
NETWORK SERVICE@C7043,6,1.0,0.0,1,1.0,1.0,-0.14105424019352109
NETWORK SERVICE@C7065,6,1.0,0.0,1,1.0,1.0,-0.14105424019352109
NETWORK SERVICE@C7081,6,1.0,0.0,1,1.0,1.0,-0.14105424019352109
NETWORK SERVICE@C6826,6,1.0,0.0,1,1.0,1.0,-0.14105424019352109
NETWORK SERVICE@C6837,6,1.0,0.0,1,1.0,1.0,-0.14105424019352109
NETWORK SERVICE@C15016,6,1.0,0.0,1,1.0,1.0,-0.14105424019352109
NETWORK SERVICE@C15018,6,1.0,0.0,1,1.0,1.0,-0.14105424019352109
NETWORK SERVICE@C15030,6,1.0,0.0,1,1.0,1.0,-0.14105424019352109
NETWORK SERVICE@C15108,6,1.0,0.0,1,1.0,1.0,-0.14105424019352109
NETWORK SERVICE@C15166,6,1.0,0.0,1,1.0,1.0,-0.14105424019352109
NETWORK SERVICE@C15176,6,1.0,0.0,1,1.0,1.0,-0.14105424019352109
NETWORK SERVICE@C15211,6,1.0,0.0,1,1.0,1.0,-0.14105424019352109
LOCAL SERVICE@C4059,6,1.0,0.0,1,1.0,1.0,-0.14105424019352109
LOCAL SERVICE@C4079,6,1.0,0.0,1,1.0,1.0,-0.14105424019352109
LOCAL SERVICE@C4093,6,1.0,0.0,1,1.0,1.0,-0.14105424019352109
NETWORK SERVICE@C11006,6,1.0,0.0,1,1.0,1.0,-0.14105424019352109
NETWORK SERVICE@C14809,6,1.0,0.0,1,1.0,1.0,-0.14105424019352109
NETWORK SERVICE@C14839,6,1.0,0.0,1,1.0,1.0,-0.14105424019352109
NETWORK SERVICE@C14928,6,1.0,0.0,1,1.0,1.0,-0.14105424019352109
NETWORK SERVICE@C14566,6,1.0,0.0,1,1.0,1.0,-0.14105424019352109
NETWORK SERVICE@C14718,6,1.0,0.0,1,1.0,1.0,-0.14105424019352109
NETWORK SERVICE@C14757,6,1.0,0.0,1,1.0,1.0,-0.14105424019352109
NETWORK SERVICE@C11031,6,1.0,0.0,1,1.0,1.0,-0.14105424019352109
LOCAL SERVICE@C4167,6,1.0,0.0,1,1.0,1.0,-0.14105424019352109
LOCAL SERVICE@C4271,6,1.0,0.0,1,1.0,1.0,-0.14105424019352109
LOCAL SERVICE@C4314,6,1.0,0.0,1,1.0,1.0,-0.14105424019352109
LOCAL SERVICE@C4363,6,1.0,0.0,1,1.0,1.0,-0.14105424019352109
LOCAL SERVICE@C4365,6,1.0,0.0,1,1.0,1.0,-0.14105424019352109
LOCAL SERVICE@C4410,6,1.0,0.0,1,1.0,1.0,-0.14105424019352109
LOCAL SERVICE@C3971,6,1.0,0.0,1,1.0,1.0,-0.14105424019352109
LOCAL SERVICE@C3995,6,1.0,0.0,1,1.0,1.0,-0.14105424019352109
NETWORK SERVICE@C14395,6,1.0,0.0,1,1.0,1.0,-0.14105424019352109
NETWORK SERVICE@C14418,6,1.0,0.0,1,1.0,1.0,-0.14105424019352109
NETWORK SERVICE@C14540,6,1.0,0.0,1,1.0,1.0,-0.14105424019352109
NETWORK SERVICE@C14227,6,1.0,0.0,1,1.0,1.0,-0.14105424019352109
NETWORK SERVICE@C14240,6,1.0,0.0,1,1.0,1.0,-0.14105424019352109
NETWORK SERVICE@C14242,6,1.0,0.0,1,1.0,1.0,-0.14105424019352109
NETWORK SERVICE@C14245,6,1.0,0.0,1,1.0,1.0,-0.14105424019352109
NETWORK SERVICE@C14258,6,1.0,0.0,1,1.0,1.0,-0.14105424019352109
NETWORK SERVICE@C14276,6,1.0,0.0,1,1.0,1.0,-0.14105424019352109
NETWORK SERVICE@C14283,6,1.0,0.0,1,1.0,1.0,-0.14105424019352109
NETWORK SERVICE@C14296,6,1.0,0.0,1,1.0,1.0,-0.14105424019352109
NETWORK SERVICE@C14346,6,1.0,0.0,1,1.0,1.0,-0.14105424019352109
NETWORK SERVICE@C14379,6,1.0,0.0,1,1.0,1.0,-0.14105424019352109
NETWORK SERVICE@C14081,6,1.0,0.0,1,1.0,1.0,-0.14105424019352109
NETWORK SERVICE@C14097,6,1.0,0.0,1,1.0,1.0,-0.14105424019352109
NETWORK SERVICE@C14099,6,1.0,0.0,1,1.0,1.0,-0.14105424019352109
NETWORK SERVICE@C14114,6,1.0,0.0,1,1.0,1.0,-0.14105424019352109
NETWORK SERVICE@C14156,6,1.0,0.0,1,1.0,1.0,-0.14105424019352109
NETWORK SERVICE@C14189,6,1.0,0.0,1,1.0,1.0,-0.14105424019352109
NETWORK SERVICE@C14200,6,1.0,0.0,1,1.0,1.0,-0.14105424019352109
LOCAL SERVICE@C4466,6,1.0,0.0,1,1.0,1.0,-0.14105424019352109
LOCAL SERVICE@C4468,6,1.0,0.0,1,1.0,1.0,-0.14105424019352109
LOCAL SERVICE@C4481,6,1.0,0.0,1,1.0,1.0,-0.14105424019352109
LOCAL SERVICE@C4576,6,1.0,0.0,1,1.0,1.0,-0.14105424019352109
NETWORK SERVICE@C7151,6,1.0,0.0,1,1.0,1.0,-0.14105424019352109
NETWORK SERVICE@C7178,6,1.0,0.0,1,1.0,1.0,-0.14105424019352109
NETWORK SERVICE@C7182,6,1.0,0.0,1,1.0,1.0,-0.14105424019352109
NETWORK SERVICE@C7210,6,1.0,0.0,1,1.0,1.0,-0.14105424019352109
NETWORK SERVICE@C7229,6,1.0,0.0,1,1.0,1.0,-0.14105424019352109
NETWORK SERVICE@C7231,6,1.0,0.0,1,1.0,1.0,-0.14105424019352109
NETWORK SERVICE@C7252,6,1.0,0.0,1,1.0,1.0,-0.14105424019352109
NETWORK SERVICE@C7310,6,1.0,0.0,1,1.0,1.0,-0.14105424019352109
ANONYMOUS LOGON@C3370,6,1.0,0.0,1,1.0,1.0,-0.14105424019352109
ANONYMOUS LOGON@C3391,6,1.0,0.0,1,1.0,1.0,-0.14105424019352109
NETWORK SERVICE@C7312,6,1.0,0.0,1,1.0,1.0,-0.14105424019352109
NETWORK SERVICE@C7337,6,1.0,0.0,1,1.0,1.0,-0.14105424019352109
NETWORK SERVICE@C7383,6,1.0,0.0,1,1.0,1.0,-0.14105424019352109
NETWORK SERVICE@C7409,6,1.0,0.0,1,1.0,1.0,-0.14105424019352109
NETWORK SERVICE@C7411,6,1.0,0.0,1,1.0,1.0,-0.14105424019352109
NETWORK SERVICE@C7426,6,1.0,0.0,1,1.0,1.0,-0.14105424019352109
NETWORK SERVICE@C7509,6,1.0,0.0,1,1.0,1.0,-0.14105424019352109
NETWORK SERVICE@C11033,6,1.0,0.0,1,1.0,1.0,-0.14105424019352109
NETWORK SERVICE@C10095,6,1.0,0.0,1,1.0,1.0,-0.14105424019352109
NETWORK SERVICE@C10179,6,1.0,0.0,1,1.0,1.0,-0.14105424019352109
NETWORK SERVICE@C13849,6,1.0,0.0,1,1.0,1.0,-0.14105424019352109
NETWORK SERVICE@C13859,6,1.0,0.0,1,1.0,1.0,-0.14105424019352109
NETWORK SERVICE@C13950,6,1.0,0.0,1,1.0,1.0,-0.14105424019352109
NETWORK SERVICE@C13966,6,1.0,0.0,1,1.0,1.0,-0.14105424019352109
NETWORK SERVICE@C13762,6,1.0,0.0,1,1.0,1.0,-0.14105424019352109
NETWORK SERVICE@C13776,6,1.0,0.0,1,1.0,1.0,-0.14105424019352109
NETWORK SERVICE@C13816,6,1.0,0.0,1,1.0,1.0,-0.14105424019352109
NETWORK SERVICE@C13537,6,1.0,0.0,1,1.0,1.0,-0.14105424019352109
NETWORK SERVICE@C13604,6,1.0,0.0,1,1.0,1.0,-0.14105424019352109
NETWORK SERVICE@C13615,6,1.0,0.0,1,1.0,1.0,-0.14105424019352109
NETWORK SERVICE@C13617,6,1.0,0.0,1,1.0,1.0,-0.14105424019352109
NETWORK SERVICE@C13633,6,1.0,0.0,1,1.0,1.0,-0.14105424019352109
NETWORK SERVICE@C10267,6,1.0,0.0,1,1.0,1.0,-0.14105424019352109
NETWORK SERVICE@C10271,6,1.0,0.0,1,1.0,1.0,-0.14105424019352109
LOCAL SERVICE@C4616,6,1.0,0.0,1,1.0,1.0,-0.14105424019352109
ANONYMOUS LOGON@C2951,6,1.0,0.0,1,1.0,1.0,-0.14105424019352109
NETWORK SERVICE@C7792,6,1.0,0.0,1,1.0,1.0,-0.14105424019352109
NETWORK SERVICE@C7840,6,1.0,0.0,1,1.0,1.0,-0.14105424019352109
NETWORK SERVICE@C7844,6,1.0,0.0,1,1.0,1.0,-0.14105424019352109
NETWORK SERVICE@C7539,6,1.0,0.0,1,1.0,1.0,-0.14105424019352109
NETWORK SERVICE@C7544,6,1.0,0.0,1,1.0,1.0,-0.14105424019352109
NETWORK SERVICE@C7562,6,1.0,0.0,1,1.0,1.0,-0.14105424019352109
NETWORK SERVICE@C7616,6,1.0,0.0,1,1.0,1.0,-0.14105424019352109
LOCAL SERVICE@C4645,6,1.0,0.0,1,1.0,1.0,-0.14105424019352109
LOCAL SERVICE@C4651,6,1.0,0.0,1,1.0,1.0,-0.14105424019352109
LOCAL SERVICE@C4891,6,1.0,0.0,1,1.0,1.0,-0.14105424019352109
NETWORK SERVICE@C13408,6,1.0,0.0,1,1.0,1.0,-0.14105424019352109
NETWORK SERVICE@C13416,6,1.0,0.0,1,1.0,1.0,-0.14105424019352109
NETWORK SERVICE@C13448,6,1.0,0.0,1,1.0,1.0,-0.14105424019352109
NETWORK SERVICE@C13496,6,1.0,0.0,1,1.0,1.0,-0.14105424019352109
LOCAL SERVICE@C4983,6,1.0,0.0,1,1.0,1.0,-0.14105424019352109
LOCAL SERVICE@C5061,6,1.0,0.0,1,1.0,1.0,-0.14105424019352109
LOCAL SERVICE@C5069,6,1.0,0.0,1,1.0,1.0,-0.14105424019352109
NETWORK SERVICE@C13214,6,1.0,0.0,1,1.0,1.0,-0.14105424019352109
NETWORK SERVICE@C13321,6,1.0,0.0,1,1.0,1.0,-0.14105424019352109
NETWORK SERVICE@C13393,6,1.0,0.0,1,1.0,1.0,-0.14105424019352109
NETWORK SERVICE@C9715,6,1.0,0.0,1,1.0,1.0,-0.14105424019352109
NETWORK SERVICE@C13128,6,1.0,0.0,1,1.0,1.0,-0.14105424019352109
NETWORK SERVICE@C13183,6,1.0,0.0,1,1.0,1.0,-0.14105424019352109
NETWORK SERVICE@C12929,6,1.0,0.0,1,1.0,1.0,-0.14105424019352109
NETWORK SERVICE@C12931,6,1.0,0.0,1,1.0,1.0,-0.14105424019352109
NETWORK SERVICE@C12939,6,1.0,0.0,1,1.0,1.0,-0.14105424019352109
NETWORK SERVICE@C12954,6,1.0,0.0,1,1.0,1.0,-0.14105424019352109
NETWORK SERVICE@C12970,6,1.0,0.0,1,1.0,1.0,-0.14105424019352109
LOCAL SERVICE@C5204,6,1.0,0.0,1,1.0,1.0,-0.14105424019352109
NETWORK SERVICE@C8353,6,1.0,0.0,1,1.0,1.0,-0.14105424019352109
NETWORK SERVICE@C8386,6,1.0,0.0,1,1.0,1.0,-0.14105424019352109
NETWORK SERVICE@C8388,6,1.0,0.0,1,1.0,1.0,-0.14105424019352109
NETWORK SERVICE@C8395,6,1.0,0.0,1,1.0,1.0,-0.14105424019352109
NETWORK SERVICE@C8416,6,1.0,0.0,1,1.0,1.0,-0.14105424019352109
NETWORK SERVICE@C7850,6,1.0,0.0,1,1.0,1.0,-0.14105424019352109
NETWORK SERVICE@C7852,6,1.0,0.0,1,1.0,1.0,-0.14105424019352109
NETWORK SERVICE@C7922,6,1.0,0.0,1,1.0,1.0,-0.14105424019352109
NETWORK SERVICE@C8049,6,1.0,0.0,1,1.0,1.0,-0.14105424019352109
NETWORK SERVICE@C8167,6,1.0,0.0,1,1.0,1.0,-0.14105424019352109
NETWORK SERVICE@C8182,6,1.0,0.0,1,1.0,1.0,-0.14105424019352109
NETWORK SERVICE@C8190,6,1.0,0.0,1,1.0,1.0,-0.14105424019352109
NETWORK SERVICE@C8202,6,1.0,0.0,1,1.0,1.0,-0.14105424019352109
LOCAL SERVICE@C5294,6,1.0,0.0,1,1.0,1.0,-0.14105424019352109
NETWORK SERVICE@C3558,6,1.0,0.0,1,1.0,1.0,-0.14105424019352109
NETWORK SERVICE@C13014,6,1.0,0.0,1,1.0,1.0,-0.14105424019352109
NETWORK SERVICE@C13052,6,1.0,0.0,1,1.0,1.0,-0.14105424019352109
NETWORK SERVICE@C13101,6,1.0,0.0,1,1.0,1.0,-0.14105424019352109
LOCAL SERVICE@C5352,6,1.0,0.0,1,1.0,1.0,-0.14105424019352109
LOCAL SERVICE@C5427,6,1.0,0.0,1,1.0,1.0,-0.14105424019352109
NETWORK SERVICE@C3578,6,1.0,0.0,1,1.0,1.0,-0.14105424019352109
NETWORK SERVICE@C12802,6,1.0,0.0,1,1.0,1.0,-0.14105424019352109
NETWORK SERVICE@C8599,6,1.0,0.0,1,1.0,1.0,-0.14105424019352109
NETWORK SERVICE@C8613,6,1.0,0.0,1,1.0,1.0,-0.14105424019352109
NETWORK SERVICE@C8619,6,1.0,0.0,1,1.0,1.0,-0.14105424019352109
NETWORK SERVICE@C8670,6,1.0,0.0,1,1.0,1.0,-0.14105424019352109
NETWORK SERVICE@C8677,6,1.0,0.0,1,1.0,1.0,-0.14105424019352109
NETWORK SERVICE@C3595,6,1.0,0.0,1,1.0,1.0,-0.14105424019352109
NETWORK SERVICE@C3612,6,1.0,0.0,1,1.0,1.0,-0.14105424019352109
NETWORK SERVICE@C8240,6,1.0,0.0,1,1.0,1.0,-0.14105424019352109
NETWORK SERVICE@C12845,6,1.0,0.0,1,1.0,1.0,-0.14105424019352109
NETWORK SERVICE@C12850,6,1.0,0.0,1,1.0,1.0,-0.14105424019352109
NETWORK SERVICE@C12919,6,1.0,0.0,1,1.0,1.0,-0.14105424019352109
NETWORK SERVICE@C12763,6,1.0,0.0,1,1.0,1.0,-0.14105424019352109
NETWORK SERVICE@C12768,6,1.0,0.0,1,1.0,1.0,-0.14105424019352109
NETWORK SERVICE@C12777,6,1.0,0.0,1,1.0,1.0,-0.14105424019352109
NETWORK SERVICE@C8685,6,1.0,0.0,1,1.0,1.0,-0.14105424019352109
NETWORK SERVICE@C8814,6,1.0,0.0,1,1.0,1.0,-0.14105424019352109
NETWORK SERVICE@C8833,6,1.0,0.0,1,1.0,1.0,-0.14105424019352109
NETWORK SERVICE@C8863,6,1.0,0.0,1,1.0,1.0,-0.14105424019352109
NETWORK SERVICE@C8878,6,1.0,0.0,1,1.0,1.0,-0.14105424019352109
NETWORK SERVICE@C8573,6,1.0,0.0,1,1.0,1.0,-0.14105424019352109
NETWORK SERVICE@C8579,6,1.0,0.0,1,1.0,1.0,-0.14105424019352109
NETWORK SERVICE@C3623,6,1.0,0.0,1,1.0,1.0,-0.14105424019352109
LOCAL SERVICE@C5937,6,1.0,0.0,1,1.0,1.0,-0.14105424019352109
LOCAL SERVICE@C6083,6,1.0,0.0,1,1.0,1.0,-0.14105424019352109
NETWORK SERVICE@C12625,6,1.0,0.0,1,1.0,1.0,-0.14105424019352109
NETWORK SERVICE@C12632,6,1.0,0.0,1,1.0,1.0,-0.14105424019352109
NETWORK SERVICE@C12640,6,1.0,0.0,1,1.0,1.0,-0.14105424019352109
NETWORK SERVICE@C12667,6,1.0,0.0,1,1.0,1.0,-0.14105424019352109
NETWORK SERVICE@C12704,6,1.0,0.0,1,1.0,1.0,-0.14105424019352109
NETWORK SERVICE@C12707,6,1.0,0.0,1,1.0,1.0,-0.14105424019352109
NETWORK SERVICE@C12716,6,1.0,0.0,1,1.0,1.0,-0.14105424019352109
NETWORK SERVICE@C12737,6,1.0,0.0,1,1.0,1.0,-0.14105424019352109
LOCAL SERVICE@C6445,6,1.0,0.0,1,1.0,1.0,-0.14105424019352109
C3421$@DOM3,6,1.0,0.0,1,1.0,1.0,-0.14105424019352109
NETWORK SERVICE@C12316,6,1.0,0.0,1,1.0,1.0,-0.14105424019352109
NETWORK SERVICE@C12330,6,1.0,0.0,1,1.0,1.0,-0.14105424019352109
NETWORK SERVICE@C12367,6,1.0,0.0,1,1.0,1.0,-0.14105424019352109
NETWORK SERVICE@C12380,6,1.0,0.0,1,1.0,1.0,-0.14105424019352109
NETWORK SERVICE@C12421,6,1.0,0.0,1,1.0,1.0,-0.14105424019352109
NETWORK SERVICE@C12482,6,1.0,0.0,1,1.0,1.0,-0.14105424019352109
NETWORK SERVICE@C12104,6,1.0,0.0,1,1.0,1.0,-0.14105424019352109
NETWORK SERVICE@C12109,6,1.0,0.0,1,1.0,1.0,-0.14105424019352109
LOCAL SERVICE@C6951,6,1.0,0.0,1,1.0,1.0,-0.14105424019352109
LOCAL SERVICE@C7043,6,1.0,0.0,1,1.0,1.0,-0.14105424019352109
LOCAL SERVICE@C7229,6,1.0,0.0,1,1.0,1.0,-0.14105424019352109
LOCAL SERVICE@C7231,6,1.0,0.0,1,1.0,1.0,-0.14105424019352109
LOCAL SERVICE@C7411,6,1.0,0.0,1,1.0,1.0,-0.14105424019352109
LOCAL SERVICE@C7426,6,1.0,0.0,1,1.0,1.0,-0.14105424019352109
NETWORK SERVICE@C9378,6,1.0,0.0,1,1.0,1.0,-0.14105424019352109
NETWORK SERVICE@C9412,6,1.0,0.0,1,1.0,1.0,-0.14105424019352109
NETWORK SERVICE@C9150,6,1.0,0.0,1,1.0,1.0,-0.14105424019352109
NETWORK SERVICE@C8949,6,1.0,0.0,1,1.0,1.0,-0.14105424019352109
NETWORK SERVICE@C8956,6,1.0,0.0,1,1.0,1.0,-0.14105424019352109
NETWORK SERVICE@C9008,6,1.0,0.0,1,1.0,1.0,-0.14105424019352109
NETWORK SERVICE@C9048,6,1.0,0.0,1,1.0,1.0,-0.14105424019352109
NETWORK SERVICE@C9082,6,1.0,0.0,1,1.0,1.0,-0.14105424019352109
NETWORK SERVICE@C12212,6,1.0,0.0,1,1.0,1.0,-0.14105424019352109
NETWORK SERVICE@C12228,6,1.0,0.0,1,1.0,1.0,-0.14105424019352109
NETWORK SERVICE@C12247,6,1.0,0.0,1,1.0,1.0,-0.14105424019352109
NETWORK SERVICE@C12102,6,1.0,0.0,1,1.0,1.0,-0.14105424019352109
LOCAL SERVICE@C7612,6,1.0,0.0,1,1.0,1.0,-0.14105424019352109
LOCAL SERVICE@C7677,6,1.0,0.0,1,1.0,1.0,-0.14105424019352109
LOCAL SERVICE@C7858,6,1.0,0.0,1,1.0,1.0,-0.14105424019352109
NETWORK SERVICE@C3301,6,1.0,0.0,1,1.0,1.0,-0.14105424019352109
NETWORK SERVICE@C11849,6,1.0,0.0,1,1.0,1.0,-0.14105424019352109
NETWORK SERVICE@C11908,6,1.0,0.0,1,1.0,1.0,-0.14105424019352109
NETWORK SERVICE@C11932,6,1.0,0.0,1,1.0,1.0,-0.14105424019352109
NETWORK SERVICE@C12029,6,1.0,0.0,1,1.0,1.0,-0.14105424019352109
NETWORK SERVICE@C12044,6,1.0,0.0,1,1.0,1.0,-0.14105424019352109
NETWORK SERVICE@C12063,6,1.0,0.0,1,1.0,1.0,-0.14105424019352109
NETWORK SERVICE@C12069,6,1.0,0.0,1,1.0,1.0,-0.14105424019352109
NETWORK SERVICE@C3317,6,1.0,0.0,1,1.0,1.0,-0.14105424019352109
LOCAL SERVICE@C8285,6,1.0,0.0,1,1.0,1.0,-0.14105424019352109
LOCAL SERVICE@C8386,6,1.0,0.0,1,1.0,1.0,-0.14105424019352109
LOCAL SERVICE@C8503,6,1.0,0.0,1,1.0,1.0,-0.14105424019352109
LOCAL SERVICE@C8548,6,1.0,0.0,1,1.0,1.0,-0.14105424019352109
LOCAL SERVICE@C8599,6,1.0,0.0,1,1.0,1.0,-0.14105424019352109
NETWORK SERVICE@C9735,6,1.0,0.0,1,1.0,1.0,-0.14105424019352109
NETWORK SERVICE@C9756,6,1.0,0.0,1,1.0,1.0,-0.14105424019352109
NETWORK SERVICE@C9464,6,1.0,0.0,1,1.0,1.0,-0.14105424019352109
NETWORK SERVICE@C9467,6,1.0,0.0,1,1.0,1.0,-0.14105424019352109
NETWORK SERVICE@C9540,6,1.0,0.0,1,1.0,1.0,-0.14105424019352109
NETWORK SERVICE@C3320,6,1.0,0.0,1,1.0,1.0,-0.14105424019352109
NETWORK SERVICE@C9209,6,1.0,0.0,1,1.0,1.0,-0.14105424019352109
NETWORK SERVICE@C9228,6,1.0,0.0,1,1.0,1.0,-0.14105424019352109
NETWORK SERVICE@C9373,6,1.0,0.0,1,1.0,1.0,-0.14105424019352109
LOCAL SERVICE@C8855,6,1.0,0.0,1,1.0,1.0,-0.14105424019352109
NETWORK SERVICE@C3322,6,1.0,0.0,1,1.0,1.0,-0.14105424019352109
NETWORK SERVICE@C3346,6,1.0,0.0,1,1.0,1.0,-0.14105424019352109
NETWORK SERVICE@C11762,6,1.0,0.0,1,1.0,1.0,-0.14105424019352109
NETWORK SERVICE@C11774,6,1.0,0.0,1,1.0,1.0,-0.14105424019352109
NETWORK SERVICE@C11533,6,1.0,0.0,1,1.0,1.0,-0.14105424019352109
NETWORK SERVICE@C3363,6,1.0,0.0,1,1.0,1.0,-0.14105424019352109
LOCAL SERVICE@C8068,6,1.0,0.0,1,1.0,1.0,-0.14105424019352109
NETWORK SERVICE@C11598,6,1.0,0.0,1,1.0,1.0,-0.14105424019352109
NETWORK SERVICE@C11648,6,1.0,0.0,1,1.0,1.0,-0.14105424019352109
NETWORK SERVICE@C11667,6,1.0,0.0,1,1.0,1.0,-0.14105424019352109
NETWORK SERVICE@C11704,6,1.0,0.0,1,1.0,1.0,-0.14105424019352109
NETWORK SERVICE@C11731,6,1.0,0.0,1,1.0,1.0,-0.14105424019352109
NETWORK SERVICE@C11384,6,1.0,0.0,1,1.0,1.0,-0.14105424019352109
NETWORK SERVICE@C11192,6,1.0,0.0,1,1.0,1.0,-0.14105424019352109
NETWORK SERVICE@C11238,6,1.0,0.0,1,1.0,1.0,-0.14105424019352109
NETWORK SERVICE@C11242,6,1.0,0.0,1,1.0,1.0,-0.14105424019352109
NETWORK SERVICE@C11255,6,1.0,0.0,1,1.0,1.0,-0.14105424019352109
NETWORK SERVICE@C11270,6,1.0,0.0,1,1.0,1.0,-0.14105424019352109
NETWORK SERVICE@C11272,6,1.0,0.0,1,1.0,1.0,-0.14105424019352109
NETWORK SERVICE@C11283,6,1.0,0.0,1,1.0,1.0,-0.14105424019352109
NETWORK SERVICE@C11315,6,1.0,0.0,1,1.0,1.0,-0.14105424019352109
NETWORK SERVICE@C11325,6,1.0,0.0,1,1.0,1.0,-0.14105424019352109
NETWORK SERVICE@C11072,6,1.0,0.0,1,1.0,1.0,-0.14105424019352109
LOCAL SERVICE@C9197,6,1.0,0.0,1,1.0,1.0,-0.14105424019352109
LOCAL SERVICE@C9464,6,1.0,0.0,1,1.0,1.0,-0.14105424019352109
LOCAL SERVICE@C9589,6,1.0,0.0,1,1.0,1.0,-0.14105424019352109
NETWORK SERVICE@C3375,6,1.0,0.0,1,1.0,1.0,-0.14105424019352109
NETWORK SERVICE@C11082,6,1.0,0.0,1,1.0,1.0,-0.14105424019352109
NETWORK SERVICE@C11114,6,1.0,0.0,1,1.0,1.0,-0.14105424019352109
NETWORK SERVICE@C11132,6,1.0,0.0,1,1.0,1.0,-0.14105424019352109
NETWORK SERVICE@C11138,6,1.0,0.0,1,1.0,1.0,-0.14105424019352109
NETWORK SERVICE@C11145,6,1.0,0.0,1,1.0,1.0,-0.14105424019352109
NETWORK SERVICE@C10801,6,1.0,0.0,1,1.0,1.0,-0.14105424019352109
NETWORK SERVICE@C10815,6,1.0,0.0,1,1.0,1.0,-0.14105424019352109
LOCAL SERVICE@C9735,6,1.0,0.0,1,1.0,1.0,-0.14105424019352109
NETWORK SERVICE@C10029,6,1.0,0.0,1,1.0,1.0,-0.14105424019352109
NETWORK SERVICE@C3799,6,1.0,0.0,1,1.0,1.0,-0.14105424019352109
NETWORK SERVICE@C3808,6,1.0,0.0,1,1.0,1.0,-0.14105424019352109
NETWORK SERVICE@C3820,6,1.0,0.0,1,1.0,1.0,-0.14105424019352109
NETWORK SERVICE@C3830,6,1.0,0.0,1,1.0,1.0,-0.14105424019352109
NETWORK SERVICE@C9970,6,1.0,0.0,1,1.0,1.0,-0.14105424019352109
NETWORK SERVICE@C9589,6,1.0,0.0,1,1.0,1.0,-0.14105424019352109
NETWORK SERVICE@C9627,6,1.0,0.0,1,1.0,1.0,-0.14105424019352109
ANONYMOUS LOGON@C15210,6,1.0,0.0,1,1.0,1.0,-0.14105424019352109
ANONYMOUS LOGON@C18055,6,1.0,0.0,1,1.0,1.0,-0.14105424019352109
ANONYMOUS LOGON@C18244,6,1.0,0.0,1,1.0,1.0,-0.14105424019352109
U9699@DOM1,6,1.0,0.0,1,1.0,1.0,-0.14105424019352109
NETWORK SERVICE@C3214,6,1.0,0.0,1,1.0,1.0,-0.14105424019352109
NETWORK SERVICE@C3215,6,1.0,0.0,1,1.0,1.0,-0.14105424019352109
NETWORK SERVICE@C10718,6,1.0,0.0,1,1.0,1.0,-0.14105424019352109
NETWORK SERVICE@C10721,6,1.0,0.0,1,1.0,1.0,-0.14105424019352109
NETWORK SERVICE@C10730,6,1.0,0.0,1,1.0,1.0,-0.14105424019352109
NETWORK SERVICE@C10755,6,1.0,0.0,1,1.0,1.0,-0.14105424019352109
NETWORK SERVICE@C10279,6,1.0,0.0,1,1.0,1.0,-0.14105424019352109
NETWORK SERVICE@C10328,6,1.0,0.0,1,1.0,1.0,-0.14105424019352109
NETWORK SERVICE@C10345,6,1.0,0.0,1,1.0,1.0,-0.14105424019352109
NETWORK SERVICE@C10349,6,1.0,0.0,1,1.0,1.0,-0.14105424019352109
NETWORK SERVICE@C10472,6,1.0,0.0,1,1.0,1.0,-0.14105424019352109
ANONYMOUS LOGON@C19597,6,1.0,0.0,1,1.0,1.0,-0.14105424019352109
NETWORK SERVICE@C3756,6,1.0,0.0,1,1.0,1.0,-0.14105424019352109
NETWORK SERVICE@C10574,6,1.0,0.0,1,1.0,1.0,-0.14105424019352109
NETWORK SERVICE@C10605,6,1.0,0.0,1,1.0,1.0,-0.14105424019352109
ANONYMOUS LOGON@C12729,6,1.0,0.0,1,1.0,1.0,-0.14105424019352109
NETWORK SERVICE@C3258,6,1.0,0.0,1,1.0,1.0,-0.14105424019352109
NETWORK SERVICE@C3500,6,1.0,0.0,1,1.0,1.0,-0.14105424019352109
NETWORK SERVICE@C3457,6,1.0,0.0,1,1.0,1.0,-0.14105424019352109
NETWORK SERVICE@C3462,6,1.0,0.0,1,1.0,1.0,-0.14105424019352109
NETWORK SERVICE@C3471,6,1.0,0.0,1,1.0,1.0,-0.14105424019352109
NETWORK SERVICE@C3486,6,1.0,0.0,1,1.0,1.0,-0.14105424019352109
NETWORK SERVICE@C3261,6,1.0,0.0,1,1.0,1.0,-0.14105424019352109
NETWORK SERVICE@C3632,6,1.0,0.0,1,1.0,1.0,-0.14105424019352109
NETWORK SERVICE@C3652,6,1.0,0.0,1,1.0,1.0,-0.14105424019352109
NETWORK SERVICE@C3662,6,1.0,0.0,1,1.0,1.0,-0.14105424019352109
NETWORK SERVICE@C3719,6,1.0,0.0,1,1.0,1.0,-0.14105424019352109
NETWORK SERVICE@C10537,6,1.0,0.0,1,1.0,1.0,-0.14105424019352109
C1656$@DOM1,141,1.0,0.0,8,1.0,0.9929078014184397,-0.1410621118197603
C9986$@DOM1,141,1.0,0.0,8,1.0,0.9929078014184397,-0.1410621118197603
C2648$@DOM1,141,1.0,0.0,8,1.0,0.9929078014184397,-0.1410621118197603
C2211$@DOM1,141,1.0,0.0,8,1.0,0.9929078014184397,-0.1410621118197603
C2465$@DOM1,211,1.0,0.0,6,1.0,0.995260663507109,-0.1410947328787373
C1540$@DOM1,211,1.0,0.0,6,1.0,0.995260663507109,-0.1410947328787373
C1105$@DOM1,211,1.0,0.0,6,1.0,0.995260663507109,-0.1410947328787373
U3333@DOM1,82,1.0,0.0,9,1.0,1.0,-0.1411242930208127
U7401@DOM1,81,1.0,0.0,9,1.0,1.0,-0.1411242930208127
U3559@DOM1,82,1.0,0.0,9,1.0,1.0,-0.1411242930208127
U7431@DOM1,82,1.0,0.0,9,1.0,1.0,-0.1411242930208127
U3086@DOM1,82,1.0,0.0,9,1.0,1.0,-0.1411242930208127
U465@DOM1,82,1.0,0.0,9,1.0,1.0,-0.1411242930208127
U9529@DOM1,82,1.0,0.0,9,1.0,1.0,-0.1411242930208127
U2170@DOM1,82,1.0,0.0,9,1.0,1.0,-0.1411242930208127
U5239@DOM1,81,1.0,0.0,9,1.0,1.0,-0.1411242930208127
U2748@DOM1,82,1.0,0.0,9,1.0,1.0,-0.1411242930208127
U5080@DOM1,81,1.0,0.0,9,1.0,1.0,-0.1411242930208127
U6658@DOM1,82,1.0,0.0,9,1.0,1.0,-0.1411242930208127
U2752@DOM1,82,1.0,0.0,9,1.0,1.0,-0.1411242930208127
U2983@DOM1,82,1.0,0.0,9,1.0,1.0,-0.1411242930208127
U7192@DOM1,81,1.0,0.0,9,1.0,1.0,-0.1411242930208127
U7143@DOM1,81,1.0,0.0,9,1.0,1.0,-0.1411242930208127
U1092@DOM1,81,1.0,0.0,9,1.0,1.0,-0.1411242930208127
U3281@DOM1,82,1.0,0.0,9,1.0,1.0,-0.1411242930208127
U3227@DOM1,82,1.0,0.0,9,1.0,1.0,-0.1411242930208127
U1968@DOM1,81,1.0,0.0,9,1.0,1.0,-0.1411242930208127
U1993@DOM1,82,1.0,0.0,9,1.0,1.0,-0.1411242930208127
U1711@DOM1,82,1.0,0.0,9,1.0,1.0,-0.1411242930208127
U6161@DOM1,82,1.0,0.0,9,1.0,1.0,-0.1411242930208127
U6048@DOM1,82,1.0,0.0,9,1.0,1.0,-0.1411242930208127
U5951@DOM1,82,1.0,0.0,9,1.0,1.0,-0.1411242930208127
U1182@DOM1,82,1.0,0.0,9,1.0,1.0,-0.1411242930208127
U1185@DOM1,82,1.0,0.0,9,1.0,1.0,-0.1411242930208127
U3911@DOM1,82,1.0,0.0,9,1.0,1.0,-0.1411242930208127
C3035$@DOM1,188,1.0,0.0,8,1.0,0.9946808510638298,-0.14116100072744447
C20220$@DOM1,188,1.0,0.0,8,1.0,0.9946808510638298,-0.14116100072744447
C406$@DOM1,188,1.0,0.0,8,1.0,0.9946808510638298,-0.14116100072744447
C10388$@DOM1,188,1.0,0.0,8,1.0,0.9946808510638298,-0.14116100072744447
C1381$@DOM1,188,1.0,0.0,8,1.0,0.9946808510638298,-0.14116100072744447
C12572$@DOM1,188,1.0,0.0,8,1.0,0.9946808510638298,-0.14116100072744447
U5774@DOM1,79,1.0,0.0,9,1.0,1.0,-0.141170473322625
U7883@DOM1,77,1.0,0.0,9,1.0,1.0,-0.141170473322625
U7965@DOM1,78,1.0,0.0,9,1.0,1.0,-0.141170473322625
U392@DOM1,80,1.0,0.0,9,1.0,1.0,-0.141170473322625
U9859@DOM1,79,1.0,0.0,9,1.0,1.0,-0.141170473322625
U5559@DOM1,80,1.0,0.0,9,1.0,1.0,-0.141170473322625
U1216@DOM1,79,1.0,0.0,9,1.0,1.0,-0.141170473322625
U1088@DOM1,77,1.0,0.0,9,1.0,1.0,-0.141170473322625
U4158@DOM1,77,1.0,0.0,9,1.0,1.0,-0.141170473322625
U7094@DOM1,80,1.0,0.0,9,1.0,1.0,-0.141170473322625
U3339@DOM1,79,1.0,0.0,9,1.0,1.0,-0.141170473322625
U447@DOM1,78,1.0,0.0,9,1.0,1.0,-0.141170473322625
U3329@DOM1,80,1.0,0.0,9,1.0,1.0,-0.141170473322625
U423@DOM1,78,1.0,0.0,9,1.0,1.0,-0.141170473322625
U3441@DOM1,77,1.0,0.0,9,1.0,1.0,-0.141170473322625
U736@DOM1,79,1.0,0.0,9,1.0,1.0,-0.141170473322625
U3203@DOM1,78,1.0,0.0,9,1.0,1.0,-0.141170473322625
U2636@DOM1,77,1.0,0.0,9,1.0,1.0,-0.141170473322625
U1132@DOM1,77,1.0,0.0,9,1.0,1.0,-0.141170473322625
U5697@DOM1,80,1.0,0.0,9,1.0,1.0,-0.141170473322625
U9670@DOM1,78,1.0,0.0,9,1.0,1.0,-0.141170473322625
U636@DOM1,79,1.0,0.0,9,1.0,1.0,-0.141170473322625
U660@DOM1,79,1.0,0.0,9,1.0,1.0,-0.141170473322625
U8875@DOM1,77,1.0,0.0,9,1.0,1.0,-0.141170473322625
U5155@DOM1,78,1.0,0.0,9,1.0,1.0,-0.141170473322625
U9111@DOM1,79,1.0,0.0,9,1.0,1.0,-0.141170473322625
U2809@DOM1,77,1.0,0.0,9,1.0,1.0,-0.141170473322625
U7468@DOM1,78,1.0,0.0,9,1.0,1.0,-0.141170473322625
U3144@DOM1,79,1.0,0.0,9,1.0,1.0,-0.141170473322625
U857@DOM1,79,1.0,0.0,9,1.0,1.0,-0.141170473322625
U4120@DOM1,77,1.0,0.0,9,1.0,1.0,-0.141170473322625
U772@DOM1,78,1.0,0.0,9,1.0,1.0,-0.141170473322625
U5407@DOM1,77,1.0,0.0,9,1.0,1.0,-0.141170473322625
U529@DOM1,79,1.0,0.0,9,1.0,1.0,-0.141170473322625
U5494@DOM1,77,1.0,0.0,9,1.0,1.0,-0.141170473322625
U3806@DOM1,78,1.0,0.0,9,1.0,1.0,-0.141170473322625
C338$@DOM1,89,1.0,0.0,4,1.0,1.0,-0.14118087161497178
U1115@DOM1,89,1.0,0.0,4,1.0,1.0,-0.14118087161497178
U9495@DOM1,71,1.0,0.0,4,1.0,1.0,-0.14120495328526977
U326@DOM1,71,1.0,0.0,4,1.0,1.0,-0.14120495328526977
C14005$@DOM1,71,1.0,0.0,4,1.0,1.0,-0.14120495328526977
U2568@DOM1,71,1.0,0.0,4,1.0,1.0,-0.14120495328526977
U4961@DOM1,71,1.0,0.0,4,1.0,1.0,-0.14120495328526977
C6249$@DOM1,71,1.0,0.0,4,1.0,1.0,-0.14120495328526977
U2219@DOM1,71,1.0,0.0,4,1.0,1.0,-0.14120495328526977
C1398$@DOM1,116,1.0,0.0,6,1.0,0.9913793103448276,-0.1412106969598086
C1097$@DOM1,116,1.0,0.0,6,1.0,0.9913793103448276,-0.1412106969598086
C712$@DOM1,116,1.0,0.0,6,1.0,0.9913793103448276,-0.1412106969598086
C12959$@DOM1,116,1.0,0.0,6,1.0,0.9913793103448276,-0.1412106969598086
C5308$@DOM1,116,1.0,0.0,6,1.0,0.9913793103448276,-0.1412106969598086
U3873@DOM1,85,1.0,0.0,4,1.0,1.0,-0.14125126984384345
U5432@DOM1,86,1.0,0.0,4,1.0,1.0,-0.14125126984384345
C4112$@DOM1,85,1.0,0.0,4,1.0,1.0,-0.14125126984384345
U2599@DOM1,86,1.0,0.0,4,1.0,1.0,-0.14125126984384345
U1909@DOM1,85,1.0,0.0,4,1.0,1.0,-0.14125126984384345
U4367@DOM1,85,1.0,0.0,4,1.0,1.0,-0.14125126984384345
C11147$@DOM1,208,1.0,0.0,6,1.0,0.9951923076923077,-0.1412520073384222
U6146@DOM1,79,1.0,0.0,4,1.0,1.0,-0.1412644668149592
U4939@DOM1,79,1.0,0.0,4,1.0,1.0,-0.1412644668149592
U6180@DOM1,80,1.0,0.0,4,1.0,1.0,-0.1412644668149592
U8306@DOM1,80,1.0,0.0,4,1.0,1.0,-0.1412644668149592
U2998@DOM1,79,1.0,0.0,4,1.0,1.0,-0.1412644668149592
U5170@DOM1,79,1.0,0.0,4,1.0,1.0,-0.1412644668149592
C10464$@DOM1,116,1.0,0.0,7,1.0,0.9913793103448276,-0.141273045179088
C170$@DOM1,116,1.0,0.0,7,1.0,0.9913793103448276,-0.141273045179088
C17189$@DOM1,116,1.0,0.0,7,1.0,0.9913793103448276,-0.141273045179088
U7403@DOM1,77,1.0,0.0,4,1.0,1.0,-0.14128331647318843
U1897@DOM1,77,1.0,0.0,4,1.0,1.0,-0.14128331647318843
U3747@DOM1,77,1.0,0.0,4,1.0,1.0,-0.14128331647318843
U3869@DOM1,77,1.0,0.0,4,1.0,1.0,-0.14128331647318843
C15099$@DOM1,77,1.0,0.0,4,1.0,1.0,-0.14128331647318843
C18605$@DOM1,77,1.0,0.0,4,1.0,1.0,-0.14128331647318843
U7774@DOM1,26,1.0,0.0,6,1.0,1.0,-0.14129340285056408
U3214@DOM1,26,1.0,0.0,6,1.0,1.0,-0.14129340285056408
U6903@DOM1,88,1.0,0.0,4,1.0,1.0,-0.1413022371411764
C12919$@DOM1,88,1.0,0.0,4,1.0,1.0,-0.1413022371411764
C3495$@DOM1,88,1.0,0.0,4,1.0,1.0,-0.1413022371411764
C9194$@DOM1,78,1.0,0.0,4,1.0,1.0,-0.1413251405715561
U982@DOM1,78,1.0,0.0,4,1.0,1.0,-0.1413251405715561
U9893@DOM1,78,1.0,0.0,4,1.0,1.0,-0.1413251405715561
U9459@DOM1,78,1.0,0.0,4,1.0,1.0,-0.1413251405715561
U4284@DOM1,78,1.0,0.0,4,1.0,1.0,-0.1413251405715561
C7620$@DOM1,82,1.0,0.0,4,1.0,1.0,-0.1414237743932948
C2137$@DOM1,82,1.0,0.0,4,1.0,1.0,-0.1414237743932948
C3022$@DOM1,82,1.0,0.0,4,1.0,1.0,-0.1414237743932948
U2039@DOM1,82,1.0,0.0,4,1.0,1.0,-0.1414237743932948
C4159$@DOM1,82,1.0,0.0,4,1.0,1.0,-0.1414237743932948
U1277@DOM1,81,1.0,0.0,4,1.0,1.0,-0.1414237743932948
U2681@DOM1,81,1.0,0.0,4,1.0,1.0,-0.1414237743932948
C9990$@DOM1,227,1.0,0.0,8,1.0,1.0,-0.1414272103389277
C3263$@DOM1,227,1.0,0.0,8,1.0,1.0,-0.1414272103389277
C5212$@DOM1,90,1.0,0.0,4,1.0,1.0,-0.14143959128768685
C12672$@DOM1,90,1.0,0.0,4,1.0,1.0,-0.14143959128768685
C3763$@DOM1,75,1.0,0.0,4,1.0,1.0,-0.14145275306007205
U7023@DOM1,75,1.0,0.0,4,1.0,1.0,-0.14145275306007205
C5347$@DOM1,75,1.0,0.0,4,1.0,1.0,-0.14145275306007205
U1186@DOM1,75,1.0,0.0,4,1.0,1.0,-0.14145275306007205
U5136@DOM1,76,1.0,0.0,4,1.0,1.0,-0.14145275306007205
U2135@DOM1,76,1.0,0.0,4,1.0,1.0,-0.14145275306007205
C11127$@DOM1,76,1.0,0.0,4,1.0,1.0,-0.14145275306007205
C15829$@DOM1,75,1.0,0.0,4,1.0,1.0,-0.14145275306007205
U9258@DOM1,75,1.0,0.0,4,1.0,1.0,-0.14145275306007205
U228@DOM1,76,1.0,0.0,4,1.0,1.0,-0.14145275306007205
C165$@DOM1,186,1.0,0.0,8,1.0,0.9946236559139785,-0.14147571035513573
C19528$@DOM1,186,1.0,0.0,8,1.0,0.9946236559139785,-0.14147571035513573
C451$@DOM1,186,1.0,0.0,8,1.0,0.9946236559139785,-0.14147571035513573
C16715$@DOM1,186,1.0,0.0,8,1.0,0.9946236559139785,-0.14147571035513573
C13325$@DOM1,186,1.0,0.0,8,1.0,0.9946236559139785,-0.14147571035513573
C8429$@DOM1,186,1.0,0.0,8,1.0,0.9946236559139785,-0.14147571035513573
C10378$@DOM1,186,1.0,0.0,8,1.0,0.9946236559139785,-0.14147571035513573
C4639$@DOM1,186,1.0,0.0,8,1.0,0.9946236559139785,-0.14147571035513573
C1557$@DOM1,206,1.0,0.0,6,1.0,0.9951456310679612,-0.14147960126518005
C6939$@DOM1,206,1.0,0.0,6,1.0,0.9951456310679612,-0.14147960126518005
C7989$@DOM1,206,1.0,0.0,6,1.0,0.9951456310679612,-0.14147960126518005
U9544@DOM1,31,1.0,0.0,5,1.0,1.0,-0.14148691510036543
U1913@DOM1,31,1.0,0.0,5,1.0,1.0,-0.14148691510036543
U759@DOM1,31,1.0,0.0,5,1.0,1.0,-0.14148691510036543
U5916@DOM1,31,1.0,0.0,5,1.0,1.0,-0.14148691510036543
U5591@DOM1,74,1.0,0.0,4,1.0,1.0,-0.14153458312898737
U1032@DOM1,74,1.0,0.0,4,1.0,1.0,-0.14153458312898737
U1306@DOM1,74,1.0,0.0,4,1.0,1.0,-0.14153458312898737
U7008@DOM1,74,1.0,0.0,4,1.0,1.0,-0.14153458312898737
C5571$@DOM1,74,1.0,0.0,4,1.0,1.0,-0.14153458312898737
C7539$@DOM1,202,1.0,0.0,5,1.0,1.0,-0.14156812239954059
C3558$@DOM1,202,1.0,0.0,5,1.0,1.0,-0.14156812239954059
C7428$@DOM1,226,1.0,0.0,8,1.0,1.0,-0.14161840733421188
C1746$@DOM1,226,1.0,0.0,8,1.0,1.0,-0.14161840733421188
C12726$@DOM1,185,1.0,0.0,8,1.0,0.9945945945945946,-0.14163011402230624
C2086$@DOM1,185,1.0,0.0,8,1.0,0.9945945945945946,-0.14163011402230624
C9481$@DOM1,185,1.0,0.0,8,1.0,0.9945945945945946,-0.14163011402230624
C904$@DOM1,185,1.0,0.0,8,1.0,0.9945945945945946,-0.14163011402230624
C1179$@DOM1,185,1.0,0.0,8,1.0,0.9945945945945946,-0.14163011402230624
C3480$@DOM1,160,1.0,0.0,9,1.0,1.0,-0.14163463091241274
C19231$@DOM1,232,1.0,0.0,7,1.0,1.0,-0.1416365538887992
C1736$@DOM1,232,1.0,0.0,7,1.0,1.0,-0.1416365538887992
C1070$@DOM1,232,1.0,0.0,7,1.0,1.0,-0.1416365538887992
C1395$@DOM1,142,1.0,0.0,8,1.0,0.9929577464788732,-0.14164385054012468
C1824$@DOM1,142,1.0,0.0,8,1.0,0.9929577464788732,-0.14164385054012468
C10169$@DOM1,142,1.0,0.0,8,1.0,0.9929577464788732,-0.14164385054012468
C16218$@DOM1,142,1.0,0.0,8,1.0,0.9929577464788732,-0.14164385054012468
C13306$@DOM1,142,1.0,0.0,8,1.0,0.9929577464788732,-0.14164385054012468
C2504$@DOM1,142,1.0,0.0,8,1.0,0.9929577464788732,-0.14164385054012468
C6169$@DOM1,142,1.0,0.0,8,1.0,0.9929577464788732,-0.14164385054012468
C2823$@DOM1,159,1.0,0.0,4,1.0,1.0,-0.14164646618122223
C8484$@DOM1,159,1.0,0.0,4,1.0,1.0,-0.14164646618122223
C12625$@DOM1,159,1.0,0.0,4,1.0,1.0,-0.14164646618122223
C8761$@DOM1,159,1.0,0.0,4,1.0,1.0,-0.14164646618122223
C19073$@DOM1,159,1.0,0.0,4,1.0,1.0,-0.14164646618122223
C11881$@DOM1,91,1.0,0.0,4,1.0,1.0,-0.14165724569651483
C17135$@DOM1,91,1.0,0.0,4,1.0,1.0,-0.14165724569651483
U9586@DOM1,72,1.0,0.0,4,1.0,1.0,-0.14165935561508902
U5548@DOM1,72,1.0,0.0,4,1.0,1.0,-0.14165935561508902
U2119@DOM1,72,1.0,0.0,4,1.0,1.0,-0.14165935561508902
U2798@DOM1,72,1.0,0.0,4,1.0,1.0,-0.14165935561508902
C2796$@DOM1,162,1.0,0.0,9,1.0,1.0,-0.14170747757875896
C2363$@DOM1,161,1.0,0.0,9,1.0,1.0,-0.14170747757875896
C19137$@DOM1,92,1.0,0.0,4,1.0,1.0,-0.1417088629304427
C15544$@DOM1,92,1.0,0.0,4,1.0,1.0,-0.1417088629304427
U3655@DOM1,93,1.0,0.0,4,1.0,1.0,-0.1417088629304427
C13781$@DOM1,93,1.0,0.0,4,1.0,1.0,-0.1417088629304427
C4685$@DOM1,92,1.0,0.0,4,1.0,1.0,-0.1417088629304427
C16426$@DOM1,203,1.0,0.0,5,1.0,1.0,-0.1417091761061055
C17984$@DOM1,159,1.0,0.0,9,1.0,1.0,-0.1417600030274137
U7449@DOM1,159,1.0,0.0,9,1.0,1.0,-0.1417600030274137
C8333$@DOM1,115,1.0,0.0,9,1.0,1.0,-0.1417896138929316
U695@DOM1,115,1.0,0.0,9,1.0,1.0,-0.1417896138929316
U2791@DOM1,43,1.0,0.0,8,1.0,1.0,-0.1417969554568509
U3487@DOM1,43,1.0,0.0,8,1.0,1.0,-0.1417969554568509
U3563@DOM1,43,1.0,0.0,8,1.0,1.0,-0.1417969554568509
U3359@DOM1,43,1.0,0.0,8,1.0,1.0,-0.1417969554568509
U2261@DOM1,43,1.0,0.0,8,1.0,1.0,-0.1417969554568509
U9416@DOM1,43,1.0,0.0,8,1.0,1.0,-0.1417969554568509
U5650@DOM1,43,1.0,0.0,8,1.0,1.0,-0.1417969554568509
U9067@DOM1,42,1.0,0.0,8,1.0,1.0,-0.1417969554568509
U7831@DOM1,200,1.0,0.0,5,1.0,1.0,-0.1418099366534517
C5441$@DOM1,73,1.0,0.0,4,1.0,1.0,-0.14181300684893067
U7972@DOM1,73,1.0,0.0,4,1.0,1.0,-0.14181300684893067
U481@DOM1,73,1.0,0.0,4,1.0,1.0,-0.14181300684893067
U954@DOM1,73,1.0,0.0,4,1.0,1.0,-0.14181300684893067
U4340@DOM1,73,1.0,0.0,4,1.0,1.0,-0.14181300684893067
C2055$@DOM1,73,1.0,0.0,4,1.0,1.0,-0.14181300684893067
C20948$@DOM1,205,1.0,0.0,6,1.0,0.9951219512195122,-0.1418135102283571
C19142$@DOM1,225,1.0,0.0,8,1.0,1.0,-0.14184885103754635
C15064$@DOM1,224,1.0,0.0,8,1.0,1.0,-0.14184885103754635
C20307$@DOM1,224,1.0,0.0,8,1.0,1.0,-0.14184885103754635
C1413$@DOM1,225,1.0,0.0,8,1.0,1.0,-0.14184885103754635
C12347$@DOM1,201,1.0,0.0,5,1.0,1.0,-0.14185239350956136
C7151$@DOM1,201,1.0,0.0,5,1.0,1.0,-0.14185239350956136
C2067$@DOM1,204,1.0,0.0,6,1.0,0.9950980392156863,-0.14186323679432145
C746$@DOM1,204,1.0,0.0,6,1.0,0.9950980392156863,-0.14186323679432145
C363$@DOM1,223,1.0,0.0,8,1.0,1.0,-0.1418954863133351
C19197$@DOM1,222,1.0,0.0,8,1.0,1.0,-0.1419472708258941
C6027$@DOM1,158,1.0,0.0,4,1.0,1.0,-0.14198536618683577
C10223$@DOM1,158,1.0,0.0,4,1.0,1.0,-0.14198536618683577
U3895@DOM1,32,1.0,0.0,5,1.0,1.0,-0.14199175547259757
C1734$@DOM1,144,1.0,0.0,8,1.0,0.9930555555555556,-0.14199514897346438
C1251$@DOM1,144,1.0,0.0,8,1.0,0.9930555555555556,-0.14199514897346438
C873$@DOM1,144,1.0,0.0,8,1.0,0.9930555555555556,-0.14199514897346438
C21802$@DOM1,144,1.0,0.0,8,1.0,0.9930555555555556,-0.14199514897346438
C10275$@DOM1,144,1.0,0.0,8,1.0,0.9930555555555556,-0.14199514897346438
C90$@DOM1,144,1.0,0.0,8,1.0,0.9930555555555556,-0.14199514897346438
C7575$@DOM1,144,1.0,0.0,8,1.0,0.9930555555555556,-0.14199514897346438
U988@DOM1,157,1.0,0.0,9,1.0,1.0,-0.1420159699280275
C3071$@DOM1,158,1.0,0.0,9,1.0,1.0,-0.1420159699280275
C1571$@DOM1,157,1.0,0.0,9,1.0,1.0,-0.1420159699280275
C5119$@DOM1,158,1.0,0.0,9,1.0,1.0,-0.1420159699280275
C9134$@DOM1,158,1.0,0.0,9,1.0,1.0,-0.1420159699280275
C7529$@DOM1,94,1.0,0.0,4,1.0,1.0,-0.14203585922078826
C16364$@DOM1,94,1.0,0.0,4,1.0,1.0,-0.14203585922078826
C17353$@DOM1,228,1.0,0.0,6,1.0,1.0,-0.14203971818195038
U4813@DOM1,116,1.0,0.0,9,1.0,1.0,-0.1420531251685438
U1271@DOM1,116,1.0,0.0,9,1.0,1.0,-0.1420531251685438
U8763@DOM1,116,1.0,0.0,9,1.0,1.0,-0.1420531251685438
U7745@DOM1,116,1.0,0.0,9,1.0,1.0,-0.1420531251685438
U4548@DOM1,116,1.0,0.0,9,1.0,1.0,-0.1420531251685438
C4749$@DOM1,116,1.0,0.0,9,1.0,1.0,-0.1420531251685438
U9458@DOM1,116,1.0,0.0,9,1.0,1.0,-0.1420531251685438
C84$@DOM1,143,1.0,0.0,8,1.0,0.993006993006993,-0.14206872564823808
C7660$@DOM1,143,1.0,0.0,8,1.0,0.993006993006993,-0.14206872564823808
C12339$@DOM1,143,1.0,0.0,8,1.0,0.993006993006993,-0.14206872564823808
C8104$@DOM1,143,1.0,0.0,8,1.0,0.993006993006993,-0.14206872564823808
C54$@DOM1,143,1.0,0.0,8,1.0,0.993006993006993,-0.14206872564823808
C9904$@DOM1,143,1.0,0.0,8,1.0,0.993006993006993,-0.14206872564823808
C260$@DOM1,143,1.0,0.0,8,1.0,0.993006993006993,-0.14206872564823808
C18773$@DOM1,157,1.0,0.0,4,1.0,1.0,-0.14208035311764378
C14181$@DOM1,157,1.0,0.0,4,1.0,1.0,-0.14208035311764378
C12109$@DOM1,157,1.0,0.0,4,1.0,1.0,-0.14208035311764378
C19578$@DOM1,215,1.0,0.0,7,1.0,0.9953488372093023,-0.1421022581686892
C1577$@DOM1,200,1.0,0.0,6,1.0,0.995,-0.1421732264876825
C6273$@DOM1,200,1.0,0.0,6,1.0,0.995,-0.1421732264876825
U2435@DOM1,231,1.0,0.0,7,1.0,1.0,-0.14221638565352335
C19042$@DOM1,231,1.0,0.0,7,1.0,1.0,-0.14221638565352335
C3058$@DOM1,231,1.0,0.0,7,1.0,1.0,-0.14221638565352335
C11710$@DOM1,146,1.0,0.0,8,1.0,0.9931506849315068,-0.14221749970569675
C1545$@DOM1,146,1.0,0.0,8,1.0,0.9931506849315068,-0.14221749970569675
C128$@DOM1,146,1.0,0.0,8,1.0,0.9931506849315068,-0.14221749970569675
C15944$@DOM1,95,1.0,0.0,4,1.0,1.0,-0.14224919987191031
C10690$@DOM1,95,1.0,0.0,4,1.0,1.0,-0.14224919987191031
C18867$@DOM1,95,1.0,0.0,4,1.0,1.0,-0.14224919987191031
C9464$@DOM1,95,1.0,0.0,4,1.0,1.0,-0.14224919987191031
C920$@DOM1,202,1.0,0.0,6,1.0,0.995049504950495,-0.14224933060917694
C1420$@DOM1,202,1.0,0.0,6,1.0,0.995049504950495,-0.14224933060917694
U7138@DOM1,33,1.0,0.0,5,1.0,1.0,-0.1422925882166794
U4678@DOM1,33,1.0,0.0,5,1.0,1.0,-0.1422925882166794
U2759@DOM1,33,1.0,0.0,5,1.0,1.0,-0.1422925882166794
U7141@DOM1,33,1.0,0.0,5,1.0,1.0,-0.1422925882166794
U1403@DOM1,33,1.0,0.0,5,1.0,1.0,-0.1422925882166794
C15020$@DOM1,96,1.0,0.0,4,1.0,1.0,-0.14232225452922437
C10171$@DOM1,96,1.0,0.0,4,1.0,1.0,-0.14232225452922437
C311$@DOM1,183,1.0,0.0,8,1.0,0.994535519125683,-0.14240799612971322
C11607$@DOM1,183,1.0,0.0,8,1.0,0.994535519125683,-0.14240799612971322
C1988$@DOM1,155,1.0,0.0,9,1.0,1.0,-0.14240992834864868
C8876$@DOM1,145,1.0,0.0,8,1.0,0.993103448275862,-0.14243069246014972
C2751$@DOM1,145,1.0,0.0,8,1.0,0.993103448275862,-0.14243069246014972
C20351$@DOM1,145,1.0,0.0,8,1.0,0.993103448275862,-0.14243069246014972
C410$@DOM1,145,1.0,0.0,8,1.0,0.993103448275862,-0.14243069246014972
C5628$@DOM1,145,1.0,0.0,8,1.0,0.993103448275862,-0.14243069246014972
C1383$@DOM1,152,1.0,0.0,8,1.0,0.993421052631579,-0.14243112482742298
C154$@DOM1,201,1.0,0.0,6,1.0,0.9950248756218906,-0.1424725920316388
C20980$@DOM1,201,1.0,0.0,6,1.0,0.9950248756218906,-0.1424725920316388
C1802$@DOM1,227,1.0,0.0,6,1.0,1.0,-0.14250404151166612
C16656$@DOM1,227,1.0,0.0,6,1.0,1.0,-0.14250404151166612
C17920$@DOM1,182,1.0,0.0,8,1.0,0.9945054945054945,-0.14252314413937317
C3738$@DOM1,182,1.0,0.0,8,1.0,0.9945054945054945,-0.14252314413937317
C6339$@DOM1,156,1.0,0.0,4,1.0,1.0,-0.14254046060157305
C4038$@DOM1,156,1.0,0.0,4,1.0,1.0,-0.14254046060157305
C2911$@DOM1,156,1.0,0.0,4,1.0,1.0,-0.14254046060157305
C9209$@DOM1,156,1.0,0.0,4,1.0,1.0,-0.14254046060157305
C552$@DOM1,179,1.0,0.0,8,1.0,0.994413407821229,-0.14257195120476757
C19507$@DOM1,179,1.0,0.0,8,1.0,0.994413407821229,-0.14257195120476757
C11011$@DOM1,179,1.0,0.0,8,1.0,0.994413407821229,-0.14257195120476757
C6211$@DOM1,179,1.0,0.0,8,1.0,0.994413407821229,-0.14257195120476757
C11652$@DOM1,179,1.0,0.0,8,1.0,0.994413407821229,-0.14257195120476757
C15362$@DOM1,179,1.0,0.0,8,1.0,0.994413407821229,-0.14257195120476757
C1270$@DOM1,181,1.0,0.0,8,1.0,0.994475138121547,-0.14257821845975
C12389$@DOM1,181,1.0,0.0,8,1.0,0.994475138121547,-0.14257821845975
C18155$@DOM1,181,1.0,0.0,8,1.0,0.994475138121547,-0.14257821845975
C2044$@DOM1,181,1.0,0.0,8,1.0,0.994475138121547,-0.14257821845975
C6157$@DOM1,139,1.0,0.0,9,1.0,1.0,-0.14259486999266646
C4511$@DOM1,139,1.0,0.0,9,1.0,1.0,-0.14259486999266646
U4014@DOM1,139,1.0,0.0,9,1.0,1.0,-0.14259486999266646
U5406@DOM1,140,1.0,0.0,9,1.0,1.0,-0.14259486999266646
C20567$@DOM1,140,1.0,0.0,9,1.0,1.0,-0.14259486999266646
U6110@DOM1,140,1.0,0.0,9,1.0,1.0,-0.14259486999266646
U4404@DOM1,199,1.0,0.0,5,1.0,1.0,-0.14260378507495808
U5465@DOM1,199,1.0,0.0,5,1.0,1.0,-0.14260378507495808
C21478$@DOM1,155,1.0,0.0,8,1.0,0.9935483870967742,-0.1426055450433436
C19863$@DOM1,155,1.0,0.0,8,1.0,0.9935483870967742,-0.1426055450433436
C236$@DOM1,184,1.0,0.0,8,1.0,0.9945652173913043,-0.14261295152537462
C18984$@DOM1,184,1.0,0.0,8,1.0,0.9945652173913043,-0.14261295152537462
C13188$@DOM1,149,1.0,0.0,8,1.0,0.9932885906040269,-0.14261693181736473
C19268$@DOM1,149,1.0,0.0,8,1.0,0.9932885906040269,-0.14261693181736473
C748$@DOM1,149,1.0,0.0,8,1.0,0.9932885906040269,-0.14261693181736473
C789$@DOM1,177,1.0,0.0,8,1.0,0.9943502824858758,-0.14261935064702314
C9404$@DOM1,177,1.0,0.0,8,1.0,0.9943502824858758,-0.14261935064702314
C11105$@DOM1,178,1.0,0.0,8,1.0,0.9943820224719101,-0.14261935064702314
C7718$@DOM1,178,1.0,0.0,8,1.0,0.9943820224719101,-0.14261935064702314
C3844$@DOM1,177,1.0,0.0,8,1.0,0.9943502824858758,-0.14261935064702314
U544@DOM1,44,1.0,0.0,8,1.0,1.0,-0.14266360023452324
U567@DOM1,44,1.0,0.0,8,1.0,1.0,-0.14266360023452324
U6273@DOM1,44,1.0,0.0,8,1.0,1.0,-0.14266360023452324
U3442@DOM1,132,1.0,0.0,9,1.0,1.0,-0.14268692755205947
U8294@DOM1,132,1.0,0.0,9,1.0,1.0,-0.14268692755205947
U1139@DOM1,132,1.0,0.0,9,1.0,1.0,-0.14268692755205947
U3693@DOM1,142,1.0,0.0,9,1.0,1.0,-0.14269348520143776
C7249$@DOM1,147,1.0,0.0,8,1.0,0.9931972789115646,-0.1427021280861578
C7986$@DOM1,147,1.0,0.0,8,1.0,0.9931972789115646,-0.1427021280861578
C1127$@DOM1,199,1.0,0.0,6,1.0,0.9949748743718593,-0.14271756001703573
C15690$@DOM1,199,1.0,0.0,6,1.0,0.9949748743718593,-0.14271756001703573
C21176$@DOM1,199,1.0,0.0,6,1.0,0.9949748743718593,-0.14271756001703573
C995$@DOM1,176,1.0,0.0,8,1.0,0.9943181818181818,-0.1427241929344255
C1265$@DOM1,176,1.0,0.0,8,1.0,0.9943181818181818,-0.1427241929344255
C11260$@DOM1,176,1.0,0.0,8,1.0,0.9943181818181818,-0.1427241929344255
C19477$@DOM1,176,1.0,0.0,8,1.0,0.9943181818181818,-0.1427241929344255
C405$@DOM1,176,1.0,0.0,8,1.0,0.9943181818181818,-0.1427241929344255
C6257$@DOM1,176,1.0,0.0,8,1.0,0.9943181818181818,-0.1427241929344255
C635$@DOM1,176,1.0,0.0,8,1.0,0.9943181818181818,-0.1427241929344255
C11998$@DOM1,103,1.0,0.0,4,1.0,1.0,-0.14275955336813223
C11157$@DOM1,103,1.0,0.0,4,1.0,1.0,-0.14275955336813223
C9925$@DOM1,103,1.0,0.0,4,1.0,1.0,-0.14275955336813223
C432$@DOM1,136,1.0,0.0,9,1.0,1.0,-0.14276085200260036
C15262$@DOM1,151,1.0,0.0,8,1.0,0.9933774834437086,-0.14281422637505065
C6203$@DOM1,151,1.0,0.0,8,1.0,0.9933774834437086,-0.14281422637505065
C884$@DOM1,151,1.0,0.0,8,1.0,0.9933774834437086,-0.14281422637505065
C931$@DOM1,151,1.0,0.0,8,1.0,0.9933774834437086,-0.14281422637505065
C19938$@DOM1,151,1.0,0.0,8,1.0,0.9933774834437086,-0.14281422637505065
C18077$@DOM1,133,1.0,0.0,9,1.0,1.0,-0.14282182683054578
C19424$@DOM1,133,1.0,0.0,9,1.0,1.0,-0.14282182683054578
C5547$@DOM1,133,1.0,0.0,9,1.0,1.0,-0.14282182683054578
U98@DOM1,133,1.0,0.0,9,1.0,1.0,-0.14282182683054578
C3863$@DOM1,149,1.0,0.0,9,1.0,1.0,-0.14282343813474757
C400$@DOM1,149,1.0,0.0,9,1.0,1.0,-0.14282343813474757
U9452@DOM1,34,1.0,0.0,5,1.0,1.0,-0.14282765371422984
U5056@DOM1,34,1.0,0.0,5,1.0,1.0,-0.14282765371422984
U6190@DOM1,34,1.0,0.0,5,1.0,1.0,-0.14282765371422984
U7619@DOM1,34,1.0,0.0,5,1.0,1.0,-0.14282765371422984
U7615@DOM1,34,1.0,0.0,5,1.0,1.0,-0.14282765371422984
C9218$@DOM1,144,1.0,0.0,9,1.0,1.0,-0.1428360292360787
C2740$@DOM1,144,1.0,0.0,9,1.0,1.0,-0.1428360292360787
C19946$@DOM1,144,1.0,0.0,9,1.0,1.0,-0.1428360292360787
C2957$@DOM1,213,1.0,0.0,7,1.0,0.9953051643192489,-0.14284890804414224
C6407$@DOM1,213,1.0,0.0,7,1.0,0.9953051643192489,-0.14284890804414224
C7071$@DOM1,213,1.0,0.0,7,1.0,0.9953051643192489,-0.14284890804414224
C2535$@DOM1,154,1.0,0.0,8,1.0,0.9935064935064936,-0.1428549511166457
C1666$@DOM1,225,1.0,0.0,6,1.0,1.0,-0.14285913155130847
C14638$@DOM1,225,1.0,0.0,6,1.0,1.0,-0.14285913155130847
C8732$@DOM1,180,1.0,0.0,8,1.0,0.9944444444444445,-0.14287342781203444
C20269$@DOM1,180,1.0,0.0,8,1.0,0.9944444444444445,-0.14287342781203444
C9114$@DOM1,180,1.0,0.0,8,1.0,0.9944444444444445,-0.14287342781203444
C20250$@DOM1,97,1.0,0.0,4,1.0,1.0,-0.1428737035839832
C12364$@DOM1,97,1.0,0.0,4,1.0,1.0,-0.1428737035839832
C5961$@DOM1,156,1.0,0.0,8,1.0,0.9935897435897436,-0.14292992955365058
C20315$@DOM1,156,1.0,0.0,8,1.0,0.9935897435897436,-0.14292992955365058
U2651@DOM1,143,1.0,0.0,9,1.0,1.0,-0.14294034916113385
C3997$@DOM1,98,1.0,0.0,4,1.0,1.0,-0.14294297986021248
C15089$@DOM1,98,1.0,0.0,4,1.0,1.0,-0.14294297986021248
C3368$@DOM1,98,1.0,0.0,4,1.0,1.0,-0.14294297986021248
C11932$@DOM1,98,1.0,0.0,4,1.0,1.0,-0.14294297986021248
C11762$@DOM1,98,1.0,0.0,4,1.0,1.0,-0.14294297986021248
C5283$@DOM1,98,1.0,0.0,4,1.0,1.0,-0.14294297986021248
C13612$@DOM1,98,1.0,0.0,4,1.0,1.0,-0.14294297986021248
C1054$@DOM1,146,1.0,0.0,9,1.0,1.0,-0.14294604547357354
C4347$@DOM1,146,1.0,0.0,9,1.0,1.0,-0.14294604547357354
U3294@DOM1,146,1.0,0.0,9,1.0,1.0,-0.14294604547357354
C19376$@DOM1,134,1.0,0.0,9,1.0,1.0,-0.14295681654288828
C8045$@DOM1,221,1.0,0.0,8,1.0,1.0,-0.14296262627332684
C893$@DOM1,150,1.0,0.0,8,1.0,0.9933333333333333,-0.14297318793485225
C169$@DOM1,150,1.0,0.0,8,1.0,0.9933333333333333,-0.14297318793485225
C1368$@DOM1,150,1.0,0.0,8,1.0,0.9933333333333333,-0.14297318793485225
C15457$@DOM1,150,1.0,0.0,8,1.0,0.9933333333333333,-0.14297318793485225
C130$@DOM1,150,1.0,0.0,8,1.0,0.9933333333333333,-0.14297318793485225
C12490$@DOM1,150,1.0,0.0,8,1.0,0.9933333333333333,-0.14297318793485225
C1211$@DOM1,154,1.0,0.0,9,1.0,1.0,-0.14299383049675085
C10470$@DOM1,154,1.0,0.0,9,1.0,1.0,-0.14299383049675085
U569@DOM1,154,1.0,0.0,9,1.0,1.0,-0.14299383049675085
C1301$@DOM1,152,1.0,0.0,9,1.0,1.0,-0.14300387507973922
C11200$@DOM1,152,1.0,0.0,9,1.0,1.0,-0.14300387507973922
C15548$@DOM1,152,1.0,0.0,9,1.0,1.0,-0.14300387507973922
C15171$@DOM1,152,1.0,0.0,9,1.0,1.0,-0.14300387507973922
U197@DOM1,122,1.0,0.0,9,1.0,1.0,-0.14301362183037103
U2510@DOM1,122,1.0,0.0,9,1.0,1.0,-0.14301362183037103
C7046$@DOM1,148,1.0,0.0,8,1.0,0.9932432432432432,-0.14301801081030519
C6075$@DOM1,148,1.0,0.0,8,1.0,0.9932432432432432,-0.14301801081030519
C7016$@DOM1,148,1.0,0.0,8,1.0,0.9932432432432432,-0.14301801081030519
C823$@DOM1,148,1.0,0.0,8,1.0,0.9932432432432432,-0.14301801081030519
C8344$@DOM1,148,1.0,0.0,8,1.0,0.9932432432432432,-0.14301801081030519
C164$@DOM1,148,1.0,0.0,8,1.0,0.9932432432432432,-0.14301801081030519
C192$@DOM1,148,1.0,0.0,8,1.0,0.9932432432432432,-0.14301801081030519
C19341$@DOM1,155,1.0,0.0,4,1.0,1.0,-0.14305855168000703
C6355$@DOM1,155,1.0,0.0,4,1.0,1.0,-0.14305855168000703
C12141$@DOM1,155,1.0,0.0,4,1.0,1.0,-0.14305855168000703
U6336@DOM1,127,1.0,0.0,9,1.0,1.0,-0.1430612362142762
U976@DOM1,127,1.0,0.0,9,1.0,1.0,-0.1430612362142762
U6144@DOM1,27,1.0,0.0,6,1.0,1.0,-0.1430664000278729
U7754@DOM1,27,1.0,0.0,6,1.0,1.0,-0.1430664000278729
C8797$@DOM1,138,1.0,0.0,9,1.0,1.0,-0.143066987850393
U132@DOM1,138,1.0,0.0,9,1.0,1.0,-0.143066987850393
U576@DOM1,138,1.0,0.0,9,1.0,1.0,-0.143066987850393
U9277@DOM1,124,1.0,0.0,9,1.0,1.0,-0.14307506974368045
C1131$@DOM1,174,1.0,0.0,8,1.0,0.9942528735632183,-0.14308808007924795
C329$@DOM1,174,1.0,0.0,8,1.0,0.9942528735632183,-0.14308808007924795
C6287$@DOM1,174,1.0,0.0,8,1.0,0.9942528735632183,-0.14308808007924795
C16803$@DOM1,174,1.0,0.0,8,1.0,0.9942528735632183,-0.14308808007924795
C9929$@DOM1,174,1.0,0.0,8,1.0,0.9942528735632183,-0.14308808007924795
C1255$@DOM1,210,1.0,0.0,7,1.0,0.9952380952380953,-0.143092153370534
C543$@DOM1,210,1.0,0.0,7,1.0,0.9952380952380953,-0.143092153370534
C662$@DOM1,175,1.0,0.0,8,1.0,0.9942857142857143,-0.14310914823280985
C12973$@DOM1,175,1.0,0.0,8,1.0,0.9942857142857143,-0.14310914823280985
C4118$@DOM1,175,1.0,0.0,8,1.0,0.9942857142857143,-0.14310914823280985
C4262$@DOM1,175,1.0,0.0,8,1.0,0.9942857142857143,-0.14310914823280985
C913$@DOM1,175,1.0,0.0,8,1.0,0.9942857142857143,-0.14310914823280985
C187$@DOM1,175,1.0,0.0,8,1.0,0.9942857142857143,-0.14310914823280985
C9303$@DOM1,104,1.0,0.0,4,1.0,1.0,-0.14310977288276194
C18591$@DOM1,104,1.0,0.0,4,1.0,1.0,-0.14310977288276194
C2483$@DOM1,104,1.0,0.0,4,1.0,1.0,-0.14310977288276194
C4330$@DOM1,104,1.0,0.0,4,1.0,1.0,-0.14310977288276194
C4709$@DOM1,104,1.0,0.0,4,1.0,1.0,-0.14310977288276194
C2963$@DOM1,104,1.0,0.0,4,1.0,1.0,-0.14310977288276194
C18937$@DOM1,104,1.0,0.0,4,1.0,1.0,-0.14310977288276194
C10770$@DOM1,104,1.0,0.0,4,1.0,1.0,-0.14310977288276194
U916@DOM1,117,1.0,0.0,9,1.0,1.0,-0.14311408284070193
U6115@DOM1,117,1.0,0.0,9,1.0,1.0,-0.14311408284070193
C364$@DOM1,172,1.0,0.0,8,1.0,0.9941860465116279,-0.14311559216046
C7188$@DOM1,172,1.0,0.0,8,1.0,0.9941860465116279,-0.14311559216046
C591$@DOM1,172,1.0,0.0,8,1.0,0.9941860465116279,-0.14311559216046
C19396$@DOM1,172,1.0,0.0,8,1.0,0.9941860465116279,-0.14311559216046
U4407@DOM1,121,1.0,0.0,9,1.0,1.0,-0.1431186806630695
U7039@DOM1,121,1.0,0.0,9,1.0,1.0,-0.1431186806630695
U4772@DOM1,121,1.0,0.0,9,1.0,1.0,-0.1431186806630695
U3526@DOM1,121,1.0,0.0,9,1.0,1.0,-0.1431186806630695
U7626@DOM1,126,1.0,0.0,9,1.0,1.0,-0.14312160607917823
U9384@DOM1,126,1.0,0.0,9,1.0,1.0,-0.14312160607917823
U2453@DOM1,126,1.0,0.0,9,1.0,1.0,-0.14312160607917823
C10499$@DOM1,153,1.0,0.0,8,1.0,0.9934640522875817,-0.14312897316660383
C10890$@DOM1,153,1.0,0.0,8,1.0,0.9934640522875817,-0.14312897316660383
C13787$@DOM1,153,1.0,0.0,8,1.0,0.9934640522875817,-0.14312897316660383
C16811$@DOM1,212,1.0,0.0,7,1.0,0.9952830188679245,-0.14313100411152435
C15371$@DOM1,212,1.0,0.0,7,1.0,0.9952830188679245,-0.14313100411152435
C1422$@DOM1,214,1.0,0.0,7,1.0,0.9953271028037384,-0.14316335272286074
C360$@DOM1,214,1.0,0.0,7,1.0,0.9953271028037384,-0.14316335272286074
C7054$@DOM1,214,1.0,0.0,7,1.0,0.9953271028037384,-0.14316335272286074
C1543$@DOM1,214,1.0,0.0,7,1.0,0.9953271028037384,-0.14316335272286074
U6677@DOM1,224,1.0,0.0,6,1.0,1.0,-0.14316349039467435
C2209$@DOM1,137,1.0,0.0,9,1.0,1.0,-0.14316656972052222
U4300@DOM1,123,1.0,0.0,9,1.0,1.0,-0.14317221021261556
U3266@DOM1,123,1.0,0.0,9,1.0,1.0,-0.14317221021261556
NETWORK SERVICE@C9030,5,1.0,0.0,1,1.0,1.0,-0.14320645444045138
NETWORK SERVICE@C8976,5,1.0,0.0,1,1.0,1.0,-0.14320645444045138
NETWORK SERVICE@C8951,5,1.0,0.0,1,1.0,1.0,-0.14320645444045138
NETWORK SERVICE@C8939,5,1.0,0.0,1,1.0,1.0,-0.14320645444045138
NETWORK SERVICE@C8914,5,1.0,0.0,1,1.0,1.0,-0.14320645444045138
NETWORK SERVICE@C9128,5,1.0,0.0,1,1.0,1.0,-0.14320645444045138
NETWORK SERVICE@C9110,5,1.0,0.0,1,1.0,1.0,-0.14320645444045138
NETWORK SERVICE@C9099,5,1.0,0.0,1,1.0,1.0,-0.14320645444045138
ANONYMOUS LOGON@C2480,5,1.0,0.0,1,1.0,1.0,-0.14320645444045138
ANONYMOUS LOGON@C2463,5,1.0,0.0,1,1.0,1.0,-0.14320645444045138
NETWORK SERVICE@C9080,5,1.0,0.0,1,1.0,1.0,-0.14320645444045138
NETWORK SERVICE@C9079,5,1.0,0.0,1,1.0,1.0,-0.14320645444045138
NETWORK SERVICE@C9044,5,1.0,0.0,1,1.0,1.0,-0.14320645444045138
LOCAL SERVICE@C4541,5,1.0,0.0,1,1.0,1.0,-0.14320645444045138
NETWORK SERVICE@C14223,5,1.0,0.0,1,1.0,1.0,-0.14320645444045138
LOCAL SERVICE@C4032,5,1.0,0.0,1,1.0,1.0,-0.14320645444045138
LOCAL SERVICE@C4018,5,1.0,0.0,1,1.0,1.0,-0.14320645444045138
LOCAL SERVICE@C4381,5,1.0,0.0,1,1.0,1.0,-0.14320645444045138
NETWORK SERVICE@C8765,5,1.0,0.0,1,1.0,1.0,-0.14320645444045138
NETWORK SERVICE@C8738,5,1.0,0.0,1,1.0,1.0,-0.14320645444045138
NETWORK SERVICE@C8704,5,1.0,0.0,1,1.0,1.0,-0.14320645444045138
NETWORK SERVICE@C8688,5,1.0,0.0,1,1.0,1.0,-0.14320645444045138
NETWORK SERVICE@C8912,5,1.0,0.0,1,1.0,1.0,-0.14320645444045138
NETWORK SERVICE@C8905,5,1.0,0.0,1,1.0,1.0,-0.14320645444045138
NETWORK SERVICE@C8895,5,1.0,0.0,1,1.0,1.0,-0.14320645444045138
NETWORK SERVICE@C14366,5,1.0,0.0,1,1.0,1.0,-0.14320645444045138
NETWORK SERVICE@C14349,5,1.0,0.0,1,1.0,1.0,-0.14320645444045138
NETWORK SERVICE@C14339,5,1.0,0.0,1,1.0,1.0,-0.14320645444045138
NETWORK SERVICE@C14298,5,1.0,0.0,1,1.0,1.0,-0.14320645444045138
NETWORK SERVICE@C14292,5,1.0,0.0,1,1.0,1.0,-0.14320645444045138
LOCAL SERVICE@C4212,5,1.0,0.0,1,1.0,1.0,-0.14320645444045138
NETWORK SERVICE@C14655,5,1.0,0.0,1,1.0,1.0,-0.14320645444045138
NETWORK SERVICE@C14595,5,1.0,0.0,1,1.0,1.0,-0.14320645444045138
NETWORK SERVICE@C14561,5,1.0,0.0,1,1.0,1.0,-0.14320645444045138
NETWORK SERVICE@C14249,5,1.0,0.0,1,1.0,1.0,-0.14320645444045138
NETWORK SERVICE@C14542,5,1.0,0.0,1,1.0,1.0,-0.14320645444045138
NETWORK SERVICE@C14506,5,1.0,0.0,1,1.0,1.0,-0.14320645444045138
NETWORK SERVICE@C14449,5,1.0,0.0,1,1.0,1.0,-0.14320645444045138
LOCAL SERVICE@C3650,5,1.0,0.0,1,1.0,1.0,-0.14320645444045138
NETWORK SERVICE@C8567,5,1.0,0.0,1,1.0,1.0,-0.14320645444045138
NETWORK SERVICE@C8542,5,1.0,0.0,1,1.0,1.0,-0.14320645444045138
NETWORK SERVICE@C8504,5,1.0,0.0,1,1.0,1.0,-0.14320645444045138
NETWORK SERVICE@C8503,5,1.0,0.0,1,1.0,1.0,-0.14320645444045138
NETWORK SERVICE@C8893,5,1.0,0.0,1,1.0,1.0,-0.14320645444045138
NETWORK SERVICE@C8875,5,1.0,0.0,1,1.0,1.0,-0.14320645444045138
NETWORK SERVICE@C8865,5,1.0,0.0,1,1.0,1.0,-0.14320645444045138
NETWORK SERVICE@C8855,5,1.0,0.0,1,1.0,1.0,-0.14320645444045138
NETWORK SERVICE@C8818,5,1.0,0.0,1,1.0,1.0,-0.14320645444045138
NETWORK SERVICE@C8806,5,1.0,0.0,1,1.0,1.0,-0.14320645444045138
NETWORK SERVICE@C8793,5,1.0,0.0,1,1.0,1.0,-0.14320645444045138
LOCAL SERVICE@C4377,5,1.0,0.0,1,1.0,1.0,-0.14320645444045138
NETWORK SERVICE@C3159,5,1.0,0.0,1,1.0,1.0,-0.14320645444045138
NETWORK SERVICE@C3137,5,1.0,0.0,1,1.0,1.0,-0.14320645444045138
NETWORK SERVICE@C3117,5,1.0,0.0,1,1.0,1.0,-0.14320645444045138
NETWORK SERVICE@C3114,5,1.0,0.0,1,1.0,1.0,-0.14320645444045138
NETWORK SERVICE@C3790,5,1.0,0.0,1,1.0,1.0,-0.14320645444045138
NETWORK SERVICE@C3778,5,1.0,0.0,1,1.0,1.0,-0.14320645444045138
NETWORK SERVICE@C3772,5,1.0,0.0,1,1.0,1.0,-0.14320645444045138
NETWORK SERVICE@C3770,5,1.0,0.0,1,1.0,1.0,-0.14320645444045138
NETWORK SERVICE@C3765,5,1.0,0.0,1,1.0,1.0,-0.14320645444045138
NETWORK SERVICE@C15216,5,1.0,0.0,1,1.0,1.0,-0.14320645444045138
NETWORK SERVICE@C15128,5,1.0,0.0,1,1.0,1.0,-0.14320645444045138
NETWORK SERVICE@C15104,5,1.0,0.0,1,1.0,1.0,-0.14320645444045138
NETWORK SERVICE@C15010,5,1.0,0.0,1,1.0,1.0,-0.14320645444045138
NETWORK SERVICE@C8675,5,1.0,0.0,1,1.0,1.0,-0.14320645444045138
NETWORK SERVICE@C8666,5,1.0,0.0,1,1.0,1.0,-0.14320645444045138
NETWORK SERVICE@C8647,5,1.0,0.0,1,1.0,1.0,-0.14320645444045138
NETWORK SERVICE@C8639,5,1.0,0.0,1,1.0,1.0,-0.14320645444045138
NETWORK SERVICE@C8631,5,1.0,0.0,1,1.0,1.0,-0.14320645444045138
NETWORK SERVICE@C14926,5,1.0,0.0,1,1.0,1.0,-0.14320645444045138
NETWORK SERVICE@C14792,5,1.0,0.0,1,1.0,1.0,-0.14320645444045138
NETWORK SERVICE@C7861,5,1.0,0.0,1,1.0,1.0,-0.14320645444045138
NETWORK SERVICE@C8466,5,1.0,0.0,1,1.0,1.0,-0.14320645444045138
NETWORK SERVICE@C8439,5,1.0,0.0,1,1.0,1.0,-0.14320645444045138
NETWORK SERVICE@C8418,5,1.0,0.0,1,1.0,1.0,-0.14320645444045138
NETWORK SERVICE@C8393,5,1.0,0.0,1,1.0,1.0,-0.14320645444045138
NETWORK SERVICE@C8333,5,1.0,0.0,1,1.0,1.0,-0.14320645444045138
NETWORK SERVICE@C8318,5,1.0,0.0,1,1.0,1.0,-0.14320645444045138
NETWORK SERVICE@C8297,5,1.0,0.0,1,1.0,1.0,-0.14320645444045138
NETWORK SERVICE@C8285,5,1.0,0.0,1,1.0,1.0,-0.14320645444045138
NETWORK SERVICE@C8242,5,1.0,0.0,1,1.0,1.0,-0.14320645444045138
NETWORK SERVICE@C8230,5,1.0,0.0,1,1.0,1.0,-0.14320645444045138
NETWORK SERVICE@C8484,5,1.0,0.0,1,1.0,1.0,-0.14320645444045138
LOCAL SERVICE@C4104,5,1.0,0.0,1,1.0,1.0,-0.14320645444045138
NETWORK SERVICE@C15218,5,1.0,0.0,1,1.0,1.0,-0.14320645444045138
NETWORK SERVICE@C15482,5,1.0,0.0,1,1.0,1.0,-0.14320645444045138
NETWORK SERVICE@C15462,5,1.0,0.0,1,1.0,1.0,-0.14320645444045138
NETWORK SERVICE@C15453,5,1.0,0.0,1,1.0,1.0,-0.14320645444045138
NETWORK SERVICE@C15436,5,1.0,0.0,1,1.0,1.0,-0.14320645444045138
LOCAL SERVICE@C2929,5,1.0,0.0,1,1.0,1.0,-0.14320645444045138
NETWORK SERVICE@C14937,5,1.0,0.0,1,1.0,1.0,-0.14320645444045138
NETWORK SERVICE@C15274,5,1.0,0.0,1,1.0,1.0,-0.14320645444045138
NETWORK SERVICE@C1523,5,1.0,0.0,1,1.0,1.0,-0.14320645444045138
LOCAL SERVICE@C3344,5,1.0,0.0,1,1.0,1.0,-0.14320645444045138
NETWORK SERVICE@C8017,5,1.0,0.0,1,1.0,1.0,-0.14320645444045138
NETWORK SERVICE@C7893,5,1.0,0.0,1,1.0,1.0,-0.14320645444045138
NETWORK SERVICE@C7863,5,1.0,0.0,1,1.0,1.0,-0.14320645444045138
NETWORK SERVICE@C15285,5,1.0,0.0,1,1.0,1.0,-0.14320645444045138
NETWORK SERVICE@C15591,5,1.0,0.0,1,1.0,1.0,-0.14320645444045138
NETWORK SERVICE@C15563,5,1.0,0.0,1,1.0,1.0,-0.14320645444045138
NETWORK SERVICE@C8175,5,1.0,0.0,1,1.0,1.0,-0.14320645444045138
NETWORK SERVICE@C8084,5,1.0,0.0,1,1.0,1.0,-0.14320645444045138
NETWORK SERVICE@C8076,5,1.0,0.0,1,1.0,1.0,-0.14320645444045138
NETWORK SERVICE@C8071,5,1.0,0.0,1,1.0,1.0,-0.14320645444045138
LOCAL SERVICE@C3866,5,1.0,0.0,1,1.0,1.0,-0.14320645444045138
LOCAL SERVICE@C3736,5,1.0,0.0,1,1.0,1.0,-0.14320645444045138
LOCAL SERVICE@C3705,5,1.0,0.0,1,1.0,1.0,-0.14320645444045138
NETWORK SERVICE@C7691,5,1.0,0.0,1,1.0,1.0,-0.14320645444045138
NETWORK SERVICE@C7679,5,1.0,0.0,1,1.0,1.0,-0.14320645444045138
NETWORK SERVICE@C15491,5,1.0,0.0,1,1.0,1.0,-0.14320645444045138
LOCAL SERVICE@C3381,5,1.0,0.0,1,1.0,1.0,-0.14320645444045138
NETWORK SERVICE@C15405,5,1.0,0.0,1,1.0,1.0,-0.14320645444045138
NETWORK SERVICE@C15403,5,1.0,0.0,1,1.0,1.0,-0.14320645444045138
NETWORK SERVICE@C15372,5,1.0,0.0,1,1.0,1.0,-0.14320645444045138
NETWORK SERVICE@C15348,5,1.0,0.0,1,1.0,1.0,-0.14320645444045138
NETWORK SERVICE@C15288,5,1.0,0.0,1,1.0,1.0,-0.14320645444045138
NETWORK SERVICE@C7612,5,1.0,0.0,1,1.0,1.0,-0.14320645444045138
NETWORK SERVICE@C15841,5,1.0,0.0,1,1.0,1.0,-0.14320645444045138
NETWORK SERVICE@C15829,5,1.0,0.0,1,1.0,1.0,-0.14320645444045138
NETWORK SERVICE@C15792,5,1.0,0.0,1,1.0,1.0,-0.14320645444045138
NETWORK SERVICE@C15787,5,1.0,0.0,1,1.0,1.0,-0.14320645444045138
NETWORK SERVICE@C7579,5,1.0,0.0,1,1.0,1.0,-0.14320645444045138
NETWORK SERVICE@C7560,5,1.0,0.0,1,1.0,1.0,-0.14320645444045138
NETWORK SERVICE@C7842,5,1.0,0.0,1,1.0,1.0,-0.14320645444045138
NETWORK SERVICE@C7810,5,1.0,0.0,1,1.0,1.0,-0.14320645444045138
NETWORK SERVICE@C7778,5,1.0,0.0,1,1.0,1.0,-0.14320645444045138
NETWORK SERVICE@C7765,5,1.0,0.0,1,1.0,1.0,-0.14320645444045138
NETWORK SERVICE@C15731,5,1.0,0.0,1,1.0,1.0,-0.14320645444045138
NETWORK SERVICE@C16162,5,1.0,0.0,1,1.0,1.0,-0.14320645444045138
NETWORK SERVICE@C16158,5,1.0,0.0,1,1.0,1.0,-0.14320645444045138
NETWORK SERVICE@C16132,5,1.0,0.0,1,1.0,1.0,-0.14320645444045138
NETWORK SERVICE@C16015,5,1.0,0.0,1,1.0,1.0,-0.14320645444045138
NETWORK SERVICE@C7630,5,1.0,0.0,1,1.0,1.0,-0.14320645444045138
NETWORK SERVICE@C7624,5,1.0,0.0,1,1.0,1.0,-0.14320645444045138
NETWORK SERVICE@C7335,5,1.0,0.0,1,1.0,1.0,-0.14320645444045138
NETWORK SERVICE@C16204,5,1.0,0.0,1,1.0,1.0,-0.14320645444045138
LOCAL SERVICE@C2598,5,1.0,0.0,1,1.0,1.0,-0.14320645444045138
LOCAL SERVICE@C2551,5,1.0,0.0,1,1.0,1.0,-0.14320645444045138
NETWORK SERVICE@C16438,5,1.0,0.0,1,1.0,1.0,-0.14320645444045138
NETWORK SERVICE@C16433,5,1.0,0.0,1,1.0,1.0,-0.14320645444045138
NETWORK SERVICE@C16430,5,1.0,0.0,1,1.0,1.0,-0.14320645444045138
NETWORK SERVICE@C16412,5,1.0,0.0,1,1.0,1.0,-0.14320645444045138
NETWORK SERVICE@C16389,5,1.0,0.0,1,1.0,1.0,-0.14320645444045138
NETWORK SERVICE@C16364,5,1.0,0.0,1,1.0,1.0,-0.14320645444045138
NETWORK SERVICE@C16360,5,1.0,0.0,1,1.0,1.0,-0.14320645444045138
NETWORK SERVICE@C7513,5,1.0,0.0,1,1.0,1.0,-0.14320645444045138
NETWORK SERVICE@C7474,5,1.0,0.0,1,1.0,1.0,-0.14320645444045138
NETWORK SERVICE@C7442,5,1.0,0.0,1,1.0,1.0,-0.14320645444045138
NETWORK SERVICE@C7430,5,1.0,0.0,1,1.0,1.0,-0.14320645444045138
NETWORK SERVICE@C7373,5,1.0,0.0,1,1.0,1.0,-0.14320645444045138
NETWORK SERVICE@C11334,5,1.0,0.0,1,1.0,1.0,-0.14320645444045138
NETWORK SERVICE@C11303,5,1.0,0.0,1,1.0,1.0,-0.14320645444045138
NETWORK SERVICE@C11227,5,1.0,0.0,1,1.0,1.0,-0.14320645444045138
NETWORK SERVICE@C11174,5,1.0,0.0,1,1.0,1.0,-0.14320645444045138
NETWORK SERVICE@C11167,5,1.0,0.0,1,1.0,1.0,-0.14320645444045138
NETWORK SERVICE@C11400,5,1.0,0.0,1,1.0,1.0,-0.14320645444045138
NETWORK SERVICE@C7354,5,1.0,0.0,1,1.0,1.0,-0.14320645444045138
NETWORK SERVICE@C7223,5,1.0,0.0,1,1.0,1.0,-0.14320645444045138
NETWORK SERVICE@C7217,5,1.0,0.0,1,1.0,1.0,-0.14320645444045138
NETWORK SERVICE@C7164,5,1.0,0.0,1,1.0,1.0,-0.14320645444045138
ANONYMOUS LOGON@C3244,5,1.0,0.0,1,1.0,1.0,-0.14320645444045138
NETWORK SERVICE@C16326,5,1.0,0.0,1,1.0,1.0,-0.14320645444045138
NETWORK SERVICE@C16312,5,1.0,0.0,1,1.0,1.0,-0.14320645444045138
NETWORK SERVICE@C16247,5,1.0,0.0,1,1.0,1.0,-0.14320645444045138
NETWORK SERVICE@C16510,5,1.0,0.0,1,1.0,1.0,-0.14320645444045138
LOCAL SERVICE@C2301,5,1.0,0.0,1,1.0,1.0,-0.14320645444045138
NETWORK SERVICE@C16490,5,1.0,0.0,1,1.0,1.0,-0.14320645444045138
NETWORK SERVICE@C16451,5,1.0,0.0,1,1.0,1.0,-0.14320645444045138
NETWORK SERVICE@C16598,5,1.0,0.0,1,1.0,1.0,-0.14320645444045138
NETWORK SERVICE@C16567,5,1.0,0.0,1,1.0,1.0,-0.14320645444045138
LOCAL SERVICE@C21594,5,1.0,0.0,1,1.0,1.0,-0.14320645444045138
LOCAL SERVICE@C2155,5,1.0,0.0,1,1.0,1.0,-0.14320645444045138
LOCAL SERVICE@C21535,5,1.0,0.0,1,1.0,1.0,-0.14320645444045138
NETWORK SERVICE@C6817,5,1.0,0.0,1,1.0,1.0,-0.14320645444045138
NETWORK SERVICE@C6988,5,1.0,0.0,1,1.0,1.0,-0.14320645444045138
NETWORK SERVICE@C3833,5,1.0,0.0,1,1.0,1.0,-0.14320645444045138
NETWORK SERVICE@C3802,5,1.0,0.0,1,1.0,1.0,-0.14320645444045138
NETWORK SERVICE@C3866,5,1.0,0.0,1,1.0,1.0,-0.14320645444045138
NETWORK SERVICE@C3857,5,1.0,0.0,1,1.0,1.0,-0.14320645444045138
NETWORK SERVICE@C3845,5,1.0,0.0,1,1.0,1.0,-0.14320645444045138
LOCAL SERVICE@C21386,5,1.0,0.0,1,1.0,1.0,-0.14320645444045138
LOCAL SERVICE@C21357,5,1.0,0.0,1,1.0,1.0,-0.14320645444045138
NETWORK SERVICE@C16777,5,1.0,0.0,1,1.0,1.0,-0.14320645444045138
NETWORK SERVICE@C16732,5,1.0,0.0,1,1.0,1.0,-0.14320645444045138
NETWORK SERVICE@C6984,5,1.0,0.0,1,1.0,1.0,-0.14320645444045138
NETWORK SERVICE@C6981,5,1.0,0.0,1,1.0,1.0,-0.14320645444045138
NETWORK SERVICE@C6969,5,1.0,0.0,1,1.0,1.0,-0.14320645444045138
NETWORK SERVICE@C15224,5,1.0,0.0,1,1.0,1.0,-0.14320645444045138
NETWORK SERVICE@C6867,5,1.0,0.0,1,1.0,1.0,-0.14320645444045138
NETWORK SERVICE@C6861,5,1.0,0.0,1,1.0,1.0,-0.14320645444045138
NETWORK SERVICE@C6855,5,1.0,0.0,1,1.0,1.0,-0.14320645444045138
NETWORK SERVICE@C16492,5,1.0,0.0,1,1.0,1.0,-0.14320645444045138
NETWORK SERVICE@C16678,5,1.0,0.0,1,1.0,1.0,-0.14320645444045138
NETWORK SERVICE@C16602,5,1.0,0.0,1,1.0,1.0,-0.14320645444045138
ANONYMOUS LOGON@C12365,5,1.0,0.0,1,1.0,1.0,-0.14320645444045138
NETWORK SERVICE@C10314,5,1.0,0.0,1,1.0,1.0,-0.14320645444045138
NETWORK SERVICE@C16945,5,1.0,0.0,1,1.0,1.0,-0.14320645444045138
NETWORK SERVICE@C16905,5,1.0,0.0,1,1.0,1.0,-0.14320645444045138
NETWORK SERVICE@C16897,5,1.0,0.0,1,1.0,1.0,-0.14320645444045138
NETWORK SERVICE@C16873,5,1.0,0.0,1,1.0,1.0,-0.14320645444045138
NETWORK SERVICE@C16856,5,1.0,0.0,1,1.0,1.0,-0.14320645444045138
ANONYMOUS LOGON@C14878,5,1.0,0.0,1,1.0,1.0,-0.14320645444045138
ANONYMOUS LOGON@C14496,5,1.0,0.0,1,1.0,1.0,-0.14320645444045138
NETWORK SERVICE@C6813,5,1.0,0.0,1,1.0,1.0,-0.14320645444045138
ANONYMOUS LOGON@C14276,5,1.0,0.0,1,1.0,1.0,-0.14320645444045138
ANONYMOUS LOGON@C13684,5,1.0,0.0,1,1.0,1.0,-0.14320645444045138
ANONYMOUS LOGON@C4513,5,1.0,0.0,1,1.0,1.0,-0.14320645444045138
LOCAL SERVICE@C21405,5,1.0,0.0,1,1.0,1.0,-0.14320645444045138
ANONYMOUS LOGON@C13530,5,1.0,0.0,1,1.0,1.0,-0.14320645444045138
NETWORK SERVICE@C10468,5,1.0,0.0,1,1.0,1.0,-0.14320645444045138
NETWORK SERVICE@C10430,5,1.0,0.0,1,1.0,1.0,-0.14320645444045138
NETWORK SERVICE@C6440,5,1.0,0.0,1,1.0,1.0,-0.14320645444045138
NETWORK SERVICE@C6437,5,1.0,0.0,1,1.0,1.0,-0.14320645444045138
NETWORK SERVICE@C10423,5,1.0,0.0,1,1.0,1.0,-0.14320645444045138
NETWORK SERVICE@C6804,5,1.0,0.0,1,1.0,1.0,-0.14320645444045138
NETWORK SERVICE@C6791,5,1.0,0.0,1,1.0,1.0,-0.14320645444045138
NETWORK SERVICE@C6781,5,1.0,0.0,1,1.0,1.0,-0.14320645444045138
NETWORK SERVICE@C6739,5,1.0,0.0,1,1.0,1.0,-0.14320645444045138
NETWORK SERVICE@C6675,5,1.0,0.0,1,1.0,1.0,-0.14320645444045138
LOCAL SERVICE@C19877,5,1.0,0.0,1,1.0,1.0,-0.14320645444045138
NETWORK SERVICE@C10376,5,1.0,0.0,1,1.0,1.0,-0.14320645444045138
NETWORK SERVICE@C17400,5,1.0,0.0,1,1.0,1.0,-0.14320645444045138
NETWORK SERVICE@C6647,5,1.0,0.0,1,1.0,1.0,-0.14320645444045138
NETWORK SERVICE@C6587,5,1.0,0.0,1,1.0,1.0,-0.14320645444045138
NETWORK SERVICE@C6578,5,1.0,0.0,1,1.0,1.0,-0.14320645444045138
NETWORK SERVICE@C6572,5,1.0,0.0,1,1.0,1.0,-0.14320645444045138
NETWORK SERVICE@C6473,5,1.0,0.0,1,1.0,1.0,-0.14320645444045138
NETWORK SERVICE@C11525,5,1.0,0.0,1,1.0,1.0,-0.14320645444045138
LOCAL SERVICE@C9110,5,1.0,0.0,1,1.0,1.0,-0.14320645444045138
LOCAL SERVICE@C9044,5,1.0,0.0,1,1.0,1.0,-0.14320645444045138
NETWORK SERVICE@C17174,5,1.0,0.0,1,1.0,1.0,-0.14320645444045138
NETWORK SERVICE@C17113,5,1.0,0.0,1,1.0,1.0,-0.14320645444045138
LOCAL SERVICE@C18931,5,1.0,0.0,1,1.0,1.0,-0.14320645444045138
NETWORK SERVICE@C11529,5,1.0,0.0,1,1.0,1.0,-0.14320645444045138
LOCAL SERVICE@C19601,5,1.0,0.0,1,1.0,1.0,-0.14320645444045138
LOCAL SERVICE@C1959,5,1.0,0.0,1,1.0,1.0,-0.14320645444045138
LOCAL SERVICE@C19491,5,1.0,0.0,1,1.0,1.0,-0.14320645444045138
LOCAL SERVICE@C19251,5,1.0,0.0,1,1.0,1.0,-0.14320645444045138
LOCAL SERVICE@C19073,5,1.0,0.0,1,1.0,1.0,-0.14320645444045138
NETWORK SERVICE@C17703,5,1.0,0.0,1,1.0,1.0,-0.14320645444045138
NETWORK SERVICE@C17542,5,1.0,0.0,1,1.0,1.0,-0.14320645444045138
NETWORK SERVICE@C17515,5,1.0,0.0,1,1.0,1.0,-0.14320645444045138
NETWORK SERVICE@C11823,5,1.0,0.0,1,1.0,1.0,-0.14320645444045138
NETWORK SERVICE@C11812,5,1.0,0.0,1,1.0,1.0,-0.14320645444045138
LOCAL SERVICE@C19942,5,1.0,0.0,1,1.0,1.0,-0.14320645444045138
LOCAL SERVICE@C19918,5,1.0,0.0,1,1.0,1.0,-0.14320645444045138
LOCAL SERVICE@C19908,5,1.0,0.0,1,1.0,1.0,-0.14320645444045138
NETWORK SERVICE@C6300,5,1.0,0.0,1,1.0,1.0,-0.14320645444045138
NETWORK SERVICE@C11798,5,1.0,0.0,1,1.0,1.0,-0.14320645444045138
NETWORK SERVICE@C11621,5,1.0,0.0,1,1.0,1.0,-0.14320645444045138
NETWORK SERVICE@C11602,5,1.0,0.0,1,1.0,1.0,-0.14320645444045138
NETWORK SERVICE@C17851,5,1.0,0.0,1,1.0,1.0,-0.14320645444045138
NETWORK SERVICE@C17831,5,1.0,0.0,1,1.0,1.0,-0.14320645444045138
NETWORK SERVICE@C17817,5,1.0,0.0,1,1.0,1.0,-0.14320645444045138
NETWORK SERVICE@C17720,5,1.0,0.0,1,1.0,1.0,-0.14320645444045138
NETWORK SERVICE@C6263,5,1.0,0.0,1,1.0,1.0,-0.14320645444045138
NETWORK SERVICE@C6207,5,1.0,0.0,1,1.0,1.0,-0.14320645444045138
NETWORK SERVICE@C6190,5,1.0,0.0,1,1.0,1.0,-0.14320645444045138
NETWORK SERVICE@C11571,5,1.0,0.0,1,1.0,1.0,-0.14320645444045138
NETWORK SERVICE@C11564,5,1.0,0.0,1,1.0,1.0,-0.14320645444045138
NETWORK SERVICE@C11553,5,1.0,0.0,1,1.0,1.0,-0.14320645444045138
LOCAL SERVICE@C18570,5,1.0,0.0,1,1.0,1.0,-0.14320645444045138
LOCAL SERVICE@C18554,5,1.0,0.0,1,1.0,1.0,-0.14320645444045138
LOCAL SERVICE@C18393,5,1.0,0.0,1,1.0,1.0,-0.14320645444045138
NETWORK SERVICE@C3336,5,1.0,0.0,1,1.0,1.0,-0.14320645444045138
NETWORK SERVICE@C6157,5,1.0,0.0,1,1.0,1.0,-0.14320645444045138
NETWORK SERVICE@C6148,5,1.0,0.0,1,1.0,1.0,-0.14320645444045138
NETWORK SERVICE@C6141,5,1.0,0.0,1,1.0,1.0,-0.14320645444045138
NETWORK SERVICE@C6133,5,1.0,0.0,1,1.0,1.0,-0.14320645444045138
NETWORK SERVICE@C3334,5,1.0,0.0,1,1.0,1.0,-0.14320645444045138
NETWORK SERVICE@C3329,5,1.0,0.0,1,1.0,1.0,-0.14320645444045138
NETWORK SERVICE@C3451,5,1.0,0.0,1,1.0,1.0,-0.14320645444045138
NETWORK SERVICE@C3440,5,1.0,0.0,1,1.0,1.0,-0.14320645444045138
NETWORK SERVICE@C3536,5,1.0,0.0,1,1.0,1.0,-0.14320645444045138
NETWORK SERVICE@C6047,5,1.0,0.0,1,1.0,1.0,-0.14320645444045138
NETWORK SERVICE@C3518,5,1.0,0.0,1,1.0,1.0,-0.14320645444045138
NETWORK SERVICE@C6369,5,1.0,0.0,1,1.0,1.0,-0.14320645444045138
NETWORK SERVICE@C5884,5,1.0,0.0,1,1.0,1.0,-0.14320645444045138
NETWORK SERVICE@C5774,5,1.0,0.0,1,1.0,1.0,-0.14320645444045138
NETWORK SERVICE@C5547,5,1.0,0.0,1,1.0,1.0,-0.14320645444045138
LOCAL SERVICE@C18252,5,1.0,0.0,1,1.0,1.0,-0.14320645444045138
NETWORK SERVICE@C11893,5,1.0,0.0,1,1.0,1.0,-0.14320645444045138
NETWORK SERVICE@C1804,5,1.0,0.0,1,1.0,1.0,-0.14320645444045138
NETWORK SERVICE@C18032,5,1.0,0.0,1,1.0,1.0,-0.14320645444045138
NETWORK SERVICE@C11885,5,1.0,0.0,1,1.0,1.0,-0.14320645444045138
NETWORK SERVICE@C11547,5,1.0,0.0,1,1.0,1.0,-0.14320645444045138
NETWORK SERVICE@C11541,5,1.0,0.0,1,1.0,1.0,-0.14320645444045138
LOCAL SERVICE@C8017,5,1.0,0.0,1,1.0,1.0,-0.14320645444045138
LOCAL SERVICE@C18823,5,1.0,0.0,1,1.0,1.0,-0.14320645444045138
NETWORK SERVICE@C17705,5,1.0,0.0,1,1.0,1.0,-0.14320645444045138
LOCAL SERVICE@C18574,5,1.0,0.0,1,1.0,1.0,-0.14320645444045138
LOCAL SERVICE@C7893,5,1.0,0.0,1,1.0,1.0,-0.14320645444045138
LOCAL SERVICE@C9163,5,1.0,0.0,1,1.0,1.0,-0.14320645444045138
LOCAL SERVICE@C9128,5,1.0,0.0,1,1.0,1.0,-0.14320645444045138
NETWORK SERVICE@C11881,5,1.0,0.0,1,1.0,1.0,-0.14320645444045138
LOCAL SERVICE@C7778,5,1.0,0.0,1,1.0,1.0,-0.14320645444045138
LOCAL SERVICE@C8939,5,1.0,0.0,1,1.0,1.0,-0.14320645444045138
LOCAL SERVICE@C8666,5,1.0,0.0,1,1.0,1.0,-0.14320645444045138
NETWORK SERVICE@C3910,5,1.0,0.0,1,1.0,1.0,-0.14320645444045138
NETWORK SERVICE@C3906,5,1.0,0.0,1,1.0,1.0,-0.14320645444045138
NETWORK SERVICE@C3904,5,1.0,0.0,1,1.0,1.0,-0.14320645444045138
NETWORK SERVICE@C3902,5,1.0,0.0,1,1.0,1.0,-0.14320645444045138
LOCAL SERVICE@C8583,5,1.0,0.0,1,1.0,1.0,-0.14320645444045138
LOCAL SERVICE@C8439,5,1.0,0.0,1,1.0,1.0,-0.14320645444045138
LOCAL SERVICE@C8242,5,1.0,0.0,1,1.0,1.0,-0.14320645444045138
NETWORK SERVICE@C12010,5,1.0,0.0,1,1.0,1.0,-0.14320645444045138
NETWORK SERVICE@C18161,5,1.0,0.0,1,1.0,1.0,-0.14320645444045138
NETWORK SERVICE@C18157,5,1.0,0.0,1,1.0,1.0,-0.14320645444045138
NETWORK SERVICE@C5496,5,1.0,0.0,1,1.0,1.0,-0.14320645444045138
NETWORK SERVICE@C11996,5,1.0,0.0,1,1.0,1.0,-0.14320645444045138
NETWORK SERVICE@C11973,5,1.0,0.0,1,1.0,1.0,-0.14320645444045138
NETWORK SERVICE@C6005,5,1.0,0.0,1,1.0,1.0,-0.14320645444045138
NETWORK SERVICE@C5946,5,1.0,0.0,1,1.0,1.0,-0.14320645444045138
NETWORK SERVICE@C5934,5,1.0,0.0,1,1.0,1.0,-0.14320645444045138
NETWORK SERVICE@C18279,5,1.0,0.0,1,1.0,1.0,-0.14320645444045138
NETWORK SERVICE@C18252,5,1.0,0.0,1,1.0,1.0,-0.14320645444045138
LOCAL SERVICE@C7630,5,1.0,0.0,1,1.0,1.0,-0.14320645444045138
NETWORK SERVICE@C5493,5,1.0,0.0,1,1.0,1.0,-0.14320645444045138
NETWORK SERVICE@C5487,5,1.0,0.0,1,1.0,1.0,-0.14320645444045138
NETWORK SERVICE@C5485,5,1.0,0.0,1,1.0,1.0,-0.14320645444045138
NETWORK SERVICE@C5469,5,1.0,0.0,1,1.0,1.0,-0.14320645444045138
NETWORK SERVICE@C5433,5,1.0,0.0,1,1.0,1.0,-0.14320645444045138
NETWORK SERVICE@C5426,5,1.0,0.0,1,1.0,1.0,-0.14320645444045138
LOCAL SERVICE@C7560,5,1.0,0.0,1,1.0,1.0,-0.14320645444045138
NETWORK SERVICE@C12273,5,1.0,0.0,1,1.0,1.0,-0.14320645444045138
ANONYMOUS LOGON@C6171,5,1.0,0.0,1,1.0,1.0,-0.14320645444045138
ANONYMOUS LOGON@C7893,5,1.0,0.0,1,1.0,1.0,-0.14320645444045138
NETWORK SERVICE@C12183,5,1.0,0.0,1,1.0,1.0,-0.14320645444045138
LOCAL SERVICE@C16897,5,1.0,0.0,1,1.0,1.0,-0.14320645444045138
LOCAL SERVICE@C16856,5,1.0,0.0,1,1.0,1.0,-0.14320645444045138
NETWORK SERVICE@C12115,5,1.0,0.0,1,1.0,1.0,-0.14320645444045138
LOCAL SERVICE@C7474,5,1.0,0.0,1,1.0,1.0,-0.14320645444045138
LOCAL SERVICE@C7454,5,1.0,0.0,1,1.0,1.0,-0.14320645444045138
NETWORK SERVICE@C6895,5,1.0,0.0,1,1.0,1.0,-0.14320645444045138
NETWORK SERVICE@C5398,5,1.0,0.0,1,1.0,1.0,-0.14320645444045138
LOCAL SERVICE@C7373,5,1.0,0.0,1,1.0,1.0,-0.14320645444045138
NETWORK SERVICE@C18125,5,1.0,0.0,1,1.0,1.0,-0.14320645444045138
NETWORK SERVICE@C18087,5,1.0,0.0,1,1.0,1.0,-0.14320645444045138
LOCAL SERVICE@C6874,5,1.0,0.0,1,1.0,1.0,-0.14320645444045138
NETWORK SERVICE@C18334,5,1.0,0.0,1,1.0,1.0,-0.14320645444045138
NETWORK SERVICE@C18302,5,1.0,0.0,1,1.0,1.0,-0.14320645444045138
NETWORK SERVICE@C18522,5,1.0,0.0,1,1.0,1.0,-0.14320645444045138
NETWORK SERVICE@C18514,5,1.0,0.0,1,1.0,1.0,-0.14320645444045138
NETWORK SERVICE@C18506,5,1.0,0.0,1,1.0,1.0,-0.14320645444045138
NETWORK SERVICE@C18479,5,1.0,0.0,1,1.0,1.0,-0.14320645444045138
ANONYMOUS LOGON@C19574,5,1.0,0.0,1,1.0,1.0,-0.14320645444045138
NETWORK SERVICE@C5329,5,1.0,0.0,1,1.0,1.0,-0.14320645444045138
LOCAL SERVICE@C7765,5,1.0,0.0,1,1.0,1.0,-0.14320645444045138
NETWORK SERVICE@C12369,5,1.0,0.0,1,1.0,1.0,-0.14320645444045138
LOCAL SERVICE@C17905,5,1.0,0.0,1,1.0,1.0,-0.14320645444045138
LOCAL SERVICE@C17534,5,1.0,0.0,1,1.0,1.0,-0.14320645444045138
LOCAL SERVICE@C17515,5,1.0,0.0,1,1.0,1.0,-0.14320645444045138
LOCAL SERVICE@C16945,5,1.0,0.0,1,1.0,1.0,-0.14320645444045138
NETWORK SERVICE@C18670,5,1.0,0.0,1,1.0,1.0,-0.14320645444045138
NETWORK SERVICE@C18574,5,1.0,0.0,1,1.0,1.0,-0.14320645444045138
NETWORK SERVICE@C12360,5,1.0,0.0,1,1.0,1.0,-0.14320645444045138
LOCAL SERVICE@C16158,5,1.0,0.0,1,1.0,1.0,-0.14320645444045138
NETWORK SERVICE@C12296,5,1.0,0.0,1,1.0,1.0,-0.14320645444045138
ANONYMOUS LOGON@C9119,5,1.0,0.0,1,1.0,1.0,-0.14320645444045138
NETWORK SERVICE@C12279,5,1.0,0.0,1,1.0,1.0,-0.14320645444045138
NETWORK SERVICE@C5303,5,1.0,0.0,1,1.0,1.0,-0.14320645444045138
NETWORK SERVICE@C5290,5,1.0,0.0,1,1.0,1.0,-0.14320645444045138
NETWORK SERVICE@C5279,5,1.0,0.0,1,1.0,1.0,-0.14320645444045138
NETWORK SERVICE@C5269,5,1.0,0.0,1,1.0,1.0,-0.14320645444045138
NETWORK SERVICE@C5246,5,1.0,0.0,1,1.0,1.0,-0.14320645444045138
NETWORK SERVICE@C18427,5,1.0,0.0,1,1.0,1.0,-0.14320645444045138
NETWORK SERVICE@C18409,5,1.0,0.0,1,1.0,1.0,-0.14320645444045138
NETWORK SERVICE@C18393,5,1.0,0.0,1,1.0,1.0,-0.14320645444045138
NETWORK SERVICE@C18349,5,1.0,0.0,1,1.0,1.0,-0.14320645444045138
NETWORK SERVICE@C5218,5,1.0,0.0,1,1.0,1.0,-0.14320645444045138
NETWORK SERVICE@C3235,5,1.0,0.0,1,1.0,1.0,-0.14320645444045138
NETWORK SERVICE@C3221,5,1.0,0.0,1,1.0,1.0,-0.14320645444045138
ANONYMOUS LOGON@C9438,5,1.0,0.0,1,1.0,1.0,-0.14320645444045138
LOCAL SERVICE@C16015,5,1.0,0.0,1,1.0,1.0,-0.14320645444045138
LOCAL SERVICE@C15988,5,1.0,0.0,1,1.0,1.0,-0.14320645444045138
NETWORK SERVICE@C18568,5,1.0,0.0,1,1.0,1.0,-0.14320645444045138
NETWORK SERVICE@C18558,5,1.0,0.0,1,1.0,1.0,-0.14320645444045138
NETWORK SERVICE@C3208,5,1.0,0.0,1,1.0,1.0,-0.14320645444045138
LOCAL SERVICE@C16567,5,1.0,0.0,1,1.0,1.0,-0.14320645444045138
NETWORK SERVICE@C10774,5,1.0,0.0,1,1.0,1.0,-0.14320645444045138
NETWORK SERVICE@C11127,5,1.0,0.0,1,1.0,1.0,-0.14320645444045138
NETWORK SERVICE@C11110,5,1.0,0.0,1,1.0,1.0,-0.14320645444045138
NETWORK SERVICE@C3110,5,1.0,0.0,1,1.0,1.0,-0.14320645444045138
NETWORK SERVICE@C10165,5,1.0,0.0,1,1.0,1.0,-0.14320645444045138
NETWORK SERVICE@C10148,5,1.0,0.0,1,1.0,1.0,-0.14320645444045138
NETWORK SERVICE@C10144,5,1.0,0.0,1,1.0,1.0,-0.14320645444045138
NETWORK SERVICE@C10101,5,1.0,0.0,1,1.0,1.0,-0.14320645444045138
NETWORK SERVICE@C3103,5,1.0,0.0,1,1.0,1.0,-0.14320645444045138
NETWORK SERVICE@C11067,5,1.0,0.0,1,1.0,1.0,-0.14320645444045138
LOCAL SERVICE@C9526,5,1.0,0.0,1,1.0,1.0,-0.14320645444045138
LOCAL SERVICE@C9195,5,1.0,0.0,1,1.0,1.0,-0.14320645444045138
NETWORK SERVICE@C3091,5,1.0,0.0,1,1.0,1.0,-0.14320645444045138
NETWORK SERVICE@C3204,5,1.0,0.0,1,1.0,1.0,-0.14320645444045138
NETWORK SERVICE@C3202,5,1.0,0.0,1,1.0,1.0,-0.14320645444045138
NETWORK SERVICE@C12755,5,1.0,0.0,1,1.0,1.0,-0.14320645444045138
LOCAL SERVICE@C16492,5,1.0,0.0,1,1.0,1.0,-0.14320645444045138
NETWORK SERVICE@C12741,5,1.0,0.0,1,1.0,1.0,-0.14320645444045138
NETWORK SERVICE@C18700,5,1.0,0.0,1,1.0,1.0,-0.14320645444045138
NETWORK SERVICE@C18696,5,1.0,0.0,1,1.0,1.0,-0.14320645444045138
LOCAL SERVICE@C15450,5,1.0,0.0,1,1.0,1.0,-0.14320645444045138
NETWORK SERVICE@C12712,5,1.0,0.0,1,1.0,1.0,-0.14320645444045138
NETWORK SERVICE@C19010,5,1.0,0.0,1,1.0,1.0,-0.14320645444045138
NETWORK SERVICE@C18973,5,1.0,0.0,1,1.0,1.0,-0.14320645444045138
NETWORK SERVICE@C1895,5,1.0,0.0,1,1.0,1.0,-0.14320645444045138
NETWORK SERVICE@C18931,5,1.0,0.0,1,1.0,1.0,-0.14320645444045138
NETWORK SERVICE@C18867,5,1.0,0.0,1,1.0,1.0,-0.14320645444045138
NETWORK SERVICE@C18854,5,1.0,0.0,1,1.0,1.0,-0.14320645444045138
NETWORK SERVICE@C12677,5,1.0,0.0,1,1.0,1.0,-0.14320645444045138
NETWORK SERVICE@C5161,5,1.0,0.0,1,1.0,1.0,-0.14320645444045138
NETWORK SERVICE@C5157,5,1.0,0.0,1,1.0,1.0,-0.14320645444045138
NETWORK SERVICE@C5156,5,1.0,0.0,1,1.0,1.0,-0.14320645444045138
NETWORK SERVICE@C5149,5,1.0,0.0,1,1.0,1.0,-0.14320645444045138
NETWORK SERVICE@C5227,5,1.0,0.0,1,1.0,1.0,-0.14320645444045138
NETWORK SERVICE@C19073,5,1.0,0.0,1,1.0,1.0,-0.14320645444045138
NETWORK SERVICE@C19065,5,1.0,0.0,1,1.0,1.0,-0.14320645444045138
LOCAL SERVICE@C6804,5,1.0,0.0,1,1.0,1.0,-0.14320645444045138
NETWORK SERVICE@C5094,5,1.0,0.0,1,1.0,1.0,-0.14320645444045138
NETWORK SERVICE@C5086,5,1.0,0.0,1,1.0,1.0,-0.14320645444045138
NETWORK SERVICE@C12494,5,1.0,0.0,1,1.0,1.0,-0.14320645444045138
NETWORK SERVICE@C12419,5,1.0,0.0,1,1.0,1.0,-0.14320645444045138
NETWORK SERVICE@C12402,5,1.0,0.0,1,1.0,1.0,-0.14320645444045138
NETWORK SERVICE@C12614,5,1.0,0.0,1,1.0,1.0,-0.14320645444045138
NETWORK SERVICE@C12598,5,1.0,0.0,1,1.0,1.0,-0.14320645444045138
LOCAL SERVICE@C15841,5,1.0,0.0,1,1.0,1.0,-0.14320645444045138
LOCAL SERVICE@C15630,5,1.0,0.0,1,1.0,1.0,-0.14320645444045138
LOCAL SERVICE@C15453,5,1.0,0.0,1,1.0,1.0,-0.14320645444045138
NETWORK SERVICE@C12521,5,1.0,0.0,1,1.0,1.0,-0.14320645444045138
NETWORK SERVICE@C12502,5,1.0,0.0,1,1.0,1.0,-0.14320645444045138
NETWORK SERVICE@C2997,5,1.0,0.0,1,1.0,1.0,-0.14320645444045138
NETWORK SERVICE@C12800,5,1.0,0.0,1,1.0,1.0,-0.14320645444045138
NETWORK SERVICE@C2993,5,1.0,0.0,1,1.0,1.0,-0.14320645444045138
NETWORK SERVICE@C2972,5,1.0,0.0,1,1.0,1.0,-0.14320645444045138
NETWORK SERVICE@C2947,5,1.0,0.0,1,1.0,1.0,-0.14320645444045138
NETWORK SERVICE@C2929,5,1.0,0.0,1,1.0,1.0,-0.14320645444045138
NETWORK SERVICE@C2920,5,1.0,0.0,1,1.0,1.0,-0.14320645444045138
NETWORK SERVICE@C2895,5,1.0,0.0,1,1.0,1.0,-0.14320645444045138
NETWORK SERVICE@C2885,5,1.0,0.0,1,1.0,1.0,-0.14320645444045138
NETWORK SERVICE@C19129,5,1.0,0.0,1,1.0,1.0,-0.14320645444045138
NETWORK SERVICE@C19094,5,1.0,0.0,1,1.0,1.0,-0.14320645444045138
NETWORK SERVICE@C12794,5,1.0,0.0,1,1.0,1.0,-0.14320645444045138
LOCAL SERVICE@C6791,5,1.0,0.0,1,1.0,1.0,-0.14320645444045138
LOCAL SERVICE@C6739,5,1.0,0.0,1,1.0,1.0,-0.14320645444045138
LOCAL SERVICE@C6437,5,1.0,0.0,1,1.0,1.0,-0.14320645444045138
NETWORK SERVICE@C5133,5,1.0,0.0,1,1.0,1.0,-0.14320645444045138
NETWORK SERVICE@C5123,5,1.0,0.0,1,1.0,1.0,-0.14320645444045138
NETWORK SERVICE@C5117,5,1.0,0.0,1,1.0,1.0,-0.14320645444045138
NETWORK SERVICE@C5113,5,1.0,0.0,1,1.0,1.0,-0.14320645444045138
NETWORK SERVICE@C5097,5,1.0,0.0,1,1.0,1.0,-0.14320645444045138
NETWORK SERVICE@C18823,5,1.0,0.0,1,1.0,1.0,-0.14320645444045138
NETWORK SERVICE@C18812,5,1.0,0.0,1,1.0,1.0,-0.14320645444045138
NETWORK SERVICE@C18791,5,1.0,0.0,1,1.0,1.0,-0.14320645444045138
NETWORK SERVICE@C4957,5,1.0,0.0,1,1.0,1.0,-0.14320645444045138
LOCAL SERVICE@C6369,5,1.0,0.0,1,1.0,1.0,-0.14320645444045138
C5704$@DOM1,5,1.0,0.0,1,1.0,1.0,-0.14320645444045138
LOCAL SERVICE@C6339,5,1.0,0.0,1,1.0,1.0,-0.14320645444045138
NETWORK SERVICE@C19295,5,1.0,0.0,1,1.0,1.0,-0.14320645444045138
NETWORK SERVICE@C12818,5,1.0,0.0,1,1.0,1.0,-0.14320645444045138
LOCAL SERVICE@C15064,5,1.0,0.0,1,1.0,1.0,-0.14320645444045138
LOCAL SERVICE@C14937,5,1.0,0.0,1,1.0,1.0,-0.14320645444045138
LOCAL SERVICE@C14926,5,1.0,0.0,1,1.0,1.0,-0.14320645444045138
NETWORK SERVICE@C5033,5,1.0,0.0,1,1.0,1.0,-0.14320645444045138
NETWORK SERVICE@C5020,5,1.0,0.0,1,1.0,1.0,-0.14320645444045138
NETWORK SERVICE@C5002,5,1.0,0.0,1,1.0,1.0,-0.14320645444045138
NETWORK SERVICE@C19206,5,1.0,0.0,1,1.0,1.0,-0.14320645444045138
NETWORK SERVICE@C19181,5,1.0,0.0,1,1.0,1.0,-0.14320645444045138
LOCAL SERVICE@C5426,5,1.0,0.0,1,1.0,1.0,-0.14320645444045138
NETWORK SERVICE@C19251,5,1.0,0.0,1,1.0,1.0,-0.14320645444045138
NETWORK SERVICE@C1925,5,1.0,0.0,1,1.0,1.0,-0.14320645444045138
NETWORK SERVICE@C19233,5,1.0,0.0,1,1.0,1.0,-0.14320645444045138
NETWORK SERVICE@C19210,5,1.0,0.0,1,1.0,1.0,-0.14320645444045138
NETWORK SERVICE@C19491,5,1.0,0.0,1,1.0,1.0,-0.14320645444045138
NETWORK SERVICE@C19485,5,1.0,0.0,1,1.0,1.0,-0.14320645444045138
NETWORK SERVICE@C19380,5,1.0,0.0,1,1.0,1.0,-0.14320645444045138
NETWORK SERVICE@C19361,5,1.0,0.0,1,1.0,1.0,-0.14320645444045138
NETWORK SERVICE@C19730,5,1.0,0.0,1,1.0,1.0,-0.14320645444045138
LOCAL SERVICE@C5884,5,1.0,0.0,1,1.0,1.0,-0.14320645444045138
NETWORK SERVICE@C4958,5,1.0,0.0,1,1.0,1.0,-0.14320645444045138
NETWORK SERVICE@C13107,5,1.0,0.0,1,1.0,1.0,-0.14320645444045138
NETWORK SERVICE@C4909,5,1.0,0.0,1,1.0,1.0,-0.14320645444045138
NETWORK SERVICE@C13105,5,1.0,0.0,1,1.0,1.0,-0.14320645444045138
NETWORK SERVICE@C4895,5,1.0,0.0,1,1.0,1.0,-0.14320645444045138
LOCAL SERVICE@C14542,5,1.0,0.0,1,1.0,1.0,-0.14320645444045138
NETWORK SERVICE@C13099,5,1.0,0.0,1,1.0,1.0,-0.14320645444045138
NETWORK SERVICE@C13097,5,1.0,0.0,1,1.0,1.0,-0.14320645444045138
NETWORK SERVICE@C13004,5,1.0,0.0,1,1.0,1.0,-0.14320645444045138
NETWORK SERVICE@C12875,5,1.0,0.0,1,1.0,1.0,-0.14320645444045138
NETWORK SERVICE@C19856,5,1.0,0.0,1,1.0,1.0,-0.14320645444045138
NETWORK SERVICE@C19814,5,1.0,0.0,1,1.0,1.0,-0.14320645444045138
NETWORK SERVICE@C12860,5,1.0,0.0,1,1.0,1.0,-0.14320645444045138
NETWORK SERVICE@C19679,5,1.0,0.0,1,1.0,1.0,-0.14320645444045138
NETWORK SERVICE@C19634,5,1.0,0.0,1,1.0,1.0,-0.14320645444045138
NETWORK SERVICE@C1962,5,1.0,0.0,1,1.0,1.0,-0.14320645444045138
NETWORK SERVICE@C19618,5,1.0,0.0,1,1.0,1.0,-0.14320645444045138
NETWORK SERVICE@C1959,5,1.0,0.0,1,1.0,1.0,-0.14320645444045138
NETWORK SERVICE@C19551,5,1.0,0.0,1,1.0,1.0,-0.14320645444045138
NETWORK SERVICE@C19546,5,1.0,0.0,1,1.0,1.0,-0.14320645444045138
NETWORK SERVICE@C2859,5,1.0,0.0,1,1.0,1.0,-0.14320645444045138
NETWORK SERVICE@C12843,5,1.0,0.0,1,1.0,1.0,-0.14320645444045138
NETWORK SERVICE@C13152,5,1.0,0.0,1,1.0,1.0,-0.14320645444045138
NETWORK SERVICE@C13376,5,1.0,0.0,1,1.0,1.0,-0.14320645444045138
NETWORK SERVICE@C13354,5,1.0,0.0,1,1.0,1.0,-0.14320645444045138
NETWORK SERVICE@C4032,5,1.0,0.0,1,1.0,1.0,-0.14320645444045138
NETWORK SERVICE@C4018,5,1.0,0.0,1,1.0,1.0,-0.14320645444045138
NETWORK SERVICE@C3959,5,1.0,0.0,1,1.0,1.0,-0.14320645444045138
LOCAL SERVICE@C5398,5,1.0,0.0,1,1.0,1.0,-0.14320645444045138
LOCAL SERVICE@C5329,5,1.0,0.0,1,1.0,1.0,-0.14320645444045138
LOCAL SERVICE@C10468,5,1.0,0.0,1,1.0,1.0,-0.14320645444045138
NETWORK SERVICE@C19942,5,1.0,0.0,1,1.0,1.0,-0.14320645444045138
NETWORK SERVICE@C19940,5,1.0,0.0,1,1.0,1.0,-0.14320645444045138
NETWORK SERVICE@C19918,5,1.0,0.0,1,1.0,1.0,-0.14320645444045138
NETWORK SERVICE@C19908,5,1.0,0.0,1,1.0,1.0,-0.14320645444045138
NETWORK SERVICE@C19881,5,1.0,0.0,1,1.0,1.0,-0.14320645444045138
NETWORK SERVICE@C10927,5,1.0,0.0,1,1.0,1.0,-0.14320645444045138
NETWORK SERVICE@C10884,5,1.0,0.0,1,1.0,1.0,-0.14320645444045138
ANONYMOUS LOGON@C15228,5,1.0,0.0,1,1.0,1.0,-0.14320645444045138
NETWORK SERVICE@C11519,5,1.0,0.0,1,1.0,1.0,-0.14320645444045138
NETWORK SERVICE@C11486,5,1.0,0.0,1,1.0,1.0,-0.14320645444045138
NETWORK SERVICE@C11470,5,1.0,0.0,1,1.0,1.0,-0.14320645444045138
NETWORK SERVICE@C10026,5,1.0,0.0,1,1.0,1.0,-0.14320645444045138
NETWORK SERVICE@C10001,5,1.0,0.0,1,1.0,1.0,-0.14320645444045138
LOCAL SERVICE@C9921,5,1.0,0.0,1,1.0,1.0,-0.14320645444045138
LOCAL SERVICE@C9873,5,1.0,0.0,1,1.0,1.0,-0.14320645444045138
NETWORK SERVICE@C10811,5,1.0,0.0,1,1.0,1.0,-0.14320645444045138
NETWORK SERVICE@C10799,5,1.0,0.0,1,1.0,1.0,-0.14320645444045138
LOCAL SERVICE@C14339,5,1.0,0.0,1,1.0,1.0,-0.14320645444045138
LOCAL SERVICE@C14081,5,1.0,0.0,1,1.0,1.0,-0.14320645444045138
NETWORK SERVICE@C4874,5,1.0,0.0,1,1.0,1.0,-0.14320645444045138
NETWORK SERVICE@C4867,5,1.0,0.0,1,1.0,1.0,-0.14320645444045138
NETWORK SERVICE@C4831,5,1.0,0.0,1,1.0,1.0,-0.14320645444045138
NETWORK SERVICE@C4823,5,1.0,0.0,1,1.0,1.0,-0.14320645444045138
NETWORK SERVICE@C4812,5,1.0,0.0,1,1.0,1.0,-0.14320645444045138
NETWORK SERVICE@C11468,5,1.0,0.0,1,1.0,1.0,-0.14320645444045138
NETWORK SERVICE@C19877,5,1.0,0.0,1,1.0,1.0,-0.14320645444045138
NETWORK SERVICE@C11445,5,1.0,0.0,1,1.0,1.0,-0.14320645444045138
NETWORK SERVICE@C11431,5,1.0,0.0,1,1.0,1.0,-0.14320645444045138
NETWORK SERVICE@C20021,5,1.0,0.0,1,1.0,1.0,-0.14320645444045138
NETWORK SERVICE@C4803,5,1.0,0.0,1,1.0,1.0,-0.14320645444045138
NETWORK SERVICE@C4798,5,1.0,0.0,1,1.0,1.0,-0.14320645444045138
NETWORK SERVICE@C11721,5,1.0,0.0,1,1.0,1.0,-0.14320645444045138
NETWORK SERVICE@C11688,5,1.0,0.0,1,1.0,1.0,-0.14320645444045138
ANONYMOUS LOGON@C18949,5,1.0,0.0,1,1.0,1.0,-0.14320645444045138
NETWORK SERVICE@C19950,5,1.0,0.0,1,1.0,1.0,-0.14320645444045138
NETWORK SERVICE@C19946,5,1.0,0.0,1,1.0,1.0,-0.14320645444045138
NETWORK SERVICE@C2001,5,1.0,0.0,1,1.0,1.0,-0.14320645444045138
NETWORK SERVICE@C20009,5,1.0,0.0,1,1.0,1.0,-0.14320645444045138
NETWORK SERVICE@C19985,5,1.0,0.0,1,1.0,1.0,-0.14320645444045138
NETWORK SERVICE@C19980,5,1.0,0.0,1,1.0,1.0,-0.14320645444045138
NETWORK SERVICE@C20149,5,1.0,0.0,1,1.0,1.0,-0.14320645444045138
NETWORK SERVICE@C20120,5,1.0,0.0,1,1.0,1.0,-0.14320645444045138
NETWORK SERVICE@C20112,5,1.0,0.0,1,1.0,1.0,-0.14320645444045138
NETWORK SERVICE@C20059,5,1.0,0.0,1,1.0,1.0,-0.14320645444045138
NETWORK SERVICE@C20053,5,1.0,0.0,1,1.0,1.0,-0.14320645444045138
LOCAL SERVICE@C13494,5,1.0,0.0,1,1.0,1.0,-0.14320645444045138
NETWORK SERVICE@C13111,5,1.0,0.0,1,1.0,1.0,-0.14320645444045138
LOCAL SERVICE@C5303,5,1.0,0.0,1,1.0,1.0,-0.14320645444045138
NETWORK SERVICE@C4730,5,1.0,0.0,1,1.0,1.0,-0.14320645444045138
NETWORK SERVICE@C4720,5,1.0,0.0,1,1.0,1.0,-0.14320645444045138
LOCAL SERVICE@C13958,5,1.0,0.0,1,1.0,1.0,-0.14320645444045138
NETWORK SERVICE@C4603,5,1.0,0.0,1,1.0,1.0,-0.14320645444045138
NETWORK SERVICE@C4600,5,1.0,0.0,1,1.0,1.0,-0.14320645444045138
LOCAL SERVICE@C5279,5,1.0,0.0,1,1.0,1.0,-0.14320645444045138
LOCAL SERVICE@C5246,5,1.0,0.0,1,1.0,1.0,-0.14320645444045138
NETWORK SERVICE@C20391,5,1.0,0.0,1,1.0,1.0,-0.14320645444045138
NETWORK SERVICE@C20345,5,1.0,0.0,1,1.0,1.0,-0.14320645444045138
NETWORK SERVICE@C20307,5,1.0,0.0,1,1.0,1.0,-0.14320645444045138
NETWORK SERVICE@C20216,5,1.0,0.0,1,1.0,1.0,-0.14320645444045138
NETWORK SERVICE@C4698,5,1.0,0.0,1,1.0,1.0,-0.14320645444045138
NETWORK SERVICE@C4643,5,1.0,0.0,1,1.0,1.0,-0.14320645444045138
NETWORK SERVICE@C12979,5,1.0,0.0,1,1.0,1.0,-0.14320645444045138
NETWORK SERVICE@C12958,5,1.0,0.0,1,1.0,1.0,-0.14320645444045138
LOCAL SERVICE@C13376,5,1.0,0.0,1,1.0,1.0,-0.14320645444045138
LOCAL SERVICE@C13285,5,1.0,0.0,1,1.0,1.0,-0.14320645444045138
LOCAL SERVICE@C13241,5,1.0,0.0,1,1.0,1.0,-0.14320645444045138
LOCAL SERVICE@C13099,5,1.0,0.0,1,1.0,1.0,-0.14320645444045138
LOCAL SERVICE@C12892,5,1.0,0.0,1,1.0,1.0,-0.14320645444045138
LOCAL SERVICE@C12875,5,1.0,0.0,1,1.0,1.0,-0.14320645444045138
NETWORK SERVICE@C20501,5,1.0,0.0,1,1.0,1.0,-0.14320645444045138
NETWORK SERVICE@C20401,5,1.0,0.0,1,1.0,1.0,-0.14320645444045138
NETWORK SERVICE@C13181,5,1.0,0.0,1,1.0,1.0,-0.14320645444045138
NETWORK SERVICE@C4578,5,1.0,0.0,1,1.0,1.0,-0.14320645444045138
NETWORK SERVICE@C4576,5,1.0,0.0,1,1.0,1.0,-0.14320645444045138
NETWORK SERVICE@C4573,5,1.0,0.0,1,1.0,1.0,-0.14320645444045138
NETWORK SERVICE@C4567,5,1.0,0.0,1,1.0,1.0,-0.14320645444045138
NETWORK SERVICE@C3196,5,1.0,0.0,1,1.0,1.0,-0.14320645444045138
LOCAL SERVICE@C12273,5,1.0,0.0,1,1.0,1.0,-0.14320645444045138
LOCAL SERVICE@C12183,5,1.0,0.0,1,1.0,1.0,-0.14320645444045138
LOCAL SERVICE@C11823,5,1.0,0.0,1,1.0,1.0,-0.14320645444045138
NETWORK SERVICE@C20614,5,1.0,0.0,1,1.0,1.0,-0.14320645444045138
NETWORK SERVICE@C20554,5,1.0,0.0,1,1.0,1.0,-0.14320645444045138
NETWORK SERVICE@C4541,5,1.0,0.0,1,1.0,1.0,-0.14320645444045138
NETWORK SERVICE@C4533,5,1.0,0.0,1,1.0,1.0,-0.14320645444045138
NETWORK SERVICE@C4519,5,1.0,0.0,1,1.0,1.0,-0.14320645444045138
NETWORK SERVICE@C4503,5,1.0,0.0,1,1.0,1.0,-0.14320645444045138
NETWORK SERVICE@C3753,5,1.0,0.0,1,1.0,1.0,-0.14320645444045138
NETWORK SERVICE@C3743,5,1.0,0.0,1,1.0,1.0,-0.14320645444045138
NETWORK SERVICE@C3705,5,1.0,0.0,1,1.0,1.0,-0.14320645444045138
NETWORK SERVICE@C3682,5,1.0,0.0,1,1.0,1.0,-0.14320645444045138
NETWORK SERVICE@C21041,5,1.0,0.0,1,1.0,1.0,-0.14320645444045138
NETWORK SERVICE@C20887,5,1.0,0.0,1,1.0,1.0,-0.14320645444045138
NETWORK SERVICE@C20871,5,1.0,0.0,1,1.0,1.0,-0.14320645444045138
NETWORK SERVICE@C20833,5,1.0,0.0,1,1.0,1.0,-0.14320645444045138
NETWORK SERVICE@C20783,5,1.0,0.0,1,1.0,1.0,-0.14320645444045138
NETWORK SERVICE@C20769,5,1.0,0.0,1,1.0,1.0,-0.14320645444045138
NETWORK SERVICE@C3678,5,1.0,0.0,1,1.0,1.0,-0.14320645444045138
NETWORK SERVICE@C3650,5,1.0,0.0,1,1.0,1.0,-0.14320645444045138
LOCAL SERVICE@C12741,5,1.0,0.0,1,1.0,1.0,-0.14320645444045138
LOCAL SERVICE@C12419,5,1.0,0.0,1,1.0,1.0,-0.14320645444045138
NETWORK SERVICE@C3637,5,1.0,0.0,1,1.0,1.0,-0.14320645444045138
LOCAL SERVICE@C12316,5,1.0,0.0,1,1.0,1.0,-0.14320645444045138
LOCAL SERVICE@C10423,5,1.0,0.0,1,1.0,1.0,-0.14320645444045138
LOCAL SERVICE@C10148,5,1.0,0.0,1,1.0,1.0,-0.14320645444045138
LOCAL SERVICE@C10101,5,1.0,0.0,1,1.0,1.0,-0.14320645444045138
LOCAL SERVICE@C10083,5,1.0,0.0,1,1.0,1.0,-0.14320645444045138
LOCAL SERVICE@C5002,5,1.0,0.0,1,1.0,1.0,-0.14320645444045138
NETWORK SERVICE@C3957,5,1.0,0.0,1,1.0,1.0,-0.14320645444045138
NETWORK SERVICE@C4064,5,1.0,0.0,1,1.0,1.0,-0.14320645444045138
NETWORK SERVICE@C4061,5,1.0,0.0,1,1.0,1.0,-0.14320645444045138
NETWORK SERVICE@C4057,5,1.0,0.0,1,1.0,1.0,-0.14320645444045138
NETWORK SERVICE@C4049,5,1.0,0.0,1,1.0,1.0,-0.14320645444045138
NETWORK SERVICE@C4125,5,1.0,0.0,1,1.0,1.0,-0.14320645444045138
NETWORK SERVICE@C4077,5,1.0,0.0,1,1.0,1.0,-0.14320645444045138
NETWORK SERVICE@C2778,5,1.0,0.0,1,1.0,1.0,-0.14320645444045138
NETWORK SERVICE@C2755,5,1.0,0.0,1,1.0,1.0,-0.14320645444045138
NETWORK SERVICE@C2752,5,1.0,0.0,1,1.0,1.0,-0.14320645444045138
NETWORK SERVICE@C13494,5,1.0,0.0,1,1.0,1.0,-0.14320645444045138
NETWORK SERVICE@C4905,5,1.0,0.0,1,1.0,1.0,-0.14320645444045138
NETWORK SERVICE@C13419,5,1.0,0.0,1,1.0,1.0,-0.14320645444045138
NETWORK SERVICE@C13406,5,1.0,0.0,1,1.0,1.0,-0.14320645444045138
NETWORK SERVICE@C21258,5,1.0,0.0,1,1.0,1.0,-0.14320645444045138
NETWORK SERVICE@C2155,5,1.0,0.0,1,1.0,1.0,-0.14320645444045138
NETWORK SERVICE@C21535,5,1.0,0.0,1,1.0,1.0,-0.14320645444045138
NETWORK SERVICE@C21405,5,1.0,0.0,1,1.0,1.0,-0.14320645444045138
NETWORK SERVICE@C13292,5,1.0,0.0,1,1.0,1.0,-0.14320645444045138
NETWORK SERVICE@C4493,5,1.0,0.0,1,1.0,1.0,-0.14320645444045138
NETWORK SERVICE@C4487,5,1.0,0.0,1,1.0,1.0,-0.14320645444045138
NETWORK SERVICE@C13287,5,1.0,0.0,1,1.0,1.0,-0.14320645444045138
NETWORK SERVICE@C20549,5,1.0,0.0,1,1.0,1.0,-0.14320645444045138
NETWORK SERVICE@C20533,5,1.0,0.0,1,1.0,1.0,-0.14320645444045138
NETWORK SERVICE@C4377,5,1.0,0.0,1,1.0,1.0,-0.14320645444045138
NETWORK SERVICE@C4369,5,1.0,0.0,1,1.0,1.0,-0.14320645444045138
NETWORK SERVICE@C4355,5,1.0,0.0,1,1.0,1.0,-0.14320645444045138
NETWORK SERVICE@C13285,5,1.0,0.0,1,1.0,1.0,-0.14320645444045138
NETWORK SERVICE@C21386,5,1.0,0.0,1,1.0,1.0,-0.14320645444045138
NETWORK SERVICE@C13275,5,1.0,0.0,1,1.0,1.0,-0.14320645444045138
NETWORK SERVICE@C13221,5,1.0,0.0,1,1.0,1.0,-0.14320645444045138
NETWORK SERVICE@C13209,5,1.0,0.0,1,1.0,1.0,-0.14320645444045138
NETWORK SERVICE@C13204,5,1.0,0.0,1,1.0,1.0,-0.14320645444045138
NETWORK SERVICE@C4470,5,1.0,0.0,1,1.0,1.0,-0.14320645444045138
NETWORK SERVICE@C4464,5,1.0,0.0,1,1.0,1.0,-0.14320645444045138
NETWORK SERVICE@C4453,5,1.0,0.0,1,1.0,1.0,-0.14320645444045138
NETWORK SERVICE@C4451,5,1.0,0.0,1,1.0,1.0,-0.14320645444045138
NETWORK SERVICE@C21594,5,1.0,0.0,1,1.0,1.0,-0.14320645444045138
NETWORK SERVICE@C21553,5,1.0,0.0,1,1.0,1.0,-0.14320645444045138
NETWORK SERVICE@C9925,5,1.0,0.0,1,1.0,1.0,-0.14320645444045138
LOCAL SERVICE@C4895,5,1.0,0.0,1,1.0,1.0,-0.14320645444045138
LOCAL SERVICE@C4874,5,1.0,0.0,1,1.0,1.0,-0.14320645444045138
LOCAL SERVICE@C4812,5,1.0,0.0,1,1.0,1.0,-0.14320645444045138
NETWORK SERVICE@C4337,5,1.0,0.0,1,1.0,1.0,-0.14320645444045138
NETWORK SERVICE@C4335,5,1.0,0.0,1,1.0,1.0,-0.14320645444045138
NETWORK SERVICE@C4325,5,1.0,0.0,1,1.0,1.0,-0.14320645444045138
NETWORK SERVICE@C4316,5,1.0,0.0,1,1.0,1.0,-0.14320645444045138
NETWORK SERVICE@C431,5,1.0,0.0,1,1.0,1.0,-0.14320645444045138
LOCAL SERVICE@C4730,5,1.0,0.0,1,1.0,1.0,-0.14320645444045138
NETWORK SERVICE@C13548,5,1.0,0.0,1,1.0,1.0,-0.14320645444045138
NETWORK SERVICE@C13542,5,1.0,0.0,1,1.0,1.0,-0.14320645444045138
NETWORK SERVICE@C21603,5,1.0,0.0,1,1.0,1.0,-0.14320645444045138
LOCAL SERVICE@C10537,5,1.0,0.0,1,1.0,1.0,-0.14320645444045138
NETWORK SERVICE@C9921,5,1.0,0.0,1,1.0,1.0,-0.14320645444045138
NETWORK SERVICE@C9897,5,1.0,0.0,1,1.0,1.0,-0.14320645444045138
NETWORK SERVICE@C9873,5,1.0,0.0,1,1.0,1.0,-0.14320645444045138
U9332@DOM1,5,1.0,0.0,1,1.0,1.0,-0.14320645444045138
NETWORK SERVICE@C4299,5,1.0,0.0,1,1.0,1.0,-0.14320645444045138
NETWORK SERVICE@C426,5,1.0,0.0,1,1.0,1.0,-0.14320645444045138
NETWORK SERVICE@C4254,5,1.0,0.0,1,1.0,1.0,-0.14320645444045138
NETWORK SERVICE@C4232,5,1.0,0.0,1,1.0,1.0,-0.14320645444045138
NETWORK SERVICE@C13783,5,1.0,0.0,1,1.0,1.0,-0.14320645444045138
NETWORK SERVICE@C13752,5,1.0,0.0,1,1.0,1.0,-0.14320645444045138
NETWORK SERVICE@C13707,5,1.0,0.0,1,1.0,1.0,-0.14320645444045138
LOCAL SERVICE@C4451,5,1.0,0.0,1,1.0,1.0,-0.14320645444045138
NETWORK SERVICE@C21596,5,1.0,0.0,1,1.0,1.0,-0.14320645444045138
NETWORK SERVICE@C2307,5,1.0,0.0,1,1.0,1.0,-0.14320645444045138
NETWORK SERVICE@C2304,5,1.0,0.0,1,1.0,1.0,-0.14320645444045138
NETWORK SERVICE@C2301,5,1.0,0.0,1,1.0,1.0,-0.14320645444045138
NETWORK SERVICE@C2205,5,1.0,0.0,1,1.0,1.0,-0.14320645444045138
NETWORK SERVICE@C9866,5,1.0,0.0,1,1.0,1.0,-0.14320645444045138
LOCAL SERVICE@C11746,5,1.0,0.0,1,1.0,1.0,-0.14320645444045138
LOCAL SERVICE@C11658,5,1.0,0.0,1,1.0,1.0,-0.14320645444045138
LOCAL SERVICE@C11622,5,1.0,0.0,1,1.0,1.0,-0.14320645444045138
LOCAL SERVICE@C11553,5,1.0,0.0,1,1.0,1.0,-0.14320645444045138
LOCAL SERVICE@C11529,5,1.0,0.0,1,1.0,1.0,-0.14320645444045138
NETWORK SERVICE@C9860,5,1.0,0.0,1,1.0,1.0,-0.14320645444045138
NETWORK SERVICE@C9824,5,1.0,0.0,1,1.0,1.0,-0.14320645444045138
NETWORK SERVICE@C21830,5,1.0,0.0,1,1.0,1.0,-0.14320645444045138
NETWORK SERVICE@C21723,5,1.0,0.0,1,1.0,1.0,-0.14320645444045138
NETWORK SERVICE@C21623,5,1.0,0.0,1,1.0,1.0,-0.14320645444045138
NETWORK SERVICE@C9707,5,1.0,0.0,1,1.0,1.0,-0.14320645444045138
NETWORK SERVICE@C9670,5,1.0,0.0,1,1.0,1.0,-0.14320645444045138
NETWORK SERVICE@C9997,5,1.0,0.0,1,1.0,1.0,-0.14320645444045138
NETWORK SERVICE@C9978,5,1.0,0.0,1,1.0,1.0,-0.14320645444045138
NETWORK SERVICE@C9976,5,1.0,0.0,1,1.0,1.0,-0.14320645444045138
NETWORK SERVICE@C9964,5,1.0,0.0,1,1.0,1.0,-0.14320645444045138
NETWORK SERVICE@C14045,5,1.0,0.0,1,1.0,1.0,-0.14320645444045138
LOCAL SERVICE@C11470,5,1.0,0.0,1,1.0,1.0,-0.14320645444045138
LOCAL SERVICE@C11167,5,1.0,0.0,1,1.0,1.0,-0.14320645444045138
NETWORK SERVICE@C13968,5,1.0,0.0,1,1.0,1.0,-0.14320645444045138
NETWORK SERVICE@C13958,5,1.0,0.0,1,1.0,1.0,-0.14320645444045138
NETWORK SERVICE@C2329,5,1.0,0.0,1,1.0,1.0,-0.14320645444045138
LOCAL SERVICE@C10660,5,1.0,0.0,1,1.0,1.0,-0.14320645444045138
NETWORK SERVICE@C2565,5,1.0,0.0,1,1.0,1.0,-0.14320645444045138
NETWORK SERVICE@C2542,5,1.0,0.0,1,1.0,1.0,-0.14320645444045138
NETWORK SERVICE@C2501,5,1.0,0.0,1,1.0,1.0,-0.14320645444045138
NETWORK SERVICE@C4227,5,1.0,0.0,1,1.0,1.0,-0.14320645444045138
NETWORK SERVICE@C4212,5,1.0,0.0,1,1.0,1.0,-0.14320645444045138
NETWORK SERVICE@C4210,5,1.0,0.0,1,1.0,1.0,-0.14320645444045138
NETWORK SERVICE@C421,5,1.0,0.0,1,1.0,1.0,-0.14320645444045138
NETWORK SERVICE@C4200,5,1.0,0.0,1,1.0,1.0,-0.14320645444045138
NETWORK SERVICE@C4189,5,1.0,0.0,1,1.0,1.0,-0.14320645444045138
NETWORK SERVICE@C4183,5,1.0,0.0,1,1.0,1.0,-0.14320645444045138
NETWORK SERVICE@C4176,5,1.0,0.0,1,1.0,1.0,-0.14320645444045138
NETWORK SERVICE@C4167,5,1.0,0.0,1,1.0,1.0,-0.14320645444045138
NETWORK SERVICE@C4152,5,1.0,0.0,1,1.0,1.0,-0.14320645444045138
NETWORK SERVICE@C4135,5,1.0,0.0,1,1.0,1.0,-0.14320645444045138
NETWORK SERVICE@C13868,5,1.0,0.0,1,1.0,1.0,-0.14320645444045138
NETWORK SERVICE@C2486,5,1.0,0.0,1,1.0,1.0,-0.14320645444045138
NETWORK SERVICE@C13844,5,1.0,0.0,1,1.0,1.0,-0.14320645444045138
NETWORK SERVICE@C9163,5,1.0,0.0,1,1.0,1.0,-0.14320645444045138
NETWORK SERVICE@C2635,5,1.0,0.0,1,1.0,1.0,-0.14320645444045138
NETWORK SERVICE@C2608,5,1.0,0.0,1,1.0,1.0,-0.14320645444045138
NETWORK SERVICE@C2598,5,1.0,0.0,1,1.0,1.0,-0.14320645444045138
NETWORK SERVICE@C9585,5,1.0,0.0,1,1.0,1.0,-0.14320645444045138
NETWORK SERVICE@C9574,5,1.0,0.0,1,1.0,1.0,-0.14320645444045138
LOCAL SERVICE@C10884,5,1.0,0.0,1,1.0,1.0,-0.14320645444045138
LOCAL SERVICE@C10755,5,1.0,0.0,1,1.0,1.0,-0.14320645444045138
NETWORK SERVICE@C9526,5,1.0,0.0,1,1.0,1.0,-0.14320645444045138
NETWORK SERVICE@C9426,5,1.0,0.0,1,1.0,1.0,-0.14320645444045138
LOCAL SERVICE@C9670,5,1.0,0.0,1,1.0,1.0,-0.14320645444045138
NETWORK SERVICE@C9420,5,1.0,0.0,1,1.0,1.0,-0.14320645444045138
NETWORK SERVICE@C10705,5,1.0,0.0,1,1.0,1.0,-0.14320645444045138
NETWORK SERVICE@C10660,5,1.0,0.0,1,1.0,1.0,-0.14320645444045138
NETWORK SERVICE@C10593,5,1.0,0.0,1,1.0,1.0,-0.14320645444045138
NETWORK SERVICE@C9409,5,1.0,0.0,1,1.0,1.0,-0.14320645444045138
NETWORK SERVICE@C9382,5,1.0,0.0,1,1.0,1.0,-0.14320645444045138
NETWORK SERVICE@C3417,5,1.0,0.0,1,1.0,1.0,-0.14320645444045138
NETWORK SERVICE@C3408,5,1.0,0.0,1,1.0,1.0,-0.14320645444045138
NETWORK SERVICE@C3399,5,1.0,0.0,1,1.0,1.0,-0.14320645444045138
NETWORK SERVICE@C3381,5,1.0,0.0,1,1.0,1.0,-0.14320645444045138
NETWORK SERVICE@C9287,5,1.0,0.0,1,1.0,1.0,-0.14320645444045138
NETWORK SERVICE@C9279,5,1.0,0.0,1,1.0,1.0,-0.14320645444045138
NETWORK SERVICE@C9195,5,1.0,0.0,1,1.0,1.0,-0.14320645444045138
NETWORK SERVICE@C3354,5,1.0,0.0,1,1.0,1.0,-0.14320645444045138
NETWORK SERVICE@C3344,5,1.0,0.0,1,1.0,1.0,-0.14320645444045138
NETWORK SERVICE@C3340,5,1.0,0.0,1,1.0,1.0,-0.14320645444045138
NETWORK SERVICE@C10281,5,1.0,0.0,1,1.0,1.0,-0.14320645444045138
ANONYMOUS LOGON@C2303,5,1.0,0.0,1,1.0,1.0,-0.14320645444045138
NETWORK SERVICE@C14174,5,1.0,0.0,1,1.0,1.0,-0.14320645444045138
NETWORK SERVICE@C14172,5,1.0,0.0,1,1.0,1.0,-0.14320645444045138
NETWORK SERVICE@C10576,5,1.0,0.0,1,1.0,1.0,-0.14320645444045138
NETWORK SERVICE@C10570,5,1.0,0.0,1,1.0,1.0,-0.14320645444045138
NETWORK SERVICE@C10512,5,1.0,0.0,1,1.0,1.0,-0.14320645444045138
NETWORK SERVICE@C10497,5,1.0,0.0,1,1.0,1.0,-0.14320645444045138
NETWORK SERVICE@C10495,5,1.0,0.0,1,1.0,1.0,-0.14320645444045138
NETWORK SERVICE@C11015,5,1.0,0.0,1,1.0,1.0,-0.14320645444045138
NETWORK SERVICE@C10957,5,1.0,0.0,1,1.0,1.0,-0.14320645444045138
NETWORK SERVICE@C10951,5,1.0,0.0,1,1.0,1.0,-0.14320645444045138
LOCAL SERVICE@C10713,5,1.0,0.0,1,1.0,1.0,-0.14320645444045138
LOCAL SERVICE@C10705,5,1.0,0.0,1,1.0,1.0,-0.14320645444045138
NETWORK SERVICE@C2716,5,1.0,0.0,1,1.0,1.0,-0.14320645444045138
NETWORK SERVICE@C2712,5,1.0,0.0,1,1.0,1.0,-0.14320645444045138
NETWORK SERVICE@C14151,5,1.0,0.0,1,1.0,1.0,-0.14320645444045138
NETWORK SERVICE@C14102,5,1.0,0.0,1,1.0,1.0,-0.14320645444045138
NETWORK SERVICE@C2817,5,1.0,0.0,1,1.0,1.0,-0.14320645444045138
NETWORK SERVICE@C2784,5,1.0,0.0,1,1.0,1.0,-0.14320645444045138
C4796$@DOM1,148,1.0,0.0,9,1.0,1.0,-0.1432324839957434
U835@DOM1,130,1.0,0.0,9,1.0,1.0,-0.1432331003988601
U5599@DOM1,129,1.0,0.0,9,1.0,1.0,-0.1432331003988601
U299@DOM1,130,1.0,0.0,9,1.0,1.0,-0.1432331003988601
C9416$@DOM1,130,1.0,0.0,9,1.0,1.0,-0.1432331003988601
U852@DOM1,128,1.0,0.0,9,1.0,1.0,-0.1432331003988601
U1124@DOM1,153,1.0,0.0,9,1.0,1.0,-0.14323569930654667
U7276@DOM1,153,1.0,0.0,9,1.0,1.0,-0.14323569930654667
C1716$@DOM1,209,1.0,0.0,7,1.0,0.9952153110047847,-0.14324038221468904
U4718@DOM1,125,1.0,0.0,9,1.0,1.0,-0.14324767729311833
U3178@DOM1,125,1.0,0.0,9,1.0,1.0,-0.14324767729311833
U7543@DOM1,125,1.0,0.0,9,1.0,1.0,-0.14324767729311833
C18568$@DOM1,125,1.0,0.0,9,1.0,1.0,-0.14324767729311833
U1009@DOM1,125,1.0,0.0,9,1.0,1.0,-0.14324767729311833
U966@DOM1,125,1.0,0.0,9,1.0,1.0,-0.14324767729311833
U998@DOM1,151,1.0,0.0,9,1.0,1.0,-0.14325852642879716
U7467@DOM1,145,1.0,0.0,9,1.0,1.0,-0.14327054972008557
C2221$@DOM1,145,1.0,0.0,9,1.0,1.0,-0.14327054972008557
C2904$@DOM1,145,1.0,0.0,9,1.0,1.0,-0.14327054972008557
U4003@DOM1,28,1.0,0.0,6,1.0,1.0,-0.14327707443629734
C1877$@DOM1,29,1.0,0.0,6,1.0,1.0,-0.14327707443629734
C9529$@DOM1,157,1.0,0.0,8,1.0,0.9936305732484076,-0.14329571670755853
C20767$@DOM1,157,1.0,0.0,8,1.0,0.9936305732484076,-0.14329571670755853
C16202$@DOM1,157,1.0,0.0,8,1.0,0.9936305732484076,-0.14329571670755853
C1459$@DOM1,157,1.0,0.0,8,1.0,0.9936305732484076,-0.14329571670755853
C660$@DOM1,157,1.0,0.0,8,1.0,0.9936305732484076,-0.14329571670755853
C16652$@DOM1,157,1.0,0.0,8,1.0,0.9936305732484076,-0.14329571670755853
C17899$@DOM1,208,1.0,0.0,7,1.0,0.9951923076923077,-0.1433092144283964
C1331$@DOM1,208,1.0,0.0,7,1.0,0.9951923076923077,-0.1433092144283964
C3541$@DOM1,208,1.0,0.0,7,1.0,0.9951923076923077,-0.1433092144283964
C14465$@DOM1,208,1.0,0.0,7,1.0,0.9951923076923077,-0.1433092144283964
C13606$@DOM1,163,1.0,0.0,8,1.0,0.9938650306748467,-0.14333421504381477
C18967$@DOM1,163,1.0,0.0,8,1.0,0.9938650306748467,-0.14333421504381477
C1307$@DOM1,163,1.0,0.0,8,1.0,0.9938650306748467,-0.14333421504381477
C7910$@DOM1,163,1.0,0.0,8,1.0,0.9938650306748467,-0.14333421504381477
C8159$@DOM1,163,1.0,0.0,8,1.0,0.9938650306748467,-0.14333421504381477
C1942$@DOM1,163,1.0,0.0,8,1.0,0.9938650306748467,-0.14333421504381477
C1082$@DOM1,163,1.0,0.0,8,1.0,0.9938650306748467,-0.14333421504381477
C9000$@DOM1,160,1.0,0.0,8,1.0,0.99375,-0.14333451881189896
C3333$@DOM1,160,1.0,0.0,8,1.0,0.99375,-0.14333451881189896
C18806$@DOM1,160,1.0,0.0,8,1.0,0.99375,-0.14333451881189896
C18861$@DOM1,117,1.0,0.0,7,1.0,0.9914529914529915,-0.14334159247270656
C15441$@DOM1,117,1.0,0.0,7,1.0,0.9914529914529915,-0.14334159247270656
C811$@DOM1,117,1.0,0.0,7,1.0,0.9914529914529915,-0.14334159247270656
U3823@DOM1,35,1.0,0.0,5,1.0,1.0,-0.14337214502971712
U1063@DOM1,35,1.0,0.0,5,1.0,1.0,-0.14337214502971712
U7044@DOM1,35,1.0,0.0,5,1.0,1.0,-0.14337214502971712
U9638@DOM1,35,1.0,0.0,5,1.0,1.0,-0.14337214502971712
U5977@DOM1,35,1.0,0.0,5,1.0,1.0,-0.14337214502971712
U10058@DOM1,35,1.0,0.0,5,1.0,1.0,-0.14337214502971712
U7482@DOM1,35,1.0,0.0,5,1.0,1.0,-0.14337214502971712
U4918@DOM1,35,1.0,0.0,5,1.0,1.0,-0.14337214502971712
U6649@DOM1,35,1.0,0.0,5,1.0,1.0,-0.14337214502971712
U8710@DOM1,35,1.0,0.0,5,1.0,1.0,-0.14337214502971712
C224$@DOM1,164,1.0,0.0,8,1.0,0.9939024390243902,-0.14337635299304735
C1194$@DOM1,164,1.0,0.0,8,1.0,0.9939024390243902,-0.14337635299304735
C18955$@DOM1,164,1.0,0.0,8,1.0,0.9939024390243902,-0.14337635299304735
C12782$@DOM1,164,1.0,0.0,8,1.0,0.9939024390243902,-0.14337635299304735
C3157$@DOM1,164,1.0,0.0,8,1.0,0.9939024390243902,-0.14337635299304735
C831$@DOM1,164,1.0,0.0,8,1.0,0.9939024390243902,-0.14337635299304735
C5794$@DOM1,164,1.0,0.0,8,1.0,0.9939024390243902,-0.14337635299304735
U3014@DOM1,120,1.0,0.0,9,1.0,1.0,-0.14337687695519896
U7519@DOM1,120,1.0,0.0,9,1.0,1.0,-0.14337687695519896
C3434$@DOM1,197,1.0,0.0,5,1.0,1.0,-0.1433794412392867
C20371$@DOM1,197,1.0,0.0,5,1.0,1.0,-0.1433794412392867
C3088$@DOM1,198,1.0,0.0,5,1.0,1.0,-0.1433794412392867
C20570$@DOM1,197,1.0,0.0,5,1.0,1.0,-0.1433794412392867
C14566$@DOM1,198,1.0,0.0,5,1.0,1.0,-0.1433794412392867
C15436$@DOM1,154,1.0,0.0,4,1.0,1.0,-0.143382336118884
C4702$@DOM1,154,1.0,0.0,4,1.0,1.0,-0.143382336118884
C6683$@DOM1,154,1.0,0.0,4,1.0,1.0,-0.143382336118884
C14189$@DOM1,154,1.0,0.0,4,1.0,1.0,-0.143382336118884
C16473$@DOM1,154,1.0,0.0,4,1.0,1.0,-0.143382336118884
C9412$@DOM1,154,1.0,0.0,4,1.0,1.0,-0.143382336118884
C15016$@DOM1,154,1.0,0.0,4,1.0,1.0,-0.143382336118884
C16340$@DOM1,154,1.0,0.0,4,1.0,1.0,-0.143382336118884
C3215$@DOM1,154,1.0,0.0,4,1.0,1.0,-0.143382336118884
C508$@DOM1,159,1.0,0.0,8,1.0,0.9937106918238994,-0.14339338251215694
C1293$@DOM1,159,1.0,0.0,8,1.0,0.9937106918238994,-0.14339338251215694
C13732$@DOM1,159,1.0,0.0,8,1.0,0.9937106918238994,-0.14339338251215694
C16478$@DOM1,159,1.0,0.0,8,1.0,0.9937106918238994,-0.14339338251215694
C14341$@DOM1,159,1.0,0.0,8,1.0,0.9937106918238994,-0.14339338251215694
C11959$@DOM1,159,1.0,0.0,8,1.0,0.9937106918238994,-0.14339338251215694
C18630$@DOM1,173,1.0,0.0,8,1.0,0.9942196531791907,-0.14340154389812576
C845$@DOM1,173,1.0,0.0,8,1.0,0.9942196531791907,-0.14340154389812576
C13486$@DOM1,173,1.0,0.0,8,1.0,0.9942196531791907,-0.14340154389812576
C19630$@DOM1,173,1.0,0.0,8,1.0,0.9942196531791907,-0.14340154389812576
C19081$@DOM1,173,1.0,0.0,8,1.0,0.9942196531791907,-0.14340154389812576
C2369$@DOM1,100,1.0,0.0,4,1.0,1.0,-0.14340345653434944
C4379$@DOM1,100,1.0,0.0,4,1.0,1.0,-0.14340345653434944
C5271$@DOM1,100,1.0,0.0,4,1.0,1.0,-0.14340345653434944
C9952$@DOM1,100,1.0,0.0,4,1.0,1.0,-0.14340345653434944
C11039$@DOM1,100,1.0,0.0,4,1.0,1.0,-0.14340345653434944
C12115$@DOM1,100,1.0,0.0,4,1.0,1.0,-0.14340345653434944
C4343$@DOM1,100,1.0,0.0,4,1.0,1.0,-0.14340345653434944
C2514$@DOM1,153,1.0,0.0,4,1.0,1.0,-0.14340393550946234
C15984$@DOM1,153,1.0,0.0,4,1.0,1.0,-0.14340393550946234
C1706$@DOM1,150,1.0,0.0,9,1.0,1.0,-0.1434170662228672
C5264$@DOM1,150,1.0,0.0,9,1.0,1.0,-0.1434170662228672
U1083@DOM1,150,1.0,0.0,9,1.0,1.0,-0.1434170662228672
C16130$@DOM1,99,1.0,0.0,4,1.0,1.0,-0.14341925404462047
C1930$@DOM1,99,1.0,0.0,4,1.0,1.0,-0.14341925404462047
C19284$@DOM1,99,1.0,0.0,4,1.0,1.0,-0.14341925404462047
C8422$@DOM1,99,1.0,0.0,4,1.0,1.0,-0.14341925404462047
C7824$@DOM1,207,1.0,0.0,7,1.0,0.9951690821256038,-0.1434352739207807
C1336$@DOM1,207,1.0,0.0,7,1.0,0.9951690821256038,-0.1434352739207807
C18242$@DOM1,207,1.0,0.0,7,1.0,0.9951690821256038,-0.1434352739207807
C4872$@DOM1,207,1.0,0.0,7,1.0,0.9951690821256038,-0.1434352739207807
C16965$@DOM1,207,1.0,0.0,7,1.0,0.9951690821256038,-0.1434352739207807
U6515@DOM1,119,1.0,0.0,9,1.0,1.0,-0.1434791434857277
U3287@DOM1,119,1.0,0.0,9,1.0,1.0,-0.1434791434857277
U3408@DOM1,119,1.0,0.0,9,1.0,1.0,-0.1434791434857277
C11677$@DOM1,119,1.0,0.0,9,1.0,1.0,-0.1434791434857277
U3373@DOM1,119,1.0,0.0,9,1.0,1.0,-0.1434791434857277
C19810$@DOM1,158,1.0,0.0,8,1.0,0.9936708860759493,-0.14350822477344682
C820$@DOM1,158,1.0,0.0,8,1.0,0.9936708860759493,-0.14350822477344682
C10289$@DOM1,158,1.0,0.0,8,1.0,0.9936708860759493,-0.14350822477344682
C202$@DOM1,158,1.0,0.0,8,1.0,0.9936708860759493,-0.14350822477344682
C14423$@DOM1,158,1.0,0.0,8,1.0,0.9936708860759493,-0.14350822477344682
C188$@DOM1,158,1.0,0.0,8,1.0,0.9936708860759493,-0.14350822477344682
C19612$@DOM1,158,1.0,0.0,8,1.0,0.9936708860759493,-0.14350822477344682
C1542$@DOM1,158,1.0,0.0,8,1.0,0.9936708860759493,-0.14350822477344682
C6296$@DOM1,117,1.0,0.0,6,1.0,0.9914529914529915,-0.14351323424327223
C1305$@DOM1,117,1.0,0.0,6,1.0,0.9914529914529915,-0.14351323424327223
C9441$@DOM1,117,1.0,0.0,6,1.0,0.9914529914529915,-0.14351323424327223
C19052$@DOM1,117,1.0,0.0,6,1.0,0.9914529914529915,-0.14351323424327223
C1975$@DOM1,211,1.0,0.0,7,1.0,0.995260663507109,-0.14353913593668405
C1264$@DOM1,211,1.0,0.0,7,1.0,0.995260663507109,-0.14353913593668405
C6304$@DOM1,211,1.0,0.0,7,1.0,0.995260663507109,-0.14353913593668405
C1213$@DOM1,211,1.0,0.0,7,1.0,0.995260663507109,-0.14353913593668405
C711$@DOM1,211,1.0,0.0,7,1.0,0.995260663507109,-0.14353913593668405
C5398$@DOM1,152,1.0,0.0,4,1.0,1.0,-0.14355567783321022
C4503$@DOM1,152,1.0,0.0,4,1.0,1.0,-0.14355567783321022
C4355$@DOM1,152,1.0,0.0,4,1.0,1.0,-0.14355567783321022
C13448$@DOM1,152,1.0,0.0,4,1.0,1.0,-0.14355567783321022
C8647$@DOM1,152,1.0,0.0,4,1.0,1.0,-0.14355567783321022
C18014$@DOM1,152,1.0,0.0,4,1.0,1.0,-0.14355567783321022
C13234$@DOM1,118,1.0,0.0,7,1.0,0.9915254237288136,-0.14357508776341216
C15684$@DOM1,118,1.0,0.0,7,1.0,0.9915254237288136,-0.14357508776341216
C2596$@DOM1,118,1.0,0.0,7,1.0,0.9915254237288136,-0.14357508776341216
C7290$@DOM1,118,1.0,0.0,7,1.0,0.9915254237288136,-0.14357508776341216
C6322$@DOM1,223,1.0,0.0,6,1.0,1.0,-0.14358949150878692
U345@DOM1,222,1.0,0.0,6,1.0,1.0,-0.14360199406596907
C17081$@DOM1,222,1.0,0.0,6,1.0,1.0,-0.14360199406596907
C6290$@DOM1,122,1.0,0.0,7,1.0,0.9918032786885246,-0.14364802484695305
C319$@DOM1,122,1.0,0.0,7,1.0,0.9918032786885246,-0.14364802484695305
C207$@DOM1,122,1.0,0.0,7,1.0,0.9918032786885246,-0.14364802484695305
C11734$@DOM1,122,1.0,0.0,7,1.0,0.9918032786885246,-0.14364802484695305
C2794$@DOM1,101,1.0,0.0,4,1.0,1.0,-0.1436814184290598
C8501$@DOM1,101,1.0,0.0,4,1.0,1.0,-0.1436814184290598
U713@DOM1,101,1.0,0.0,4,1.0,1.0,-0.1436814184290598
C18137$@DOM1,102,1.0,0.0,4,1.0,1.0,-0.1436814184290598
C3570$@DOM1,102,1.0,0.0,4,1.0,1.0,-0.1436814184290598
C12837$@DOM1,101,1.0,0.0,4,1.0,1.0,-0.1436814184290598
C11594$@DOM1,102,1.0,0.0,4,1.0,1.0,-0.1436814184290598
C2547$@DOM1,101,1.0,0.0,4,1.0,1.0,-0.1436814184290598
C2641$@DOM1,101,1.0,0.0,4,1.0,1.0,-0.1436814184290598
C9264$@DOM1,101,1.0,0.0,4,1.0,1.0,-0.1436814184290598
C2987$@DOM1,101,1.0,0.0,4,1.0,1.0,-0.1436814184290598
C615$@DOM1,102,1.0,0.0,4,1.0,1.0,-0.1436814184290598
C3894$@DOM1,101,1.0,0.0,4,1.0,1.0,-0.1436814184290598
C1680$@DOM1,102,1.0,0.0,4,1.0,1.0,-0.1436814184290598
C11366$@DOM1,102,1.0,0.0,4,1.0,1.0,-0.1436814184290598
C2128$@DOM1,102,1.0,0.0,4,1.0,1.0,-0.1436814184290598
C13559$@DOM1,102,1.0,0.0,4,1.0,1.0,-0.1436814184290598
C3350$@DOM1,102,1.0,0.0,4,1.0,1.0,-0.1436814184290598
C6824$@DOM1,197,1.0,0.0,6,1.0,0.9949238578680203,-0.14369461559504237
C6576$@DOM1,197,1.0,0.0,6,1.0,0.9949238578680203,-0.14369461559504237
C1743$@DOM1,105,1.0,0.0,4,1.0,1.0,-0.14370019942924994
C6121$@DOM1,105,1.0,0.0,4,1.0,1.0,-0.14370019942924994
C10031$@DOM1,105,1.0,0.0,4,1.0,1.0,-0.14370019942924994
U459@DOM1,118,1.0,0.0,9,1.0,1.0,-0.1437167487632759
U5214@DOM1,118,1.0,0.0,9,1.0,1.0,-0.1437167487632759
U4382@DOM1,118,1.0,0.0,9,1.0,1.0,-0.1437167487632759
U939@DOM1,118,1.0,0.0,9,1.0,1.0,-0.1437167487632759
C14858$@DOM1,206,1.0,0.0,7,1.0,0.9951456310679612,-0.1437217511014962
C3139$@DOM1,206,1.0,0.0,7,1.0,0.9951456310679612,-0.1437217511014962
C17021$@DOM1,206,1.0,0.0,7,1.0,0.9951456310679612,-0.1437217511014962
C15661$@DOM1,206,1.0,0.0,7,1.0,0.9951456310679612,-0.1437217511014962
C613$@DOM1,205,1.0,0.0,7,1.0,0.9951219512195122,-0.1437217511014962
C1554$@DOM1,206,1.0,0.0,7,1.0,0.9951456310679612,-0.1437217511014962
C5830$@DOM1,205,1.0,0.0,7,1.0,0.9951219512195122,-0.1437217511014962
C334$@DOM1,219,1.0,0.0,8,1.0,1.0,-0.14372430034119427
C20478$@DOM1,219,1.0,0.0,8,1.0,1.0,-0.14372430034119427
C1650$@DOM1,201,1.0,0.0,7,1.0,0.9950248756218906,-0.14372994723444932
C18174$@DOM1,202,1.0,0.0,7,1.0,0.995049504950495,-0.14372994723444932
C298$@DOM1,201,1.0,0.0,7,1.0,0.9950248756218906,-0.14372994723444932
C7654$@DOM1,202,1.0,0.0,7,1.0,0.995049504950495,-0.14372994723444932
C10579$@DOM1,202,1.0,0.0,7,1.0,0.995049504950495,-0.14372994723444932
C6367$@DOM1,202,1.0,0.0,7,1.0,0.995049504950495,-0.14372994723444932
C1813$@DOM1,202,1.0,0.0,7,1.0,0.995049504950495,-0.14372994723444932
C1161$@DOM1,202,1.0,0.0,7,1.0,0.995049504950495,-0.14372994723444932
C800$@DOM1,161,1.0,0.0,8,1.0,0.9937888198757764,-0.14373747809845006
C6986$@DOM1,161,1.0,0.0,8,1.0,0.9937888198757764,-0.14373747809845006
C20416$@DOM1,119,1.0,0.0,6,1.0,0.9915966386554622,-0.14374661716442688
C7898$@DOM1,119,1.0,0.0,6,1.0,0.9915966386554622,-0.14374661716442688
C18283$@DOM1,119,1.0,0.0,6,1.0,0.9915966386554622,-0.14374661716442688
C14748$@DOM1,107,1.0,0.0,4,1.0,1.0,-0.1437679190313031
C3496$@DOM1,107,1.0,0.0,4,1.0,1.0,-0.1437679190313031
C14962$@DOM1,107,1.0,0.0,4,1.0,1.0,-0.1437679190313031
C19950$@DOM1,107,1.0,0.0,4,1.0,1.0,-0.1437679190313031
C16598$@DOM1,107,1.0,0.0,4,1.0,1.0,-0.1437679190313031
C13648$@DOM1,107,1.0,0.0,4,1.0,1.0,-0.1437679190313031
C8666$@DOM1,107,1.0,0.0,4,1.0,1.0,-0.1437679190313031
C7318$@DOM1,107,1.0,0.0,4,1.0,1.0,-0.1437679190313031
C347$@DOM1,107,1.0,0.0,4,1.0,1.0,-0.1437679190313031
C1622$@DOM1,107,1.0,0.0,4,1.0,1.0,-0.1437679190313031
C4718$@DOM1,107,1.0,0.0,4,1.0,1.0,-0.1437679190313031
C20614$@DOM1,107,1.0,0.0,4,1.0,1.0,-0.1437679190313031
C19930$@DOM1,204,1.0,0.0,7,1.0,0.9950980392156863,-0.1437763512683023
C2663$@DOM1,106,1.0,0.0,4,1.0,1.0,-0.14378588023512073
C5183$@DOM1,106,1.0,0.0,4,1.0,1.0,-0.14378588023512073
C12502$@DOM1,106,1.0,0.0,4,1.0,1.0,-0.14378588023512073
C2647$@DOM1,106,1.0,0.0,4,1.0,1.0,-0.14378588023512073
C11918$@DOM1,106,1.0,0.0,4,1.0,1.0,-0.14378588023512073
C9119$@DOM1,106,1.0,0.0,4,1.0,1.0,-0.14378588023512073
C8308$@DOM1,196,1.0,0.0,5,1.0,1.0,-0.14378866004112667
C3464$@DOM1,196,1.0,0.0,5,1.0,1.0,-0.14378866004112667
C21008$@DOM1,120,1.0,0.0,6,1.0,0.9916666666666667,-0.14382754623628274
C126$@DOM1,120,1.0,0.0,6,1.0,0.9916666666666667,-0.14382754623628274
C717$@DOM1,120,1.0,0.0,6,1.0,0.9916666666666667,-0.14382754623628274
C15991$@DOM1,149,1.0,0.0,4,1.0,1.0,-0.1438278903129951
C12892$@DOM1,149,1.0,0.0,4,1.0,1.0,-0.1438278903129951
C10927$@DOM1,149,1.0,0.0,4,1.0,1.0,-0.1438278903129951
C4595$@DOM1,149,1.0,0.0,4,1.0,1.0,-0.1438278903129951
C9048$@DOM1,149,1.0,0.0,4,1.0,1.0,-0.1438278903129951
C13602$@DOM1,149,1.0,0.0,4,1.0,1.0,-0.1438278903129951
C16732$@DOM1,149,1.0,0.0,4,1.0,1.0,-0.1438278903129951
C21833$@DOM1,149,1.0,0.0,4,1.0,1.0,-0.1438278903129951
U352@DOM1,45,1.0,0.0,8,1.0,1.0,-0.14383521132326782
C19134$@DOM1,203,1.0,0.0,7,1.0,0.9950738916256158,-0.14384151399216188
C2637$@DOM1,203,1.0,0.0,7,1.0,0.9950738916256158,-0.14384151399216188
C3311$@DOM1,162,1.0,0.0,8,1.0,0.9938271604938271,-0.14386001148440875
C19213$@DOM1,162,1.0,0.0,8,1.0,0.9938271604938271,-0.14386001148440875
C10321$@DOM1,162,1.0,0.0,8,1.0,0.9938271604938271,-0.14386001148440875
C13441$@DOM1,162,1.0,0.0,8,1.0,0.9938271604938271,-0.14386001148440875
C17903$@DOM1,122,1.0,0.0,6,1.0,0.9918032786885246,-0.1438740827385957
C9095$@DOM1,122,1.0,0.0,6,1.0,0.9918032786885246,-0.1438740827385957
C1475$@DOM1,122,1.0,0.0,6,1.0,0.9918032786885246,-0.1438740827385957
C1192$@DOM1,122,1.0,0.0,6,1.0,0.9918032786885246,-0.1438740827385957
U1061@DOM1,27,1.0,0.0,7,1.0,1.0,-0.14387783588156966
U1543@DOM1,28,1.0,0.0,7,1.0,1.0,-0.14387783588156966
C3668$@DOM1,166,1.0,0.0,8,1.0,0.9939759036144579,-0.14392176193857892
C20246$@DOM1,166,1.0,0.0,8,1.0,0.9939759036144579,-0.14392176193857892
C21135$@DOM1,166,1.0,0.0,8,1.0,0.9939759036144579,-0.14392176193857892
C12925$@DOM1,166,1.0,0.0,8,1.0,0.9939759036144579,-0.14392176193857892
C11585$@DOM1,166,1.0,0.0,8,1.0,0.9939759036144579,-0.14392176193857892
C6665$@DOM1,151,1.0,0.0,4,1.0,1.0,-0.143935945925389
C8377$@DOM1,151,1.0,0.0,4,1.0,1.0,-0.143935945925389
C12181$@DOM1,151,1.0,0.0,4,1.0,1.0,-0.143935945925389
C15056$@DOM1,151,1.0,0.0,4,1.0,1.0,-0.143935945925389
C1418$@DOM1,199,1.0,0.0,7,1.0,0.9949748743718593,-0.14397405371450683
C2576$@DOM1,199,1.0,0.0,7,1.0,0.9949748743718593,-0.14397405371450683
U9322@DOM1,218,1.0,0.0,8,1.0,1.0,-0.14398832484753477
C16514$@DOM1,217,1.0,0.0,8,1.0,1.0,-0.14398832484753477
C8794$@DOM1,218,1.0,0.0,8,1.0,1.0,-0.14398832484753477
C9351$@DOM1,217,1.0,0.0,8,1.0,1.0,-0.14398832484753477
C494$@DOM1,171,1.0,0.0,8,1.0,0.9941520467836257,-0.14400087275322693
C15924$@DOM1,171,1.0,0.0,8,1.0,0.9941520467836257,-0.14400087275322693
C1017$@DOM1,171,1.0,0.0,8,1.0,0.9941520467836257,-0.14400087275322693
C555$@DOM1,171,1.0,0.0,8,1.0,0.9941520467836257,-0.14400087275322693
C16758$@DOM1,119,1.0,0.0,7,1.0,0.9915966386554622,-0.1440054839140824
C10636$@DOM1,119,1.0,0.0,7,1.0,0.9915966386554622,-0.1440054839140824
C13698$@DOM1,119,1.0,0.0,7,1.0,0.9915966386554622,-0.1440054839140824
C14910$@DOM1,150,1.0,0.0,4,1.0,1.0,-0.1440563601930719
C2181$@DOM1,150,1.0,0.0,4,1.0,1.0,-0.1440563601930719
C12421$@DOM1,150,1.0,0.0,4,1.0,1.0,-0.1440563601930719
C4513$@DOM1,150,1.0,0.0,4,1.0,1.0,-0.1440563601930719
C2883$@DOM1,150,1.0,0.0,4,1.0,1.0,-0.1440563601930719
C11132$@DOM1,150,1.0,0.0,4,1.0,1.0,-0.1440563601930719
C11879$@DOM1,121,1.0,0.0,6,1.0,0.9917355371900827,-0.14407174038283788
C3036$@DOM1,121,1.0,0.0,6,1.0,0.9917355371900827,-0.14407174038283788
C14930$@DOM1,121,1.0,0.0,6,1.0,0.9917355371900827,-0.14407174038283788
C16911$@DOM1,167,1.0,0.0,8,1.0,0.9940119760479041,-0.14408585473156288
C11576$@DOM1,167,1.0,0.0,8,1.0,0.9940119760479041,-0.14408585473156288
C837$@DOM1,167,1.0,0.0,8,1.0,0.9940119760479041,-0.14408585473156288
C120$@DOM1,121,1.0,0.0,7,1.0,0.9917355371900827,-0.14410171653108206
C408$@DOM1,121,1.0,0.0,7,1.0,0.9917355371900827,-0.14410171653108206
C19199$@DOM1,121,1.0,0.0,7,1.0,0.9917355371900827,-0.14410171653108206
C19961$@DOM1,170,1.0,0.0,8,1.0,0.9941176470588236,-0.14411620809118347
C3460$@DOM1,170,1.0,0.0,8,1.0,0.9941176470588236,-0.14411620809118347
C10839$@DOM1,170,1.0,0.0,8,1.0,0.9941176470588236,-0.14411620809118347
C6181$@DOM1,170,1.0,0.0,8,1.0,0.9941176470588236,-0.14411620809118347
C16299$@DOM1,170,1.0,0.0,8,1.0,0.9941176470588236,-0.14411620809118347
C11671$@DOM1,170,1.0,0.0,8,1.0,0.9941176470588236,-0.14411620809118347
C9611$@DOM1,170,1.0,0.0,8,1.0,0.9941176470588236,-0.14411620809118347
C1325$@DOM1,165,1.0,0.0,8,1.0,0.9939393939393939,-0.14413609243619385
C21464$@DOM1,165,1.0,0.0,8,1.0,0.9939393939393939,-0.14413609243619385
C10978$@DOM1,165,1.0,0.0,8,1.0,0.9939393939393939,-0.14413609243619385
C6035$@DOM1,165,1.0,0.0,8,1.0,0.9939393939393939,-0.14413609243619385
C15530$@DOM1,165,1.0,0.0,8,1.0,0.9939393939393939,-0.14413609243619385
C14835$@DOM1,165,1.0,0.0,8,1.0,0.9939393939393939,-0.14413609243619385
C18113$@DOM1,165,1.0,0.0,8,1.0,0.9939393939393939,-0.14413609243619385
C6012$@DOM1,165,1.0,0.0,8,1.0,0.9939393939393939,-0.14413609243619385
C1280$@DOM1,165,1.0,0.0,8,1.0,0.9939393939393939,-0.14413609243619385
C787$@DOM1,165,1.0,0.0,8,1.0,0.9939393939393939,-0.14413609243619385
C11800$@DOM1,169,1.0,0.0,8,1.0,0.9940828402366864,-0.14420475851091508
C14670$@DOM1,169,1.0,0.0,8,1.0,0.9940828402366864,-0.14420475851091508
C17913$@DOM1,169,1.0,0.0,8,1.0,0.9940828402366864,-0.14420475851091508
C18351$@DOM1,169,1.0,0.0,8,1.0,0.9940828402366864,-0.14420475851091508
C14433$@DOM1,168,1.0,0.0,8,1.0,0.9940476190476191,-0.1442867038702207
C985$@DOM1,168,1.0,0.0,8,1.0,0.9940476190476191,-0.1442867038702207
C9182$@DOM1,168,1.0,0.0,8,1.0,0.9940476190476191,-0.1442867038702207
C21132$@DOM1,168,1.0,0.0,8,1.0,0.9940476190476191,-0.1442867038702207
C848$@DOM1,168,1.0,0.0,8,1.0,0.9940476190476191,-0.1442867038702207
C20025$@DOM1,168,1.0,0.0,8,1.0,0.9940476190476191,-0.1442867038702207
C3575$@DOM1,168,1.0,0.0,8,1.0,0.9940476190476191,-0.1442867038702207
C74$@DOM1,168,1.0,0.0,8,1.0,0.9940476190476191,-0.1442867038702207
U2474@DOM1,36,1.0,0.0,5,1.0,1.0,-0.14429981085948673
U8123@DOM1,36,1.0,0.0,5,1.0,1.0,-0.14429981085948673
U4794@DOM1,36,1.0,0.0,5,1.0,1.0,-0.14429981085948673
U687@DOM1,36,1.0,0.0,5,1.0,1.0,-0.14429981085948673
U8342@DOM1,36,1.0,0.0,5,1.0,1.0,-0.14429981085948673
U4938@DOM1,36,1.0,0.0,5,1.0,1.0,-0.14429981085948673
U3012@DOM1,36,1.0,0.0,5,1.0,1.0,-0.14429981085948673
U7650@DOM1,36,1.0,0.0,5,1.0,1.0,-0.14429981085948673
U6512@DOM1,36,1.0,0.0,5,1.0,1.0,-0.14429981085948673
C522$@DOM1,120,1.0,0.0,7,1.0,0.9916666666666667,-0.14436378376569536
C7891$@DOM1,120,1.0,0.0,7,1.0,0.9916666666666667,-0.14436378376569536
C514$@DOM1,120,1.0,0.0,7,1.0,0.9916666666666667,-0.14436378376569536
C11262$@DOM1,120,1.0,0.0,7,1.0,0.9916666666666667,-0.14436378376569536
C3326$@DOM1,120,1.0,0.0,7,1.0,0.9916666666666667,-0.14436378376569536
C65$@DOM1,120,1.0,0.0,7,1.0,0.9916666666666667,-0.14436378376569536
C19544$@DOM1,227,1.0,0.0,7,1.0,1.0,-0.1443815949337552
C2949$@DOM1,227,1.0,0.0,7,1.0,1.0,-0.1443815949337552
C21455$@DOM1,226,1.0,0.0,7,1.0,1.0,-0.1443815949337552
C8246$@DOM1,226,1.0,0.0,7,1.0,1.0,-0.1443815949337552
C12881$@DOM1,226,1.0,0.0,7,1.0,1.0,-0.1443815949337552
U5125@DOM1,37,1.0,0.0,5,1.0,1.0,-0.14441119916314044
U5919@DOM1,37,1.0,0.0,5,1.0,1.0,-0.14441119916314044
U9170@DOM1,37,1.0,0.0,5,1.0,1.0,-0.14441119916314044
U856@DOM1,37,1.0,0.0,5,1.0,1.0,-0.14441119916314044
C5061$@DOM1,148,1.0,0.0,4,1.0,1.0,-0.14441295370123847
C11384$@DOM1,148,1.0,0.0,4,1.0,1.0,-0.14441295370123847
C12380$@DOM1,148,1.0,0.0,4,1.0,1.0,-0.14441295370123847
C11533$@DOM1,148,1.0,0.0,4,1.0,1.0,-0.14441295370123847
C15617$@DOM1,148,1.0,0.0,4,1.0,1.0,-0.14441295370123847
C7982$@DOM1,148,1.0,0.0,4,1.0,1.0,-0.14441295370123847
C15955$@DOM1,148,1.0,0.0,4,1.0,1.0,-0.14441295370123847
C21688$@DOM1,148,1.0,0.0,4,1.0,1.0,-0.14441295370123847
C11731$@DOM1,148,1.0,0.0,4,1.0,1.0,-0.14441295370123847
C19667$@DOM1,196,1.0,0.0,6,1.0,0.9948979591836735,-0.14443154512928008
C18099$@DOM1,196,1.0,0.0,6,1.0,0.9948979591836735,-0.14443154512928008
C13903$@DOM1,196,1.0,0.0,6,1.0,0.9948979591836735,-0.14443154512928008
C9216$@DOM1,196,1.0,0.0,6,1.0,0.9948979591836735,-0.14443154512928008
U3368@DOM1,30,1.0,0.0,7,1.0,1.0,-0.14443966616038717
U4110@DOM1,30,1.0,0.0,7,1.0,1.0,-0.14443966616038717
C3062$@DOM1,123,1.0,0.0,7,1.0,0.991869918699187,-0.14445925069094478
C18733$@DOM1,123,1.0,0.0,7,1.0,0.991869918699187,-0.14445925069094478
U1187@DOM1,46,1.0,0.0,8,1.0,1.0,-0.14446877389040813
U9126@DOM1,46,1.0,0.0,8,1.0,1.0,-0.14446877389040813
U6376@DOM1,46,1.0,0.0,8,1.0,1.0,-0.14446877389040813
C18597$@DOM1,221,1.0,0.0,6,1.0,1.0,-0.14451758528272768
C11508$@DOM1,221,1.0,0.0,6,1.0,1.0,-0.14451758528272768
C6093$@DOM1,221,1.0,0.0,6,1.0,1.0,-0.14451758528272768
C15767$@DOM1,221,1.0,0.0,6,1.0,1.0,-0.14451758528272768
C4328$@DOM1,221,1.0,0.0,6,1.0,1.0,-0.14451758528272768
C14644$@DOM1,221,1.0,0.0,6,1.0,1.0,-0.14451758528272768
C6855$@DOM1,108,1.0,0.0,4,1.0,1.0,-0.1447571425687278
C11990$@DOM1,108,1.0,0.0,4,1.0,1.0,-0.1447571425687278
C5309$@DOM1,108,1.0,0.0,4,1.0,1.0,-0.1447571425687278
C11470$@DOM1,108,1.0,0.0,4,1.0,1.0,-0.1447571425687278
C11602$@DOM1,108,1.0,0.0,4,1.0,1.0,-0.1447571425687278
C20557$@DOM1,108,1.0,0.0,4,1.0,1.0,-0.1447571425687278
C16278$@DOM1,197,1.0,0.0,7,1.0,0.9949238578680203,-0.14476603787685544
C9933$@DOM1,198,1.0,0.0,7,1.0,0.9949494949494949,-0.14476603787685544
C19428$@DOM1,197,1.0,0.0,7,1.0,0.9949238578680203,-0.14476603787685544
C15875$@DOM1,197,1.0,0.0,7,1.0,0.9949238578680203,-0.14476603787685544
C13028$@DOM1,198,1.0,0.0,7,1.0,0.9949494949494949,-0.14476603787685544
C16125$@DOM1,198,1.0,0.0,7,1.0,0.9949494949494949,-0.14476603787685544
C7442$@DOM1,144,1.0,0.0,4,1.0,1.0,-0.1447926618872809
C3960$@DOM1,144,1.0,0.0,4,1.0,1.0,-0.1447926618872809
C4470$@DOM1,144,1.0,0.0,4,1.0,1.0,-0.1447926618872809
C13052$@DOM1,144,1.0,0.0,4,1.0,1.0,-0.1447926618872809
C18652$@DOM1,144,1.0,0.0,4,1.0,1.0,-0.1447926618872809
C4079$@DOM1,144,1.0,0.0,4,1.0,1.0,-0.1447926618872809
C15988$@DOM1,144,1.0,0.0,4,1.0,1.0,-0.1447926618872809
C18035$@DOM1,144,1.0,0.0,4,1.0,1.0,-0.1447926618872809
C11317$@DOM1,144,1.0,0.0,4,1.0,1.0,-0.1447926618872809
C8100$@DOM1,195,1.0,0.0,6,1.0,0.9948717948717949,-0.14483932187907222
C258$@DOM1,194,1.0,0.0,6,1.0,0.9948453608247423,-0.14483932187907222
C11900$@DOM1,194,1.0,0.0,6,1.0,0.9948453608247423,-0.14483932187907222
C18925$@DOM1,194,1.0,0.0,6,1.0,0.9948453608247423,-0.14483932187907222
U2120@DOM1,30,1.0,0.0,6,1.0,1.0,-0.14484418278929678
U1412@DOM1,30,1.0,0.0,6,1.0,1.0,-0.14484418278929678
C11266$@DOM1,225,1.0,0.0,7,1.0,1.0,-0.1448788068018163
C1244$@DOM1,224,1.0,0.0,7,1.0,1.0,-0.1448788068018163
C18528$@DOM1,225,1.0,0.0,7,1.0,1.0,-0.1448788068018163
C501$@DOM1,224,1.0,0.0,7,1.0,1.0,-0.1448788068018163
C1406$@DOM1,123,1.0,0.0,6,1.0,0.991869918699187,-0.14495581364184051
C10955$@DOM1,123,1.0,0.0,6,1.0,0.991869918699187,-0.14495581364184051
C19010$@DOM1,147,1.0,0.0,4,1.0,1.0,-0.1449636665330386
C11973$@DOM1,147,1.0,0.0,4,1.0,1.0,-0.1449636665330386
C3370$@DOM1,147,1.0,0.0,4,1.0,1.0,-0.1449636665330386
C3837$@DOM1,147,1.0,0.0,4,1.0,1.0,-0.1449636665330386
C5496$@DOM1,147,1.0,0.0,4,1.0,1.0,-0.1449636665330386
C7711$@DOM1,147,1.0,0.0,4,1.0,1.0,-0.1449636665330386
C17443$@DOM1,147,1.0,0.0,4,1.0,1.0,-0.1449636665330386
C8939$@DOM1,147,1.0,0.0,4,1.0,1.0,-0.1449636665330386
C16228$@DOM1,147,1.0,0.0,4,1.0,1.0,-0.1449636665330386
C256$@DOM1,124,1.0,0.0,7,1.0,0.9919354838709677,-0.1450083266605937
C16385$@DOM1,124,1.0,0.0,7,1.0,0.9919354838709677,-0.1450083266605937
U744@DOM1,48,1.0,0.0,8,1.0,1.0,-0.14503012315361902
U8568@DOM1,48,1.0,0.0,8,1.0,1.0,-0.14503012315361902
U9510@DOM1,48,1.0,0.0,8,1.0,1.0,-0.14503012315361902
U1867@DOM1,48,1.0,0.0,8,1.0,1.0,-0.14503012315361902
U1037@DOM1,47,1.0,0.0,8,1.0,1.0,-0.14503012315361902
U987@DOM1,48,1.0,0.0,8,1.0,1.0,-0.14503012315361902
U8608@DOM1,47,1.0,0.0,8,1.0,1.0,-0.14503012315361902
U4304@DOM1,48,1.0,0.0,8,1.0,1.0,-0.14503012315361902
C7354$@DOM1,220,1.0,0.0,6,1.0,1.0,-0.1450729825208329
C401$@DOM1,220,1.0,0.0,6,1.0,1.0,-0.1450729825208329
C8219$@DOM1,109,1.0,0.0,4,1.0,1.0,-0.14508587015184776
C8738$@DOM1,109,1.0,0.0,4,1.0,1.0,-0.14508587015184776
C4015$@DOM1,109,1.0,0.0,4,1.0,1.0,-0.14508587015184776
C18850$@DOM1,146,1.0,0.0,4,1.0,1.0,-0.145103383991028
C6379$@DOM1,145,1.0,0.0,4,1.0,1.0,-0.145103383991028
C4623$@DOM1,146,1.0,0.0,4,1.0,1.0,-0.145103383991028
C3682$@DOM1,146,1.0,0.0,4,1.0,1.0,-0.145103383991028
C4064$@DOM1,145,1.0,0.0,4,1.0,1.0,-0.145103383991028
C12800$@DOM1,145,1.0,0.0,4,1.0,1.0,-0.145103383991028
C19233$@DOM1,146,1.0,0.0,4,1.0,1.0,-0.145103383991028
C3513$@DOM1,145,1.0,0.0,4,1.0,1.0,-0.145103383991028
C2784$@DOM1,145,1.0,0.0,4,1.0,1.0,-0.145103383991028
C14878$@DOM1,145,1.0,0.0,4,1.0,1.0,-0.145103383991028
C18176$@DOM1,146,1.0,0.0,4,1.0,1.0,-0.145103383991028
C1878$@DOM1,145,1.0,0.0,4,1.0,1.0,-0.145103383991028
C10918$@DOM1,146,1.0,0.0,4,1.0,1.0,-0.145103383991028
C11006$@DOM1,146,1.0,0.0,4,1.0,1.0,-0.145103383991028
C18722$@DOM1,145,1.0,0.0,4,1.0,1.0,-0.145103383991028
C2436$@DOM1,145,1.0,0.0,4,1.0,1.0,-0.145103383991028
C18479$@DOM1,145,1.0,0.0,4,1.0,1.0,-0.145103383991028
C18432$@DOM1,145,1.0,0.0,4,1.0,1.0,-0.145103383991028
C14866$@DOM1,146,1.0,0.0,4,1.0,1.0,-0.145103383991028
C3917$@DOM1,145,1.0,0.0,4,1.0,1.0,-0.145103383991028
C4917$@DOM1,145,1.0,0.0,4,1.0,1.0,-0.145103383991028
C6555$@DOM1,146,1.0,0.0,4,1.0,1.0,-0.145103383991028
C4883$@DOM1,145,1.0,0.0,4,1.0,1.0,-0.145103383991028
C10581$@DOM1,146,1.0,0.0,4,1.0,1.0,-0.145103383991028
C3768$@DOM1,146,1.0,0.0,4,1.0,1.0,-0.145103383991028
C8818$@DOM1,143,1.0,0.0,4,1.0,1.0,-0.14511256593340877
C4600$@DOM1,143,1.0,0.0,4,1.0,1.0,-0.14511256593340877
C6969$@DOM1,143,1.0,0.0,4,1.0,1.0,-0.14511256593340877
C2377$@DOM1,143,1.0,0.0,4,1.0,1.0,-0.14511256593340877
C10512$@DOM1,143,1.0,0.0,4,1.0,1.0,-0.14511256593340877
C17946$@DOM1,143,1.0,0.0,4,1.0,1.0,-0.14511256593340877
C11067$@DOM1,143,1.0,0.0,4,1.0,1.0,-0.14511256593340877
C15108$@DOM1,143,1.0,0.0,4,1.0,1.0,-0.14511256593340877
C5154$@DOM1,143,1.0,0.0,4,1.0,1.0,-0.14511256593340877
C14926$@DOM1,143,1.0,0.0,4,1.0,1.0,-0.14511256593340877
C21606$@DOM1,189,1.0,0.0,6,1.0,0.9947089947089947,-0.14514702482598485
C8843$@DOM1,213,1.0,0.0,8,1.0,1.0,-0.14516546344305914
C8084$@DOM1,214,1.0,0.0,8,1.0,1.0,-0.14516546344305914
C312$@DOM1,192,1.0,0.0,6,1.0,0.9947916666666666,-0.14516910922973209
C4881$@DOM1,110,1.0,0.0,4,1.0,1.0,-0.1452169641050321
C3642$@DOM1,110,1.0,0.0,4,1.0,1.0,-0.1452169641050321
C5159$@DOM1,110,1.0,0.0,4,1.0,1.0,-0.1452169641050321
C2424$@DOM1,110,1.0,0.0,4,1.0,1.0,-0.1452169641050321
C2580$@DOM1,110,1.0,0.0,4,1.0,1.0,-0.1452169641050321
C3120$@DOM1,110,1.0,0.0,4,1.0,1.0,-0.1452169641050321
C17528$@DOM1,191,1.0,0.0,6,1.0,0.9947643979057592,-0.1452291225852771
C16004$@DOM1,190,1.0,0.0,6,1.0,0.9947368421052631,-0.1452291225852771
C16191$@DOM1,190,1.0,0.0,6,1.0,0.9947368421052631,-0.1452291225852771
C706$@DOM1,219,1.0,0.0,6,1.0,1.0,-0.14524413951933202
C6945$@DOM1,219,1.0,0.0,6,1.0,1.0,-0.14524413951933202
C13544$@DOM1,113,1.0,0.0,4,1.0,1.0,-0.14528249563158807
C2479$@DOM1,113,1.0,0.0,4,1.0,1.0,-0.14528249563158807
C6371$@DOM1,113,1.0,0.0,4,1.0,1.0,-0.14528249563158807
C3301$@DOM1,113,1.0,0.0,4,1.0,1.0,-0.14528249563158807
C13717$@DOM1,113,1.0,0.0,4,1.0,1.0,-0.14528249563158807
C11695$@DOM1,113,1.0,0.0,4,1.0,1.0,-0.14528249563158807
C3616$@DOM1,113,1.0,0.0,4,1.0,1.0,-0.14528249563158807
C15450$@DOM1,113,1.0,0.0,4,1.0,1.0,-0.14528249563158807
C5194$@DOM1,113,1.0,0.0,4,1.0,1.0,-0.14528249563158807
C14149$@DOM1,113,1.0,0.0,4,1.0,1.0,-0.14528249563158807
C20029$@DOM1,222,1.0,0.0,7,1.0,1.0,-0.14529031723086766
C10798$@DOM1,222,1.0,0.0,7,1.0,1.0,-0.14529031723086766
C1300$@DOM1,222,1.0,0.0,7,1.0,1.0,-0.14529031723086766
C9833$@DOM1,222,1.0,0.0,7,1.0,1.0,-0.14529031723086766
C6159$@DOM1,222,1.0,0.0,7,1.0,1.0,-0.14529031723086766
C18157$@DOM1,135,1.0,0.0,4,1.0,1.0,-0.14532592261450555
C3090$@DOM1,135,1.0,0.0,4,1.0,1.0,-0.14532592261450555
C16160$@DOM1,135,1.0,0.0,4,1.0,1.0,-0.14532592261450555
C10587$@DOM1,135,1.0,0.0,4,1.0,1.0,-0.14532592261450555
C3957$@DOM1,135,1.0,0.0,4,1.0,1.0,-0.14532592261450555
C3287$@DOM1,135,1.0,0.0,4,1.0,1.0,-0.14532592261450555
C6043$@DOM1,135,1.0,0.0,4,1.0,1.0,-0.14532592261450555
C15216$@DOM1,135,1.0,0.0,4,1.0,1.0,-0.14532592261450555
C11843$@DOM1,135,1.0,0.0,4,1.0,1.0,-0.14532592261450555
C20608$@DOM1,135,1.0,0.0,4,1.0,1.0,-0.14532592261450555
C6965$@DOM1,135,1.0,0.0,4,1.0,1.0,-0.14532592261450555
C3955$@DOM1,135,1.0,0.0,4,1.0,1.0,-0.14532592261450555
C4295$@DOM1,135,1.0,0.0,4,1.0,1.0,-0.14532592261450555
C6697$@DOM1,125,1.0,0.0,7,1.0,0.992,-0.1453703790044774
C19825$@DOM1,125,1.0,0.0,7,1.0,0.992,-0.1453703790044774
C12145$@DOM1,125,1.0,0.0,7,1.0,0.992,-0.1453703790044774
C8895$@DOM1,112,1.0,0.0,4,1.0,1.0,-0.14537593268370558
C2916$@DOM1,111,1.0,0.0,4,1.0,1.0,-0.14537593268370558
C5188$@DOM1,111,1.0,0.0,4,1.0,1.0,-0.14537593268370558
C2821$@DOM1,111,1.0,0.0,4,1.0,1.0,-0.14537593268370558
C6425$@DOM1,111,1.0,0.0,4,1.0,1.0,-0.14537593268370558
C20956$@DOM1,111,1.0,0.0,4,1.0,1.0,-0.14537593268370558
C5839$@DOM1,112,1.0,0.0,4,1.0,1.0,-0.14537593268370558
U6154@DOM1,111,1.0,0.0,4,1.0,1.0,-0.14537593268370558
C7695$@DOM1,112,1.0,0.0,4,1.0,1.0,-0.14537593268370558
C3739$@DOM1,111,1.0,0.0,4,1.0,1.0,-0.14537593268370558
C9822$@DOM1,112,1.0,0.0,4,1.0,1.0,-0.14537593268370558
C13976$@DOM1,112,1.0,0.0,4,1.0,1.0,-0.14537593268370558
C548$@DOM1,126,1.0,0.0,7,1.0,0.9920634920634921,-0.14540083546386534
C1514$@DOM1,126,1.0,0.0,7,1.0,0.9920634920634921,-0.14540083546386534
C3710$@DOM1,126,1.0,0.0,7,1.0,0.9920634920634921,-0.14540083546386534
C152$@DOM1,126,1.0,0.0,7,1.0,0.9920634920634921,-0.14540083546386534
C3572$@DOM1,126,1.0,0.0,7,1.0,0.9920634920634921,-0.14540083546386534
C11785$@DOM1,126,1.0,0.0,7,1.0,0.9920634920634921,-0.14540083546386534
C19865$@DOM1,126,1.0,0.0,7,1.0,0.9920634920634921,-0.14540083546386534
C1158$@DOM1,127,1.0,0.0,7,1.0,0.9921259842519685,-0.14541693019922536
C796$@DOM1,127,1.0,0.0,7,1.0,0.9921259842519685,-0.14541693019922536
C336$@DOM1,127,1.0,0.0,7,1.0,0.9921259842519685,-0.14541693019922536
C356$@DOM1,212,1.0,0.0,8,1.0,1.0,-0.14548108796226383
C4688$@DOM1,212,1.0,0.0,8,1.0,1.0,-0.14548108796226383
U5286@DOM1,194,1.0,0.0,5,1.0,1.0,-0.14549634012869755
C15024$@DOM1,194,1.0,0.0,5,1.0,1.0,-0.14549634012869755
C2464$@DOM1,136,1.0,0.0,4,1.0,1.0,-0.14552098684991954
C13530$@DOM1,136,1.0,0.0,4,1.0,1.0,-0.14552098684991954
C17465$@DOM1,136,1.0,0.0,4,1.0,1.0,-0.14552098684991954
C14392$@DOM1,136,1.0,0.0,4,1.0,1.0,-0.14552098684991954
C4394$@DOM1,136,1.0,0.0,4,1.0,1.0,-0.14552098684991954
C5200$@DOM1,136,1.0,0.0,4,1.0,1.0,-0.14552098684991954
C11410$@DOM1,136,1.0,0.0,4,1.0,1.0,-0.14552098684991954
C4120$@DOM1,136,1.0,0.0,4,1.0,1.0,-0.14552098684991954
C12979$@DOM1,136,1.0,0.0,4,1.0,1.0,-0.14552098684991954
C10148$@DOM1,136,1.0,0.0,4,1.0,1.0,-0.14552098684991954
C4738$@DOM1,136,1.0,0.0,4,1.0,1.0,-0.14552098684991954
C16614$@DOM1,136,1.0,0.0,4,1.0,1.0,-0.14552098684991954
C7452$@DOM1,136,1.0,0.0,4,1.0,1.0,-0.14552098684991954
C5094$@DOM1,136,1.0,0.0,4,1.0,1.0,-0.14552098684991954
C6655$@DOM1,142,1.0,0.0,4,1.0,1.0,-0.1455302007378661
C2885$@DOM1,142,1.0,0.0,4,1.0,1.0,-0.1455302007378661
C5109$@DOM1,142,1.0,0.0,4,1.0,1.0,-0.1455302007378661
C3457$@DOM1,142,1.0,0.0,4,1.0,1.0,-0.1455302007378661
C8240$@DOM1,142,1.0,0.0,4,1.0,1.0,-0.1455302007378661
C5427$@DOM1,142,1.0,0.0,4,1.0,1.0,-0.1455302007378661
C10554$@DOM1,142,1.0,0.0,4,1.0,1.0,-0.1455302007378661
C6155$@DOM1,142,1.0,0.0,4,1.0,1.0,-0.1455302007378661
C4122$@DOM1,142,1.0,0.0,4,1.0,1.0,-0.1455302007378661
C6141$@DOM1,142,1.0,0.0,4,1.0,1.0,-0.1455302007378661
C3269$@DOM1,142,1.0,0.0,4,1.0,1.0,-0.1455302007378661
C3672$@DOM1,142,1.0,0.0,4,1.0,1.0,-0.1455302007378661
C990$@DOM1,142,1.0,0.0,4,1.0,1.0,-0.1455302007378661
C4239$@DOM1,142,1.0,0.0,4,1.0,1.0,-0.1455302007378661
C9252$@DOM1,196,1.0,0.0,7,1.0,0.9948979591836735,-0.14554252140920154
C10595$@DOM1,124,1.0,0.0,6,1.0,0.9919354838709677,-0.1455476451453836
C16193$@DOM1,124,1.0,0.0,6,1.0,0.9919354838709677,-0.1455476451453836
C13250$@DOM1,124,1.0,0.0,6,1.0,0.9919354838709677,-0.1455476451453836
C1566$@DOM1,124,1.0,0.0,6,1.0,0.9919354838709677,-0.1455476451453836
C9659$@DOM1,124,1.0,0.0,6,1.0,0.9919354838709677,-0.1455476451453836
C6503$@DOM1,124,1.0,0.0,6,1.0,0.9919354838709677,-0.1455476451453836
C3635$@DOM1,124,1.0,0.0,6,1.0,0.9919354838709677,-0.1455476451453836
C11839$@DOM1,124,1.0,0.0,6,1.0,0.9919354838709677,-0.1455476451453836
C727$@DOM1,128,1.0,0.0,7,1.0,0.9921875,-0.14559978725935596
C18900$@DOM1,128,1.0,0.0,7,1.0,0.9921875,-0.14559978725935596
C18761$@DOM1,128,1.0,0.0,7,1.0,0.9921875,-0.14559978725935596
C14249$@DOM1,139,1.0,0.0,4,1.0,1.0,-0.14561332577831643
C19583$@DOM1,139,1.0,0.0,4,1.0,1.0,-0.14561332577831643
C897$@DOM1,141,1.0,0.0,4,1.0,1.0,-0.14561332577831643
C15218$@DOM1,140,1.0,0.0,4,1.0,1.0,-0.14561332577831643
C7852$@DOM1,140,1.0,0.0,4,1.0,1.0,-0.14561332577831643
C9008$@DOM1,140,1.0,0.0,4,1.0,1.0,-0.14561332577831643
C2923$@DOM1,141,1.0,0.0,4,1.0,1.0,-0.14561332577831643
C13816$@DOM1,141,1.0,0.0,4,1.0,1.0,-0.14561332577831643
C8984$@DOM1,141,1.0,0.0,4,1.0,1.0,-0.14561332577831643
C12794$@DOM1,139,1.0,0.0,4,1.0,1.0,-0.14561332577831643
C5059$@DOM1,140,1.0,0.0,4,1.0,1.0,-0.14561332577831643
C7844$@DOM1,141,1.0,0.0,4,1.0,1.0,-0.14561332577831643
C18161$@DOM1,139,1.0,0.0,4,1.0,1.0,-0.14561332577831643
C3329$@DOM1,139,1.0,0.0,4,1.0,1.0,-0.14561332577831643
C14870$@DOM1,139,1.0,0.0,4,1.0,1.0,-0.14561332577831643
C18713$@DOM1,140,1.0,0.0,4,1.0,1.0,-0.14561332577831643
C20515$@DOM1,141,1.0,0.0,4,1.0,1.0,-0.14561332577831643
C10732$@DOM1,140,1.0,0.0,4,1.0,1.0,-0.14561332577831643
C5149$@DOM1,141,1.0,0.0,4,1.0,1.0,-0.14561332577831643
C2288$@DOM1,140,1.0,0.0,4,1.0,1.0,-0.14561332577831643
C8071$@DOM1,141,1.0,0.0,4,1.0,1.0,-0.14561332577831643
C4423$@DOM1,140,1.0,0.0,4,1.0,1.0,-0.14561332577831643
C4029$@DOM1,141,1.0,0.0,4,1.0,1.0,-0.14561332577831643
C6813$@DOM1,141,1.0,0.0,4,1.0,1.0,-0.14561332577831643
C19551$@DOM1,139,1.0,0.0,4,1.0,1.0,-0.14561332577831643
C15370$@DOM1,141,1.0,0.0,4,1.0,1.0,-0.14561332577831643
C4923$@DOM1,140,1.0,0.0,4,1.0,1.0,-0.14561332577831643
C20498$@DOM1,141,1.0,0.0,4,1.0,1.0,-0.14561332577831643
C4384$@DOM1,140,1.0,0.0,4,1.0,1.0,-0.14561332577831643
C253$@DOM1,139,1.0,0.0,4,1.0,1.0,-0.14561332577831643
C10957$@DOM1,141,1.0,0.0,4,1.0,1.0,-0.14561332577831643
C10267$@DOM1,139,1.0,0.0,4,1.0,1.0,-0.14561332577831643
C4519$@DOM1,141,1.0,0.0,4,1.0,1.0,-0.14561332577831643
C4593$@DOM1,141,1.0,0.0,4,1.0,1.0,-0.14561332577831643
C2314$@DOM1,139,1.0,0.0,4,1.0,1.0,-0.14561332577831643
C2697$@DOM1,139,1.0,0.0,4,1.0,1.0,-0.14561332577831643
C17796$@DOM1,187,1.0,0.0,6,1.0,0.9946524064171123,-0.14563752178749578
C1476$@DOM1,187,1.0,0.0,6,1.0,0.9946524064171123,-0.14563752178749578
C8724$@DOM1,210,1.0,0.0,8,1.0,1.0,-0.14564943897166055
U6527@DOM1,193,1.0,0.0,5,1.0,1.0,-0.14565228107202327
C6117$@DOM1,193,1.0,0.0,5,1.0,1.0,-0.14565228107202327
C17918$@DOM1,133,1.0,0.0,4,1.0,1.0,-0.14568348735583742
C4104$@DOM1,133,1.0,0.0,4,1.0,1.0,-0.14568348735583742
C17452$@DOM1,133,1.0,0.0,4,1.0,1.0,-0.14568348735583742
C3592$@DOM1,133,1.0,0.0,4,1.0,1.0,-0.14568348735583742
C3238$@DOM1,133,1.0,0.0,4,1.0,1.0,-0.14568348735583742
C21091$@DOM1,133,1.0,0.0,4,1.0,1.0,-0.14568348735583742
C11445$@DOM1,133,1.0,0.0,4,1.0,1.0,-0.14568348735583742
C21535$@DOM1,133,1.0,0.0,4,1.0,1.0,-0.14568348735583742
C3000$@DOM1,133,1.0,0.0,4,1.0,1.0,-0.14568348735583742
C20554$@DOM1,133,1.0,0.0,4,1.0,1.0,-0.14568348735583742
C4167$@DOM1,133,1.0,0.0,4,1.0,1.0,-0.14568348735583742
C13539$@DOM1,133,1.0,0.0,4,1.0,1.0,-0.14568348735583742
C8752$@DOM1,133,1.0,0.0,4,1.0,1.0,-0.14568348735583742
C7217$@DOM1,133,1.0,0.0,4,1.0,1.0,-0.14568348735583742
C11307$@DOM1,133,1.0,0.0,4,1.0,1.0,-0.14568348735583742
C13285$@DOM1,134,1.0,0.0,4,1.0,1.0,-0.14569325939364125
C2978$@DOM1,134,1.0,0.0,4,1.0,1.0,-0.14569325939364125
C13173$@DOM1,134,1.0,0.0,4,1.0,1.0,-0.14569325939364125
C4859$@DOM1,134,1.0,0.0,4,1.0,1.0,-0.14569325939364125
C12845$@DOM1,134,1.0,0.0,4,1.0,1.0,-0.14569325939364125
C5334$@DOM1,134,1.0,0.0,4,1.0,1.0,-0.14569325939364125
C13419$@DOM1,134,1.0,0.0,4,1.0,1.0,-0.14569325939364125
C18059$@DOM1,134,1.0,0.0,4,1.0,1.0,-0.14569325939364125
C11323$@DOM1,134,1.0,0.0,4,1.0,1.0,-0.14569325939364125
C15953$@DOM1,134,1.0,0.0,4,1.0,1.0,-0.14569325939364125
C19558$@DOM1,134,1.0,0.0,4,1.0,1.0,-0.14569325939364125
C20898$@DOM1,134,1.0,0.0,4,1.0,1.0,-0.14569325939364125
C3484$@DOM1,134,1.0,0.0,4,1.0,1.0,-0.14569325939364125
C1601$@DOM1,134,1.0,0.0,4,1.0,1.0,-0.14569325939364125
C14200$@DOM1,134,1.0,0.0,4,1.0,1.0,-0.14569325939364125
C16060$@DOM1,134,1.0,0.0,4,1.0,1.0,-0.14569325939364125
C5080$@DOM1,134,1.0,0.0,4,1.0,1.0,-0.14569325939364125
C13056$@DOM1,134,1.0,0.0,4,1.0,1.0,-0.14569325939364125
C13958$@DOM1,134,1.0,0.0,4,1.0,1.0,-0.14569325939364125
U477@DOM1,49,1.0,0.0,8,1.0,1.0,-0.14569447249550527
U2819@DOM1,49,1.0,0.0,8,1.0,1.0,-0.14569447249550527
U2785@DOM1,49,1.0,0.0,8,1.0,1.0,-0.14569447249550527
U559@DOM1,38,1.0,0.0,5,1.0,1.0,-0.145724147332068
U1143@DOM1,38,1.0,0.0,5,1.0,1.0,-0.145724147332068
U7789@DOM1,38,1.0,0.0,5,1.0,1.0,-0.145724147332068
U2730@DOM1,38,1.0,0.0,5,1.0,1.0,-0.145724147332068
U4837@DOM1,38,1.0,0.0,5,1.0,1.0,-0.145724147332068
U1608@DOM1,38,1.0,0.0,5,1.0,1.0,-0.145724147332068
U9456@DOM1,38,1.0,0.0,5,1.0,1.0,-0.145724147332068
C3202$@DOM1,114,1.0,0.0,4,1.0,1.0,-0.14579434214778375
C5102$@DOM1,114,1.0,0.0,4,1.0,1.0,-0.14579434214778375
C16567$@DOM1,114,1.0,0.0,4,1.0,1.0,-0.14579434214778375
C1755$@DOM1,114,1.0,0.0,4,1.0,1.0,-0.14579434214778375
C3465$@DOM1,114,1.0,0.0,4,1.0,1.0,-0.14579434214778375
C4462$@DOM1,114,1.0,0.0,4,1.0,1.0,-0.14579434214778375
C13511$@DOM1,114,1.0,0.0,4,1.0,1.0,-0.14579434214778375
C1822$@DOM1,114,1.0,0.0,4,1.0,1.0,-0.14579434214778375
C6183$@DOM1,114,1.0,0.0,4,1.0,1.0,-0.14579434214778375
U5619@DOM1,39,1.0,0.0,5,1.0,1.0,-0.14579649238622866
U371@DOM1,39,1.0,0.0,5,1.0,1.0,-0.14579649238622866
U2545@DOM1,39,1.0,0.0,5,1.0,1.0,-0.14579649238622866
U2203@DOM1,39,1.0,0.0,5,1.0,1.0,-0.14579649238622866
U5268@DOM1,39,1.0,0.0,5,1.0,1.0,-0.14579649238622866
C2661$@DOM1,129,1.0,0.0,7,1.0,0.9922480620155039,-0.14580878166314742
C1427$@DOM1,129,1.0,0.0,7,1.0,0.9922480620155039,-0.14580878166314742
C1120$@DOM1,129,1.0,0.0,7,1.0,0.9922480620155039,-0.14580878166314742
C18802$@DOM1,129,1.0,0.0,7,1.0,0.9922480620155039,-0.14580878166314742
C19518$@DOM1,129,1.0,0.0,7,1.0,0.9922480620155039,-0.14580878166314742
C1446$@DOM1,129,1.0,0.0,7,1.0,0.9922480620155039,-0.14580878166314742
C1019$@DOM1,129,1.0,0.0,7,1.0,0.9922480620155039,-0.14580878166314742
C1463$@DOM1,129,1.0,0.0,7,1.0,0.9922480620155039,-0.14580878166314742
U3720@DOM1,192,1.0,0.0,5,1.0,1.0,-0.1458123198759092
C1685$@DOM1,127,1.0,0.0,6,1.0,0.9921259842519685,-0.14583232215524217
C1272$@DOM1,127,1.0,0.0,6,1.0,0.9921259842519685,-0.14583232215524217
C4403$@DOM1,127,1.0,0.0,6,1.0,0.9921259842519685,-0.14583232215524217
C11372$@DOM1,194,1.0,0.0,7,1.0,0.9948453608247423,-0.1458587737015572
C9359$@DOM1,195,1.0,0.0,7,1.0,0.9948717948717949,-0.1458587737015572
C7753$@DOM1,194,1.0,0.0,7,1.0,0.9948453608247423,-0.1458587737015572
C477$@DOM1,195,1.0,0.0,7,1.0,0.9948717948717949,-0.1458587737015572
C11665$@DOM1,194,1.0,0.0,7,1.0,0.9948453608247423,-0.1458587737015572
C15889$@DOM1,194,1.0,0.0,7,1.0,0.9948453608247423,-0.1458587737015572
C1754$@DOM1,208,1.0,0.0,8,1.0,1.0,-0.14586353482158138
C17631$@DOM1,132,1.0,0.0,4,1.0,1.0,-0.14586584723175183
C15128$@DOM1,132,1.0,0.0,4,1.0,1.0,-0.14586584723175183
C2778$@DOM1,132,1.0,0.0,4,1.0,1.0,-0.14586584723175183
C4198$@DOM1,132,1.0,0.0,4,1.0,1.0,-0.14586584723175183
C3686$@DOM1,132,1.0,0.0,4,1.0,1.0,-0.14586584723175183
C14595$@DOM1,132,1.0,0.0,4,1.0,1.0,-0.14586584723175183
C1657$@DOM1,132,1.0,0.0,4,1.0,1.0,-0.14586584723175183
C11688$@DOM1,132,1.0,0.0,4,1.0,1.0,-0.14586584723175183
C5026$@DOM1,132,1.0,0.0,4,1.0,1.0,-0.14586584723175183
C15372$@DOM1,132,1.0,0.0,4,1.0,1.0,-0.14586584723175183
C6125$@DOM1,132,1.0,0.0,4,1.0,1.0,-0.14586584723175183
C4907$@DOM1,132,1.0,0.0,4,1.0,1.0,-0.14586584723175183
C18209$@DOM1,132,1.0,0.0,4,1.0,1.0,-0.14586584723175183
C13181$@DOM1,132,1.0,0.0,4,1.0,1.0,-0.14586584723175183
C14021$@DOM1,132,1.0,0.0,4,1.0,1.0,-0.14586584723175183
C8855$@DOM1,132,1.0,0.0,4,1.0,1.0,-0.14586584723175183
C20909$@DOM1,125,1.0,0.0,6,1.0,0.992,-0.14590914744391076
C1021$@DOM1,125,1.0,0.0,6,1.0,0.992,-0.14590914744391076
C11912$@DOM1,125,1.0,0.0,6,1.0,0.992,-0.14590914744391076
C17472$@DOM1,125,1.0,0.0,6,1.0,0.992,-0.14590914744391076
C19023$@DOM1,125,1.0,0.0,6,1.0,0.992,-0.14590914744391076
U4102@DOM1,50,1.0,0.0,8,1.0,1.0,-0.14593373017037492
U6935@DOM1,50,1.0,0.0,8,1.0,1.0,-0.14593373017037492
U8618@DOM1,50,1.0,0.0,8,1.0,1.0,-0.14593373017037492
U1334@DOM1,50,1.0,0.0,8,1.0,1.0,-0.14593373017037492
U1102@DOM1,50,1.0,0.0,8,1.0,1.0,-0.14593373017037492
U5993@DOM1,50,1.0,0.0,8,1.0,1.0,-0.14593373017037492
U9178@DOM1,50,1.0,0.0,8,1.0,1.0,-0.14593373017037492
C19778$@DOM1,126,1.0,0.0,6,1.0,0.9920634920634921,-0.14593955763254712
C11950$@DOM1,218,1.0,0.0,6,1.0,1.0,-0.14595698631069648
C10739$@DOM1,218,1.0,0.0,6,1.0,1.0,-0.14595698631069648
C10825$@DOM1,218,1.0,0.0,6,1.0,1.0,-0.14595698631069648
C986$@DOM1,218,1.0,0.0,6,1.0,1.0,-0.14595698631069648
C8905$@DOM1,138,1.0,0.0,4,1.0,1.0,-0.1459581514313748
C14245$@DOM1,138,1.0,0.0,4,1.0,1.0,-0.1459581514313748
C6137$@DOM1,138,1.0,0.0,4,1.0,1.0,-0.1459581514313748
C3122$@DOM1,138,1.0,0.0,4,1.0,1.0,-0.1459581514313748
C1807$@DOM1,138,1.0,0.0,4,1.0,1.0,-0.1459581514313748
C16158$@DOM1,138,1.0,0.0,4,1.0,1.0,-0.1459581514313748
C2295$@DOM1,138,1.0,0.0,4,1.0,1.0,-0.1459581514313748
C18046$@DOM1,138,1.0,0.0,4,1.0,1.0,-0.1459581514313748
C9540$@DOM1,138,1.0,0.0,4,1.0,1.0,-0.1459581514313748
C14332$@DOM1,138,1.0,0.0,4,1.0,1.0,-0.1459581514313748
C2610$@DOM1,138,1.0,0.0,4,1.0,1.0,-0.1459581514313748
C17461$@DOM1,138,1.0,0.0,4,1.0,1.0,-0.1459581514313748
C4421$@DOM1,138,1.0,0.0,4,1.0,1.0,-0.1459581514313748
C5288$@DOM1,137,1.0,0.0,4,1.0,1.0,-0.146056926686631
C3725$@DOM1,137,1.0,0.0,4,1.0,1.0,-0.146056926686631
C20807$@DOM1,137,1.0,0.0,4,1.0,1.0,-0.146056926686631
C4981$@DOM1,137,1.0,0.0,4,1.0,1.0,-0.146056926686631
C2992$@DOM1,137,1.0,0.0,4,1.0,1.0,-0.146056926686631
C20377$@DOM1,137,1.0,0.0,4,1.0,1.0,-0.146056926686631
C3105$@DOM1,137,1.0,0.0,4,1.0,1.0,-0.146056926686631
C9438$@DOM1,137,1.0,0.0,4,1.0,1.0,-0.146056926686631
C18949$@DOM1,137,1.0,0.0,4,1.0,1.0,-0.146056926686631
C3629$@DOM1,137,1.0,0.0,4,1.0,1.0,-0.146056926686631
C6238$@DOM1,137,1.0,0.0,4,1.0,1.0,-0.146056926686631
C5129$@DOM1,137,1.0,0.0,4,1.0,1.0,-0.146056926686631
C14313$@DOM1,137,1.0,0.0,4,1.0,1.0,-0.146056926686631
C16727$@DOM1,221,1.0,0.0,7,1.0,1.0,-0.146062218700298
C16180$@DOM1,209,1.0,0.0,8,1.0,1.0,-0.14607707005321724
C17627$@DOM1,129,1.0,0.0,6,1.0,0.9922480620155039,-0.1461036848276699
C19172$@DOM1,129,1.0,0.0,6,1.0,0.9922480620155039,-0.1461036848276699
U167@DOM1,32,1.0,0.0,7,1.0,1.0,-0.14615148020021307
U7536@DOM1,32,1.0,0.0,7,1.0,1.0,-0.14615148020021307
U4608@DOM1,33,1.0,0.0,7,1.0,1.0,-0.14615148020021307
U3471@DOM1,32,1.0,0.0,7,1.0,1.0,-0.14615148020021307
U5141@DOM1,33,1.0,0.0,7,1.0,1.0,-0.14615148020021307
U6280@DOM1,32,1.0,0.0,7,1.0,1.0,-0.14615148020021307
U2124@DOM1,33,1.0,0.0,7,1.0,1.0,-0.14615148020021307
C14724$@DOM1,193,1.0,0.0,7,1.0,0.9948186528497409,-0.1461687326650991
C1818$@DOM1,193,1.0,0.0,7,1.0,0.9948186528497409,-0.1461687326650991
C16645$@DOM1,115,1.0,0.0,4,1.0,1.0,-0.14617870833949403
C16987$@DOM1,115,1.0,0.0,4,1.0,1.0,-0.14617870833949403
C7513$@DOM1,115,1.0,0.0,4,1.0,1.0,-0.14617870833949403
C13099$@DOM1,115,1.0,0.0,4,1.0,1.0,-0.14617870833949403
C3995$@DOM1,115,1.0,0.0,4,1.0,1.0,-0.14617870833949403
C3983$@DOM1,115,1.0,0.0,4,1.0,1.0,-0.14617870833949403
C6267$@DOM1,115,1.0,0.0,4,1.0,1.0,-0.14617870833949403
C4576$@DOM1,115,1.0,0.0,4,1.0,1.0,-0.14617870833949403
C4133$@DOM1,115,1.0,0.0,4,1.0,1.0,-0.14617870833949403
U7383@DOM1,34,1.0,0.0,7,1.0,1.0,-0.1462113274051216
U8012@DOM1,34,1.0,0.0,7,1.0,1.0,-0.1462113274051216
U7182@DOM1,34,1.0,0.0,7,1.0,1.0,-0.1462113274051216
U8553@DOM1,40,1.0,0.0,5,1.0,1.0,-0.1462193201654292
U3548@DOM1,40,1.0,0.0,5,1.0,1.0,-0.1462193201654292
U1125@DOM1,40,1.0,0.0,5,1.0,1.0,-0.1462193201654292
U7776@DOM1,40,1.0,0.0,5,1.0,1.0,-0.1462193201654292
U208@DOM1,40,1.0,0.0,5,1.0,1.0,-0.1462193201654292
U2106@DOM1,40,1.0,0.0,5,1.0,1.0,-0.1462193201654292
U819@DOM1,40,1.0,0.0,5,1.0,1.0,-0.1462193201654292
C1051$@DOM1,185,1.0,0.0,6,1.0,0.9945945945945946,-0.14621977238064832
C5574$@DOM1,185,1.0,0.0,6,1.0,0.9945945945945946,-0.14621977238064832
C17598$@DOM1,186,1.0,0.0,6,1.0,0.9946236559139785,-0.14622118122131522
C19263$@DOM1,186,1.0,0.0,6,1.0,0.9946236559139785,-0.14622118122131522
C7286$@DOM1,186,1.0,0.0,6,1.0,0.9946236559139785,-0.14622118122131522
C3602$@DOM1,122,1.0,0.0,4,1.0,1.0,-0.14624516552155403
C13241$@DOM1,122,1.0,0.0,4,1.0,1.0,-0.14624516552155403
C6261$@DOM1,122,1.0,0.0,4,1.0,1.0,-0.14624516552155403
C2901$@DOM1,122,1.0,0.0,4,1.0,1.0,-0.14624516552155403
C12104$@DOM1,122,1.0,0.0,4,1.0,1.0,-0.14624516552155403
C3664$@DOM1,122,1.0,0.0,4,1.0,1.0,-0.14624516552155403
C11519$@DOM1,122,1.0,0.0,4,1.0,1.0,-0.14624516552155403
C3878$@DOM1,122,1.0,0.0,4,1.0,1.0,-0.14624516552155403
C13292$@DOM1,122,1.0,0.0,4,1.0,1.0,-0.14624516552155403
C13287$@DOM1,122,1.0,0.0,4,1.0,1.0,-0.14624516552155403
C18069$@DOM1,122,1.0,0.0,4,1.0,1.0,-0.14624516552155403
C6895$@DOM1,122,1.0,0.0,4,1.0,1.0,-0.14624516552155403
C3507$@DOM1,122,1.0,0.0,4,1.0,1.0,-0.14624516552155403
C12667$@DOM1,122,1.0,0.0,4,1.0,1.0,-0.14624516552155403
C11798$@DOM1,122,1.0,0.0,4,1.0,1.0,-0.14624516552155403
C20704$@DOM1,122,1.0,0.0,4,1.0,1.0,-0.14624516552155403
C20931$@DOM1,122,1.0,0.0,4,1.0,1.0,-0.14624516552155403
C5123$@DOM1,122,1.0,0.0,4,1.0,1.0,-0.14624516552155403
C16044$@DOM1,122,1.0,0.0,4,1.0,1.0,-0.14624516552155403
C3448$@DOM1,122,1.0,0.0,4,1.0,1.0,-0.14624516552155403
C9984$@DOM1,122,1.0,0.0,4,1.0,1.0,-0.14624516552155403
C4049$@DOM1,122,1.0,0.0,4,1.0,1.0,-0.14624516552155403
C7252$@DOM1,122,1.0,0.0,4,1.0,1.0,-0.14624516552155403
C9154$@DOM1,128,1.0,0.0,6,1.0,0.9921875,-0.14625055100411127
C4341$@DOM1,128,1.0,0.0,6,1.0,0.9921875,-0.14625055100411127
C7296$@DOM1,128,1.0,0.0,6,1.0,0.9921875,-0.14625055100411127
C13979$@DOM1,128,1.0,0.0,6,1.0,0.9921875,-0.14625055100411127
C1191$@DOM1,128,1.0,0.0,6,1.0,0.9921875,-0.14625055100411127
C576$@DOM1,128,1.0,0.0,6,1.0,0.9921875,-0.14625055100411127
C13228$@DOM1,189,1.0,0.0,7,1.0,0.9947089947089947,-0.14628668877207424
C178$@DOM1,189,1.0,0.0,7,1.0,0.9947089947089947,-0.14628668877207424
C689$@DOM1,189,1.0,0.0,7,1.0,0.9947089947089947,-0.14628668877207424
C6387$@DOM1,130,1.0,0.0,7,1.0,0.9923076923076923,-0.1463015915031518
C10960$@DOM1,130,1.0,0.0,7,1.0,0.9923076923076923,-0.1463015915031518
C1334$@DOM1,130,1.0,0.0,7,1.0,0.9923076923076923,-0.1463015915031518
C7966$@DOM1,130,1.0,0.0,7,1.0,0.9923076923076923,-0.1463015915031518
C12506$@DOM1,192,1.0,0.0,7,1.0,0.9947916666666666,-0.14630870224842207
C32$@DOM1,192,1.0,0.0,7,1.0,0.9947916666666666,-0.14630870224842207
C13942$@DOM1,192,1.0,0.0,7,1.0,0.9947916666666666,-0.14630870224842207
C8369$@DOM1,192,1.0,0.0,7,1.0,0.9947916666666666,-0.14630870224842207
C2011$@DOM1,191,1.0,0.0,7,1.0,0.9947643979057592,-0.14636852286200808
C19614$@DOM1,190,1.0,0.0,7,1.0,0.9947368421052631,-0.14636852286200808
C16090$@DOM1,190,1.0,0.0,7,1.0,0.9947368421052631,-0.14636852286200808
C1433$@DOM1,190,1.0,0.0,7,1.0,0.9947368421052631,-0.14636852286200808
C9222$@DOM1,191,1.0,0.0,7,1.0,0.9947643979057592,-0.14636852286200808
C3268$@DOM1,190,1.0,0.0,7,1.0,0.9947368421052631,-0.14636852286200808
C18072$@DOM1,191,1.0,0.0,7,1.0,0.9947643979057592,-0.14636852286200808
C17776$@DOM1,191,1.0,0.0,7,1.0,0.9947643979057592,-0.14636852286200808
C18125$@DOM1,128,1.0,0.0,4,1.0,1.0,-0.14642001633601798
C6861$@DOM1,128,1.0,0.0,4,1.0,1.0,-0.14642001633601798
C17703$@DOM1,128,1.0,0.0,4,1.0,1.0,-0.14642001633601798
C11192$@DOM1,128,1.0,0.0,4,1.0,1.0,-0.14642001633601798
C3705$@DOM1,128,1.0,0.0,4,1.0,1.0,-0.14642001633601798
C3980$@DOM1,128,1.0,0.0,4,1.0,1.0,-0.14642001633601798
C15613$@DOM1,128,1.0,0.0,4,1.0,1.0,-0.14642001633601798
C11926$@DOM1,128,1.0,0.0,4,1.0,1.0,-0.14642001633601798
C18702$@DOM1,128,1.0,0.0,4,1.0,1.0,-0.14642001633601798
C18696$@DOM1,128,1.0,0.0,4,1.0,1.0,-0.14642001633601798
C8579$@DOM1,128,1.0,0.0,4,1.0,1.0,-0.14642001633601798
C4712$@DOM1,128,1.0,0.0,4,1.0,1.0,-0.14642001633601798
C6373$@DOM1,128,1.0,0.0,4,1.0,1.0,-0.14642001633601798
C8318$@DOM1,128,1.0,0.0,4,1.0,1.0,-0.14642001633601798
C4273$@DOM1,128,1.0,0.0,4,1.0,1.0,-0.14642001633601798
C1529$@DOM1,190,1.0,0.0,5,1.0,1.0,-0.14642801884326673
C10707$@DOM1,189,1.0,0.0,5,1.0,1.0,-0.14642801884326673
U7151@DOM1,189,1.0,0.0,5,1.0,1.0,-0.14642801884326673
U6058@DOM1,31,1.0,0.0,6,1.0,1.0,-0.14642909243525792
U7583@DOM1,31,1.0,0.0,6,1.0,1.0,-0.14642909243525792
U4127@DOM1,31,1.0,0.0,6,1.0,1.0,-0.14642909243525792
U4824@DOM1,31,1.0,0.0,6,1.0,1.0,-0.14642909243525792
C3921$@DOM1,123,1.0,0.0,4,1.0,1.0,-0.1464923819911204
C19456$@DOM1,123,1.0,0.0,4,1.0,1.0,-0.1464923819911204
C16132$@DOM1,123,1.0,0.0,4,1.0,1.0,-0.1464923819911204
C14510$@DOM1,123,1.0,0.0,4,1.0,1.0,-0.1464923819911204
C8367$@DOM1,123,1.0,0.0,4,1.0,1.0,-0.1464923819911204
C16569$@DOM1,123,1.0,0.0,4,1.0,1.0,-0.1464923819911204
C5145$@DOM1,123,1.0,0.0,4,1.0,1.0,-0.1464923819911204
C15394$@DOM1,123,1.0,0.0,4,1.0,1.0,-0.1464923819911204
C14937$@DOM1,123,1.0,0.0,4,1.0,1.0,-0.1464923819911204
C4775$@DOM1,123,1.0,0.0,4,1.0,1.0,-0.1464923819911204
C3806$@DOM1,123,1.0,0.0,4,1.0,1.0,-0.1464923819911204
C18704$@DOM1,123,1.0,0.0,4,1.0,1.0,-0.1464923819911204
C17562$@DOM1,123,1.0,0.0,4,1.0,1.0,-0.1464923819911204
C3072$@DOM1,123,1.0,0.0,4,1.0,1.0,-0.1464923819911204
C4825$@DOM1,123,1.0,0.0,4,1.0,1.0,-0.1464923819911204
C3515$@DOM1,123,1.0,0.0,4,1.0,1.0,-0.1464923819911204
C3057$@DOM1,123,1.0,0.0,4,1.0,1.0,-0.1464923819911204
C3841$@DOM1,123,1.0,0.0,4,1.0,1.0,-0.1464923819911204
C80$@DOM1,123,1.0,0.0,4,1.0,1.0,-0.1464923819911204
C12707$@DOM1,127,1.0,0.0,4,1.0,1.0,-0.14651565542080253
C4788$@DOM1,127,1.0,0.0,4,1.0,1.0,-0.14651565542080253
C1787$@DOM1,127,1.0,0.0,4,1.0,1.0,-0.14651565542080253
C2625$@DOM1,127,1.0,0.0,4,1.0,1.0,-0.14651565542080253
C2242$@DOM1,127,1.0,0.0,4,1.0,1.0,-0.14651565542080253
C3752$@DOM1,127,1.0,0.0,4,1.0,1.0,-0.14651565542080253
C5542$@DOM1,127,1.0,0.0,4,1.0,1.0,-0.14651565542080253
C2060$@DOM1,127,1.0,0.0,4,1.0,1.0,-0.14651565542080253
C19688$@DOM1,127,1.0,0.0,4,1.0,1.0,-0.14651565542080253
C16913$@DOM1,127,1.0,0.0,4,1.0,1.0,-0.14651565542080253
C14889$@DOM1,127,1.0,0.0,4,1.0,1.0,-0.14651565542080253
C4154$@DOM1,127,1.0,0.0,4,1.0,1.0,-0.14651565542080253
C12712$@DOM1,127,1.0,0.0,4,1.0,1.0,-0.14651565542080253
C2131$@DOM1,121,1.0,0.0,4,1.0,1.0,-0.14651671422429824
C21405$@DOM1,121,1.0,0.0,4,1.0,1.0,-0.14651671422429824
C5934$@DOM1,121,1.0,0.0,4,1.0,1.0,-0.14651671422429824
C500$@DOM1,121,1.0,0.0,4,1.0,1.0,-0.14651671422429824
C20353$@DOM1,121,1.0,0.0,4,1.0,1.0,-0.14651671422429824
C2125$@DOM1,121,1.0,0.0,4,1.0,1.0,-0.14651671422429824
C20752$@DOM1,121,1.0,0.0,4,1.0,1.0,-0.14651671422429824
C4150$@DOM1,121,1.0,0.0,4,1.0,1.0,-0.14651671422429824
C20120$@DOM1,121,1.0,0.0,4,1.0,1.0,-0.14651671422429824
C18182$@DOM1,121,1.0,0.0,4,1.0,1.0,-0.14651671422429824
C19843$@DOM1,121,1.0,0.0,4,1.0,1.0,-0.14651671422429824
C19834$@DOM1,129,1.0,0.0,4,1.0,1.0,-0.14653074069262123
C3204$@DOM1,129,1.0,0.0,4,1.0,1.0,-0.14653074069262123
C5431$@DOM1,129,1.0,0.0,4,1.0,1.0,-0.14653074069262123
C12461$@DOM1,129,1.0,0.0,4,1.0,1.0,-0.14653074069262123
C20254$@DOM1,129,1.0,0.0,4,1.0,1.0,-0.14653074069262123
C14542$@DOM1,129,1.0,0.0,4,1.0,1.0,-0.14653074069262123
C4131$@DOM1,129,1.0,0.0,4,1.0,1.0,-0.14653074069262123
C8601$@DOM1,129,1.0,0.0,4,1.0,1.0,-0.14653074069262123
C16184$@DOM1,129,1.0,0.0,4,1.0,1.0,-0.14653074069262123
C11072$@DOM1,129,1.0,0.0,4,1.0,1.0,-0.14653074069262123
C5275$@DOM1,129,1.0,0.0,4,1.0,1.0,-0.14653074069262123
C10801$@DOM1,129,1.0,0.0,4,1.0,1.0,-0.14653074069262123
U8676@DOM1,35,1.0,0.0,7,1.0,1.0,-0.14654835209370953
U8302@DOM1,37,1.0,0.0,7,1.0,1.0,-0.14654835209370953
U9188@DOM1,36,1.0,0.0,7,1.0,1.0,-0.14654835209370953
U5857@DOM1,35,1.0,0.0,7,1.0,1.0,-0.14654835209370953
U4695@DOM1,37,1.0,0.0,7,1.0,1.0,-0.14654835209370953
U1988@DOM1,37,1.0,0.0,7,1.0,1.0,-0.14654835209370953
U7606@DOM1,36,1.0,0.0,7,1.0,1.0,-0.14654835209370953
C13553$@DOM1,220,1.0,0.0,7,1.0,1.0,-0.14655542375501107
C1320$@DOM1,220,1.0,0.0,7,1.0,1.0,-0.14655542375501107
C10786$@DOM1,220,1.0,0.0,7,1.0,1.0,-0.14655542375501107
C9236$@DOM1,220,1.0,0.0,7,1.0,1.0,-0.14655542375501107
C752$@DOM1,187,1.0,0.0,7,1.0,0.9946524064171123,-0.1465841257977079
C8468$@DOM1,187,1.0,0.0,7,1.0,0.9946524064171123,-0.1465841257977079
C20224$@DOM1,187,1.0,0.0,7,1.0,0.9946524064171123,-0.1465841257977079
C2935$@DOM1,187,1.0,0.0,7,1.0,0.9946524064171123,-0.1465841257977079
U9836@DOM1,41,1.0,0.0,5,1.0,1.0,-0.14661233596344841
U4308@DOM1,41,1.0,0.0,5,1.0,1.0,-0.14661233596344841
U7791@DOM1,41,1.0,0.0,5,1.0,1.0,-0.14661233596344841
U732@DOM1,41,1.0,0.0,5,1.0,1.0,-0.14661233596344841
U956@DOM1,41,1.0,0.0,5,1.0,1.0,-0.14661233596344841
U8902@DOM1,41,1.0,0.0,5,1.0,1.0,-0.14661233596344841
U5238@DOM1,41,1.0,0.0,5,1.0,1.0,-0.14661233596344841
U1892@DOM1,41,1.0,0.0,5,1.0,1.0,-0.14661233596344841
C6851$@DOM1,126,1.0,0.0,4,1.0,1.0,-0.14662444684699755
C6395$@DOM1,126,1.0,0.0,4,1.0,1.0,-0.14662444684699755
C2640$@DOM1,126,1.0,0.0,4,1.0,1.0,-0.14662444684699755
C13960$@DOM1,126,1.0,0.0,4,1.0,1.0,-0.14662444684699755
C5874$@DOM1,126,1.0,0.0,4,1.0,1.0,-0.14662444684699755
C18355$@DOM1,126,1.0,0.0,4,1.0,1.0,-0.14662444684699755
C14212$@DOM1,126,1.0,0.0,4,1.0,1.0,-0.14662444684699755
C14655$@DOM1,126,1.0,0.0,4,1.0,1.0,-0.14662444684699755
C3086$@DOM1,126,1.0,0.0,4,1.0,1.0,-0.14662444684699755
C8147$@DOM1,126,1.0,0.0,4,1.0,1.0,-0.14662444684699755
C2493$@DOM1,126,1.0,0.0,4,1.0,1.0,-0.14662444684699755
C4125$@DOM1,126,1.0,0.0,4,1.0,1.0,-0.14662444684699755
C6427$@DOM1,126,1.0,0.0,4,1.0,1.0,-0.14662444684699755
C9240$@DOM1,126,1.0,0.0,4,1.0,1.0,-0.14662444684699755
C14298$@DOM1,126,1.0,0.0,4,1.0,1.0,-0.14662444684699755
C10970$@DOM1,126,1.0,0.0,4,1.0,1.0,-0.14662444684699755
C12510$@DOM1,126,1.0,0.0,4,1.0,1.0,-0.14662444684699755
C72$@DOM1,126,1.0,0.0,4,1.0,1.0,-0.14662444684699755
C3297$@DOM1,126,1.0,0.0,4,1.0,1.0,-0.14662444684699755
C12634$@DOM1,131,1.0,0.0,4,1.0,1.0,-0.1466290344428718
C7260$@DOM1,131,1.0,0.0,4,1.0,1.0,-0.1466290344428718
C10237$@DOM1,131,1.0,0.0,4,1.0,1.0,-0.1466290344428718
C3912$@DOM1,131,1.0,0.0,4,1.0,1.0,-0.1466290344428718
C4517$@DOM1,131,1.0,0.0,4,1.0,1.0,-0.1466290344428718
C12843$@DOM1,131,1.0,0.0,4,1.0,1.0,-0.1466290344428718
C6440$@DOM1,131,1.0,0.0,4,1.0,1.0,-0.1466290344428718
C6047$@DOM1,131,1.0,0.0,4,1.0,1.0,-0.1466290344428718
C19000$@DOM1,131,1.0,0.0,4,1.0,1.0,-0.1466290344428718
C15485$@DOM1,131,1.0,0.0,4,1.0,1.0,-0.1466290344428718
C17439$@DOM1,131,1.0,0.0,4,1.0,1.0,-0.1466290344428718
C21017$@DOM1,131,1.0,0.0,4,1.0,1.0,-0.1466290344428718
C19719$@DOM1,131,1.0,0.0,4,1.0,1.0,-0.1466290344428718
C10001$@DOM1,131,1.0,0.0,4,1.0,1.0,-0.1466290344428718
C13789$@DOM1,131,1.0,0.0,4,1.0,1.0,-0.1466290344428718
C6839$@DOM1,116,1.0,0.0,4,1.0,1.0,-0.14663283438208569
C6983$@DOM1,116,1.0,0.0,4,1.0,1.0,-0.14663283438208569
C9535$@DOM1,116,1.0,0.0,4,1.0,1.0,-0.14663283438208569
C3493$@DOM1,116,1.0,0.0,4,1.0,1.0,-0.14663283438208569
C4629$@DOM1,116,1.0,0.0,4,1.0,1.0,-0.14663283438208569
C12640$@DOM1,116,1.0,0.0,4,1.0,1.0,-0.14663283438208569
C4232$@DOM1,116,1.0,0.0,4,1.0,1.0,-0.14663283438208569
C13667$@DOM1,116,1.0,0.0,4,1.0,1.0,-0.14663283438208569
C2674$@DOM1,116,1.0,0.0,4,1.0,1.0,-0.14663283438208569
C16602$@DOM1,116,1.0,0.0,4,1.0,1.0,-0.14663283438208569
C11849$@DOM1,116,1.0,0.0,4,1.0,1.0,-0.14663283438208569
C13316$@DOM1,116,1.0,0.0,4,1.0,1.0,-0.14663283438208569
C18450$@DOM1,130,1.0,0.0,4,1.0,1.0,-0.14664143037564642
C20333$@DOM1,130,1.0,0.0,4,1.0,1.0,-0.14664143037564642
C13950$@DOM1,130,1.0,0.0,4,1.0,1.0,-0.14664143037564642
C18558$@DOM1,130,1.0,0.0,4,1.0,1.0,-0.14664143037564642
C4801$@DOM1,130,1.0,0.0,4,1.0,1.0,-0.14664143037564642
C18018$@DOM1,130,1.0,0.0,4,1.0,1.0,-0.14664143037564642
C2558$@DOM1,130,1.0,0.0,4,1.0,1.0,-0.14664143037564642
C4323$@DOM1,130,1.0,0.0,4,1.0,1.0,-0.14664143037564642
C2755$@DOM1,130,1.0,0.0,4,1.0,1.0,-0.14664143037564642
C12602$@DOM1,130,1.0,0.0,4,1.0,1.0,-0.14664143037564642
C5437$@DOM1,130,1.0,0.0,4,1.0,1.0,-0.14664143037564642
C18510$@DOM1,130,1.0,0.0,4,1.0,1.0,-0.14664143037564642
C11311$@DOM1,130,1.0,0.0,4,1.0,1.0,-0.14664143037564642
C3336$@DOM1,130,1.0,0.0,4,1.0,1.0,-0.14664143037564642
C13748$@DOM1,130,1.0,0.0,4,1.0,1.0,-0.14664143037564642
C4345$@DOM1,130,1.0,0.0,4,1.0,1.0,-0.14664143037564642
C2335$@DOM1,130,1.0,0.0,4,1.0,1.0,-0.14664143037564642
C18791$@DOM1,130,1.0,0.0,4,1.0,1.0,-0.14664143037564642
U264@DOM1,217,1.0,0.0,6,1.0,1.0,-0.1466917474616396
C6018$@DOM1,217,1.0,0.0,6,1.0,1.0,-0.1466917474616396
C10845$@DOM1,217,1.0,0.0,6,1.0,1.0,-0.1466917474616396
C426$@DOM1,217,1.0,0.0,6,1.0,1.0,-0.1466917474616396
C5343$@DOM1,183,1.0,0.0,6,1.0,0.994535519125683,-0.14672866990112493
C5796$@DOM1,183,1.0,0.0,6,1.0,0.994535519125683,-0.14672866990112493
C14882$@DOM1,183,1.0,0.0,6,1.0,0.994535519125683,-0.14672866990112493
C1362$@DOM1,183,1.0,0.0,6,1.0,0.994535519125683,-0.14672866990112493
C12753$@DOM1,183,1.0,0.0,6,1.0,0.994535519125683,-0.14672866990112493
U5700@DOM1,51,1.0,0.0,8,1.0,1.0,-0.14672979191557478
U3057@DOM1,51,1.0,0.0,8,1.0,1.0,-0.14672979191557478
U611@DOM1,51,1.0,0.0,8,1.0,1.0,-0.14672979191557478
U2419@DOM1,51,1.0,0.0,8,1.0,1.0,-0.14672979191557478
U4260@DOM1,51,1.0,0.0,8,1.0,1.0,-0.14672979191557478
U3989@DOM1,51,1.0,0.0,8,1.0,1.0,-0.14672979191557478
U4208@DOM1,51,1.0,0.0,8,1.0,1.0,-0.14672979191557478
C9727$@DOM1,188,1.0,0.0,7,1.0,0.9946808510638298,-0.14675455407527332
C7784$@DOM1,188,1.0,0.0,7,1.0,0.9946808510638298,-0.14675455407527332
C935$@DOM1,188,1.0,0.0,7,1.0,0.9946808510638298,-0.14675455407527332
C11910$@DOM1,130,1.0,0.0,6,1.0,0.9923076923076923,-0.14680736516456117
C7170$@DOM1,130,1.0,0.0,6,1.0,0.9923076923076923,-0.14680736516456117
C11475$@DOM1,130,1.0,0.0,6,1.0,0.9923076923076923,-0.14680736516456117
C10460$@DOM1,130,1.0,0.0,6,1.0,0.9923076923076923,-0.14680736516456117
C18837$@DOM1,130,1.0,0.0,6,1.0,0.9923076923076923,-0.14680736516456117
C269$@DOM1,130,1.0,0.0,6,1.0,0.9923076923076923,-0.14680736516456117
C10089$@DOM1,130,1.0,0.0,6,1.0,0.9923076923076923,-0.14680736516456117
C10843$@DOM1,130,1.0,0.0,6,1.0,0.9923076923076923,-0.14680736516456117
C8448$@DOM1,131,1.0,0.0,7,1.0,0.9923664122137404,-0.14681189931466887
C928$@DOM1,131,1.0,0.0,7,1.0,0.9923664122137404,-0.14681189931466887
C3586$@DOM1,131,1.0,0.0,7,1.0,0.9923664122137404,-0.14681189931466887
C10630$@DOM1,131,1.0,0.0,7,1.0,0.9923664122137404,-0.14681189931466887
C1428$@DOM1,131,1.0,0.0,7,1.0,0.9923664122137404,-0.14681189931466887
C19335$@DOM1,131,1.0,0.0,7,1.0,0.9923664122137404,-0.14681189931466887
C9553$@DOM1,219,1.0,0.0,7,1.0,1.0,-0.14681544225385013
C488$@DOM1,219,1.0,0.0,7,1.0,1.0,-0.14681544225385013
C9970$@DOM1,117,1.0,0.0,4,1.0,1.0,-0.14682835984415077
C10490$@DOM1,117,1.0,0.0,4,1.0,1.0,-0.14682835984415077
C2481$@DOM1,117,1.0,0.0,4,1.0,1.0,-0.14682835984415077
C9595$@DOM1,117,1.0,0.0,4,1.0,1.0,-0.14682835984415077
C13204$@DOM1,117,1.0,0.0,4,1.0,1.0,-0.14682835984415077
C13621$@DOM1,117,1.0,0.0,4,1.0,1.0,-0.14682835984415077
C12802$@DOM1,117,1.0,0.0,4,1.0,1.0,-0.14682835984415077
C11431$@DOM1,117,1.0,0.0,4,1.0,1.0,-0.14682835984415077
C9621$@DOM1,117,1.0,0.0,4,1.0,1.0,-0.14682835984415077
C7166$@DOM1,117,1.0,0.0,4,1.0,1.0,-0.14682835984415077
C16907$@DOM1,117,1.0,0.0,4,1.0,1.0,-0.14682835984415077
C13439$@DOM1,117,1.0,0.0,4,1.0,1.0,-0.14682835984415077
C8446$@DOM1,117,1.0,0.0,4,1.0,1.0,-0.14682835984415077
C12249$@DOM1,181,1.0,0.0,6,1.0,0.994475138121547,-0.14682968220382808
C14125$@DOM1,181,1.0,0.0,6,1.0,0.994475138121547,-0.14682968220382808
C9448$@DOM1,182,1.0,0.0,6,1.0,0.9945054945054945,-0.14684242661293767
C12451$@DOM1,182,1.0,0.0,6,1.0,0.9945054945054945,-0.14684242661293767
C180$@DOM1,182,1.0,0.0,6,1.0,0.9945054945054945,-0.14684242661293767
C1176$@DOM1,216,1.0,0.0,6,1.0,1.0,-0.1468527497793664
C9101$@DOM1,216,1.0,0.0,6,1.0,1.0,-0.1468527497793664
U5372@DOM1,216,1.0,0.0,6,1.0,1.0,-0.1468527497793664
U4010@DOM1,33,1.0,0.0,6,1.0,1.0,-0.1468876000495284
U4877@DOM1,33,1.0,0.0,6,1.0,1.0,-0.1468876000495284
U2707@DOM1,33,1.0,0.0,6,1.0,1.0,-0.1468876000495284
U4759@DOM1,33,1.0,0.0,6,1.0,1.0,-0.1468876000495284
U970@DOM1,33,1.0,0.0,6,1.0,1.0,-0.1468876000495284
U2481@DOM1,32,1.0,0.0,6,1.0,1.0,-0.14692697347810862
U8835@DOM1,32,1.0,0.0,6,1.0,1.0,-0.14692697347810862
U2075@DOM1,32,1.0,0.0,6,1.0,1.0,-0.14692697347810862
C10794$@DOM1,184,1.0,0.0,6,1.0,0.9945652173913043,-0.14693114888402325
U8400@DOM1,34,1.0,0.0,6,1.0,1.0,-0.14694732275281275
U1337@DOM1,34,1.0,0.0,6,1.0,1.0,-0.14694732275281275
U4011@DOM1,34,1.0,0.0,6,1.0,1.0,-0.14694732275281275
U1152@DOM1,34,1.0,0.0,6,1.0,1.0,-0.14694732275281275
C3933$@DOM1,120,1.0,0.0,4,1.0,1.0,-0.1469743541341086
C8575$@DOM1,120,1.0,0.0,4,1.0,1.0,-0.1469743541341086
C5151$@DOM1,120,1.0,0.0,4,1.0,1.0,-0.1469743541341086
C3363$@DOM1,120,1.0,0.0,4,1.0,1.0,-0.1469743541341086
C815$@DOM1,120,1.0,0.0,4,1.0,1.0,-0.1469743541341086
C21583$@DOM1,120,1.0,0.0,4,1.0,1.0,-0.1469743541341086
C12923$@DOM1,120,1.0,0.0,4,1.0,1.0,-0.1469743541341086
C10037$@DOM1,120,1.0,0.0,4,1.0,1.0,-0.1469743541341086
C14227$@DOM1,120,1.0,0.0,4,1.0,1.0,-0.1469743541341086
C4061$@DOM1,120,1.0,0.0,4,1.0,1.0,-0.1469743541341086
C11596$@DOM1,120,1.0,0.0,4,1.0,1.0,-0.1469743541341086
C4127$@DOM1,120,1.0,0.0,4,1.0,1.0,-0.1469743541341086
C19380$@DOM1,120,1.0,0.0,4,1.0,1.0,-0.1469743541341086
C12543$@DOM1,120,1.0,0.0,4,1.0,1.0,-0.1469743541341086
C4449$@DOM1,120,1.0,0.0,4,1.0,1.0,-0.1469743541341086
C4778$@DOM1,124,1.0,0.0,4,1.0,1.0,-0.14700653091459492
C15780$@DOM1,124,1.0,0.0,4,1.0,1.0,-0.14700653091459492
C6572$@DOM1,124,1.0,0.0,4,1.0,1.0,-0.14700653091459492
C4804$@DOM1,124,1.0,0.0,4,1.0,1.0,-0.14700653091459492
C9574$@DOM1,124,1.0,0.0,4,1.0,1.0,-0.14700653091459492
C3900$@DOM1,124,1.0,0.0,4,1.0,1.0,-0.14700653091459492
C3054$@DOM1,124,1.0,0.0,4,1.0,1.0,-0.14700653091459492
C4521$@DOM1,124,1.0,0.0,4,1.0,1.0,-0.14700653091459492
C3049$@DOM1,124,1.0,0.0,4,1.0,1.0,-0.14700653091459492
C11885$@DOM1,124,1.0,0.0,4,1.0,1.0,-0.14700653091459492
C2084$@DOM1,124,1.0,0.0,4,1.0,1.0,-0.14700653091459492
C8165$@DOM1,124,1.0,0.0,4,1.0,1.0,-0.14700653091459492
C3194$@DOM1,124,1.0,0.0,4,1.0,1.0,-0.14700653091459492
C5172$@DOM1,125,1.0,0.0,4,1.0,1.0,-0.14701758255657638
C13757$@DOM1,125,1.0,0.0,4,1.0,1.0,-0.14701758255657638
C4541$@DOM1,125,1.0,0.0,4,1.0,1.0,-0.14701758255657638
C3774$@DOM1,125,1.0,0.0,4,1.0,1.0,-0.14701758255657638
C8113$@DOM1,125,1.0,0.0,4,1.0,1.0,-0.14701758255657638
C15566$@DOM1,125,1.0,0.0,4,1.0,1.0,-0.14701758255657638
C20997$@DOM1,125,1.0,0.0,4,1.0,1.0,-0.14701758255657638
C7999$@DOM1,125,1.0,0.0,4,1.0,1.0,-0.14701758255657638
C14102$@DOM1,125,1.0,0.0,4,1.0,1.0,-0.14701758255657638
C2852$@DOM1,125,1.0,0.0,4,1.0,1.0,-0.14701758255657638
C51$@DOM1,125,1.0,0.0,4,1.0,1.0,-0.14701758255657638
C6837$@DOM1,125,1.0,0.0,4,1.0,1.0,-0.14701758255657638
C4552$@DOM1,125,1.0,0.0,4,1.0,1.0,-0.14701758255657638
C3778$@DOM1,205,1.0,0.0,8,1.0,1.0,-0.14703475681368872
U6704@DOM1,205,1.0,0.0,8,1.0,1.0,-0.14703475681368872
C2526$@DOM1,132,1.0,0.0,7,1.0,0.9924242424242424,-0.1470349220273725
C19754$@DOM1,132,1.0,0.0,7,1.0,0.9924242424242424,-0.1470349220273725
C994$@DOM1,132,1.0,0.0,7,1.0,0.9924242424242424,-0.1470349220273725
C959$@DOM1,132,1.0,0.0,7,1.0,0.9924242424242424,-0.1470349220273725
U9409@DOM1,52,1.0,0.0,8,1.0,1.0,-0.14707062454031505
U9096@DOM1,52,1.0,0.0,8,1.0,1.0,-0.14707062454031505
U3601@DOM1,52,1.0,0.0,8,1.0,1.0,-0.14707062454031505
U594@DOM1,52,1.0,0.0,8,1.0,1.0,-0.14707062454031505
C670$@DOM1,218,1.0,0.0,7,1.0,1.0,-0.14707717601395598
C18624$@DOM1,218,1.0,0.0,7,1.0,1.0,-0.14707717601395598
C278$@DOM1,135,1.0,0.0,7,1.0,0.9925925925925926,-0.14709151809071652
C2151$@DOM1,135,1.0,0.0,7,1.0,0.9925925925925926,-0.14709151809071652
C2332$@DOM1,135,1.0,0.0,7,1.0,0.9925925925925926,-0.14709151809071652
C2659$@DOM1,135,1.0,0.0,7,1.0,0.9925925925925926,-0.14709151809071652
C8563$@DOM1,135,1.0,0.0,7,1.0,0.9925925925925926,-0.14709151809071652
C16537$@DOM1,133,1.0,0.0,7,1.0,0.9924812030075187,-0.14710304573936556
C7734$@DOM1,133,1.0,0.0,7,1.0,0.9924812030075187,-0.14710304573936556
C9103$@DOM1,133,1.0,0.0,7,1.0,0.9924812030075187,-0.14710304573936556
C17003$@DOM1,179,1.0,0.0,6,1.0,0.994413407821229,-0.14711328271200297
C12885$@DOM1,179,1.0,0.0,6,1.0,0.994413407821229,-0.14711328271200297
U8780@DOM1,188,1.0,0.0,5,1.0,1.0,-0.1471275508272773
C2743$@DOM1,188,1.0,0.0,5,1.0,1.0,-0.1471275508272773
U6407@DOM1,187,1.0,0.0,5,1.0,1.0,-0.1471275508272773
C10364$@DOM1,177,1.0,0.0,6,1.0,0.9943502824858758,-0.14716007991674168
C20758$@DOM1,177,1.0,0.0,6,1.0,0.9943502824858758,-0.14716007991674168
C1719$@DOM1,177,1.0,0.0,6,1.0,0.9943502824858758,-0.14716007991674168
C745$@DOM1,178,1.0,0.0,6,1.0,0.9943820224719101,-0.14716007991674168
C3491$@DOM1,178,1.0,0.0,6,1.0,0.9943820224719101,-0.14716007991674168
C12889$@DOM1,177,1.0,0.0,6,1.0,0.9943502824858758,-0.14716007991674168
C14823$@DOM1,178,1.0,0.0,6,1.0,0.9943820224719101,-0.14716007991674168
C2767$@DOM1,177,1.0,0.0,6,1.0,0.9943502824858758,-0.14716007991674168
C12652$@DOM1,178,1.0,0.0,6,1.0,0.9943820224719101,-0.14716007991674168
C16865$@DOM1,177,1.0,0.0,6,1.0,0.9943502824858758,-0.14716007991674168
C17833$@DOM1,177,1.0,0.0,6,1.0,0.9943502824858758,-0.14716007991674168
C914$@DOM1,186,1.0,0.0,7,1.0,0.9946236559139785,-0.14716622610945707
C289$@DOM1,186,1.0,0.0,7,1.0,0.9946236559139785,-0.14716622610945707
C6316$@DOM1,186,1.0,0.0,7,1.0,0.9946236559139785,-0.14716622610945707
C464$@DOM1,186,1.0,0.0,7,1.0,0.9946236559139785,-0.14716622610945707
U810@DOM1,204,1.0,0.0,8,1.0,1.0,-0.14721808883945386
C20622$@DOM1,118,1.0,0.0,4,1.0,1.0,-0.14722606729126703
C7324$@DOM1,119,1.0,0.0,4,1.0,1.0,-0.14722606729126703
C7424$@DOM1,118,1.0,0.0,4,1.0,1.0,-0.14722606729126703
C12147$@DOM1,118,1.0,0.0,4,1.0,1.0,-0.14722606729126703
C18823$@DOM1,119,1.0,0.0,4,1.0,1.0,-0.14722606729126703
C10314$@DOM1,118,1.0,0.0,4,1.0,1.0,-0.14722606729126703
C5141$@DOM1,119,1.0,0.0,4,1.0,1.0,-0.14722606729126703
C13707$@DOM1,119,1.0,0.0,4,1.0,1.0,-0.14722606729126703
C6171$@DOM1,119,1.0,0.0,4,1.0,1.0,-0.14722606729126703
C3354$@DOM1,119,1.0,0.0,4,1.0,1.0,-0.14722606729126703
C5297$@DOM1,118,1.0,0.0,4,1.0,1.0,-0.14722606729126703
C10921$@DOM1,119,1.0,0.0,4,1.0,1.0,-0.14722606729126703
C10755$@DOM1,118,1.0,0.0,4,1.0,1.0,-0.14722606729126703
C4724$@DOM1,118,1.0,0.0,4,1.0,1.0,-0.14722606729126703
C9364$@DOM1,118,1.0,0.0,4,1.0,1.0,-0.14722606729126703
C3772$@DOM1,118,1.0,0.0,4,1.0,1.0,-0.14722606729126703
C7089$@DOM1,119,1.0,0.0,4,1.0,1.0,-0.14722606729126703
C15802$@DOM1,118,1.0,0.0,4,1.0,1.0,-0.14722606729126703
C4367$@DOM1,119,1.0,0.0,4,1.0,1.0,-0.14722606729126703
C10537$@DOM1,118,1.0,0.0,4,1.0,1.0,-0.14722606729126703
C20638$@DOM1,119,1.0,0.0,4,1.0,1.0,-0.14722606729126703
C12279$@DOM1,119,1.0,0.0,4,1.0,1.0,-0.14722606729126703
C13105$@DOM1,118,1.0,0.0,4,1.0,1.0,-0.14722606729126703
C15600$@DOM1,119,1.0,0.0,4,1.0,1.0,-0.14722606729126703
C15312$@DOM1,118,1.0,0.0,4,1.0,1.0,-0.14722606729126703
C7778$@DOM1,119,1.0,0.0,4,1.0,1.0,-0.14722606729126703
C6874$@DOM1,119,1.0,0.0,4,1.0,1.0,-0.14722606729126703
C11622$@DOM1,119,1.0,0.0,4,1.0,1.0,-0.14722606729126703
C13321$@DOM1,118,1.0,0.0,4,1.0,1.0,-0.14722606729126703
C20871$@DOM1,118,1.0,0.0,4,1.0,1.0,-0.14722606729126703
C17707$@DOM1,119,1.0,0.0,4,1.0,1.0,-0.14722606729126703
C17058$@DOM1,119,1.0,0.0,4,1.0,1.0,-0.14722606729126703
C12859$@DOM1,119,1.0,0.0,4,1.0,1.0,-0.14722606729126703
C18334$@DOM1,119,1.0,0.0,4,1.0,1.0,-0.14722606729126703
C4390$@DOM1,118,1.0,0.0,4,1.0,1.0,-0.14722606729126703
C4622$@DOM1,118,1.0,0.0,4,1.0,1.0,-0.14722606729126703
U8962@DOM1,39,1.0,0.0,7,1.0,1.0,-0.14723443563978605
U2871@DOM1,39,1.0,0.0,7,1.0,1.0,-0.14723443563978605
U1149@DOM1,38,1.0,0.0,7,1.0,1.0,-0.14723443563978605
U8850@DOM1,38,1.0,0.0,7,1.0,1.0,-0.14723443563978605
U5140@DOM1,39,1.0,0.0,7,1.0,1.0,-0.14723443563978605
U1278@DOM1,38,1.0,0.0,7,1.0,1.0,-0.14723443563978605
U9336@DOM1,38,1.0,0.0,7,1.0,1.0,-0.14723443563978605
U8906@DOM1,39,1.0,0.0,7,1.0,1.0,-0.14723443563978605
U443@DOM1,38,1.0,0.0,7,1.0,1.0,-0.14723443563978605
U4323@DOM1,39,1.0,0.0,7,1.0,1.0,-0.14723443563978605
U6740@DOM1,39,1.0,0.0,7,1.0,1.0,-0.14723443563978605
C10390$@DOM1,176,1.0,0.0,6,1.0,0.9943181818181818,-0.14725273190653693
C11966$@DOM1,176,1.0,0.0,6,1.0,0.9943181818181818,-0.14725273190653693
C3748$@DOM1,176,1.0,0.0,6,1.0,0.9943181818181818,-0.14725273190653693
C200$@DOM1,176,1.0,0.0,6,1.0,0.9943181818181818,-0.14725273190653693
C12238$@DOM1,176,1.0,0.0,6,1.0,0.9943181818181818,-0.14725273190653693
C17596$@DOM1,176,1.0,0.0,6,1.0,0.9943181818181818,-0.14725273190653693
C13424$@DOM1,176,1.0,0.0,6,1.0,0.9943181818181818,-0.14725273190653693
C10599$@DOM1,186,1.0,0.0,5,1.0,1.0,-0.14728624945363067
C14886$@DOM1,186,1.0,0.0,5,1.0,1.0,-0.14728624945363067
C5321$@DOM1,186,1.0,0.0,5,1.0,1.0,-0.14728624945363067
C1041$@DOM1,134,1.0,0.0,7,1.0,0.9925373134328358,-0.14728904787177027
C2604$@DOM1,134,1.0,0.0,7,1.0,0.9925373134328358,-0.14728904787177027
C297$@DOM1,134,1.0,0.0,7,1.0,0.9925373134328358,-0.14728904787177027
C8172$@DOM1,134,1.0,0.0,7,1.0,0.9925373134328358,-0.14728904787177027
C1560$@DOM1,134,1.0,0.0,7,1.0,0.9925373134328358,-0.14728904787177027
C606$@DOM1,134,1.0,0.0,7,1.0,0.9925373134328358,-0.14728904787177027
C10401$@DOM1,134,1.0,0.0,7,1.0,0.9925373134328358,-0.14728904787177027
C16150$@DOM1,134,1.0,0.0,7,1.0,0.9925373134328358,-0.14728904787177027
C20642$@DOM1,134,1.0,0.0,7,1.0,0.9925373134328358,-0.14728904787177027
C17779$@DOM1,131,1.0,0.0,6,1.0,0.9923664122137404,-0.14731694325763983
C21014$@DOM1,131,1.0,0.0,6,1.0,0.9923664122137404,-0.14731694325763983
C438$@DOM1,131,1.0,0.0,6,1.0,0.9923664122137404,-0.14731694325763983
C2905$@DOM1,131,1.0,0.0,6,1.0,0.9923664122137404,-0.14731694325763983
C7418$@DOM1,131,1.0,0.0,6,1.0,0.9923664122137404,-0.14731694325763983
C17931$@DOM1,131,1.0,0.0,6,1.0,0.9923664122137404,-0.14731694325763983
C14317$@DOM1,131,1.0,0.0,6,1.0,0.9923664122137404,-0.14731694325763983
C9937$@DOM1,185,1.0,0.0,7,1.0,0.9945945945945946,-0.1473270284182447
C12175$@DOM1,185,1.0,0.0,7,1.0,0.9945945945945946,-0.1473270284182447
U7393@DOM1,42,1.0,0.0,5,1.0,1.0,-0.14735773492171983
U2112@DOM1,42,1.0,0.0,5,1.0,1.0,-0.14735773492171983
U5551@DOM1,42,1.0,0.0,5,1.0,1.0,-0.14735773492171983
U3107@DOM1,42,1.0,0.0,5,1.0,1.0,-0.14735773492171983
U8567@DOM1,42,1.0,0.0,5,1.0,1.0,-0.14735773492171983
U9455@DOM1,42,1.0,0.0,5,1.0,1.0,-0.14735773492171983
U968@DOM1,42,1.0,0.0,5,1.0,1.0,-0.14735773492171983
U1087@DOM1,42,1.0,0.0,5,1.0,1.0,-0.14735773492171983
U8643@DOM1,42,1.0,0.0,5,1.0,1.0,-0.14735773492171983
U8473@DOM1,35,1.0,0.0,6,1.0,1.0,-0.147408247248078
C7160$@DOM1,35,1.0,0.0,6,1.0,1.0,-0.147408247248078
U8849@DOM1,35,1.0,0.0,6,1.0,1.0,-0.147408247248078
U1066@DOM1,35,1.0,0.0,6,1.0,1.0,-0.147408247248078
U6564@DOM1,35,1.0,0.0,6,1.0,1.0,-0.147408247248078
U10277@DOM1,35,1.0,0.0,6,1.0,1.0,-0.147408247248078
U8242@DOM1,35,1.0,0.0,6,1.0,1.0,-0.147408247248078
C16019$@DOM1,180,1.0,0.0,6,1.0,0.9944444444444445,-0.14741092888341045
C12100$@DOM1,180,1.0,0.0,6,1.0,0.9944444444444445,-0.14741092888341045
C5799$@DOM1,180,1.0,0.0,6,1.0,0.9944444444444445,-0.14741092888341045
C1659$@DOM1,217,1.0,0.0,7,1.0,1.0,-0.1474633121784189
C5850$@DOM1,217,1.0,0.0,7,1.0,1.0,-0.1474633121784189
C14555$@DOM1,217,1.0,0.0,7,1.0,1.0,-0.1474633121784189
C16619$@DOM1,217,1.0,0.0,7,1.0,1.0,-0.1474633121784189
C20869$@DOM1,136,1.0,0.0,7,1.0,0.9926470588235294,-0.14749647986599063
C19920$@DOM1,136,1.0,0.0,7,1.0,0.9926470588235294,-0.14749647986599063
C12328$@DOM1,136,1.0,0.0,7,1.0,0.9926470588235294,-0.14749647986599063
C1022$@DOM1,136,1.0,0.0,7,1.0,0.9926470588235294,-0.14749647986599063
C13497$@DOM1,136,1.0,0.0,7,1.0,0.9926470588235294,-0.14749647986599063
C6879$@DOM1,136,1.0,0.0,7,1.0,0.9926470588235294,-0.14749647986599063
C15572$@DOM1,136,1.0,0.0,7,1.0,0.9926470588235294,-0.14749647986599063
C9849$@DOM1,136,1.0,0.0,7,1.0,0.9926470588235294,-0.14749647986599063
C73$@DOM1,136,1.0,0.0,7,1.0,0.9926470588235294,-0.14749647986599063
C20329$@DOM1,203,1.0,0.0,8,1.0,1.0,-0.14750600224638266
C1569$@DOM1,201,1.0,0.0,8,1.0,1.0,-0.14756562035789694
U2046@DOM1,201,1.0,0.0,8,1.0,1.0,-0.14756562035789694
C4382$@DOM1,202,1.0,0.0,8,1.0,1.0,-0.14756562035789694
C922$@DOM1,202,1.0,0.0,8,1.0,1.0,-0.14756562035789694
C17956$@DOM1,201,1.0,0.0,8,1.0,1.0,-0.14756562035789694
C5352$@DOM1,185,1.0,0.0,5,1.0,1.0,-0.14760826391702425
C18163$@DOM1,185,1.0,0.0,5,1.0,1.0,-0.14760826391702425
C20005$@DOM1,185,1.0,0.0,5,1.0,1.0,-0.14760826391702425
U6810@DOM1,43,1.0,0.0,5,1.0,1.0,-0.14761908497820636
U8982@DOM1,43,1.0,0.0,5,1.0,1.0,-0.14761908497820636
U2905@DOM1,43,1.0,0.0,5,1.0,1.0,-0.14761908497820636
U2343@DOM1,43,1.0,0.0,5,1.0,1.0,-0.14761908497820636
U6604@DOM1,43,1.0,0.0,5,1.0,1.0,-0.14761908497820636
U8593@DOM1,43,1.0,0.0,5,1.0,1.0,-0.14761908497820636
U1318@DOM1,43,1.0,0.0,5,1.0,1.0,-0.14761908497820636
U9286@DOM1,43,1.0,0.0,5,1.0,1.0,-0.14761908497820636
C5923$@DOM1,216,1.0,0.0,7,1.0,1.0,-0.14762065072919706
C14615$@DOM1,135,1.0,0.0,6,1.0,0.9925925925925926,-0.14769346589636162
C7865$@DOM1,135,1.0,0.0,6,1.0,0.9925925925925926,-0.14769346589636162
C11641$@DOM1,135,1.0,0.0,6,1.0,0.9925925925925926,-0.14769346589636162
C13294$@DOM1,133,1.0,0.0,6,1.0,0.9924812030075187,-0.14774341702656563
C19671$@DOM1,133,1.0,0.0,6,1.0,0.9924812030075187,-0.14774341702656563
C1239$@DOM1,133,1.0,0.0,6,1.0,0.9924812030075187,-0.14774341702656563
C18908$@DOM1,133,1.0,0.0,6,1.0,0.9924812030075187,-0.14774341702656563
C18821$@DOM1,133,1.0,0.0,6,1.0,0.9924812030075187,-0.14774341702656563
C8721$@DOM1,133,1.0,0.0,6,1.0,0.9924812030075187,-0.14774341702656563
C14453$@DOM1,133,1.0,0.0,6,1.0,0.9924812030075187,-0.14774341702656563
C18623$@DOM1,133,1.0,0.0,6,1.0,0.9924812030075187,-0.14774341702656563
C13646$@DOM1,133,1.0,0.0,6,1.0,0.9924812030075187,-0.14774341702656563
C6641$@DOM1,133,1.0,0.0,6,1.0,0.9924812030075187,-0.14774341702656563
C16816$@DOM1,133,1.0,0.0,6,1.0,0.9924812030075187,-0.14774341702656563
C7687$@DOM1,133,1.0,0.0,6,1.0,0.9924812030075187,-0.14774341702656563
C6701$@DOM1,132,1.0,0.0,6,1.0,0.9924242424242424,-0.14775567406796336
C6055$@DOM1,132,1.0,0.0,6,1.0,0.9924242424242424,-0.14775567406796336
C8196$@DOM1,132,1.0,0.0,6,1.0,0.9924242424242424,-0.14775567406796336
C6625$@DOM1,132,1.0,0.0,6,1.0,0.9924242424242424,-0.14775567406796336
C136$@DOM1,132,1.0,0.0,6,1.0,0.9924242424242424,-0.14775567406796336
C20023$@DOM1,132,1.0,0.0,6,1.0,0.9924242424242424,-0.14775567406796336
C10366$@DOM1,132,1.0,0.0,6,1.0,0.9924242424242424,-0.14775567406796336
C18341$@DOM1,132,1.0,0.0,6,1.0,0.9924242424242424,-0.14775567406796336
U6045@DOM1,40,1.0,0.0,7,1.0,1.0,-0.14780380346427047
C1625$@DOM1,215,1.0,0.0,6,1.0,1.0,-0.14782002653269433
C1310$@DOM1,183,1.0,0.0,7,1.0,0.994535519125683,-0.14784583218936248
C11496$@DOM1,183,1.0,0.0,7,1.0,0.994535519125683,-0.14784583218936248
C10892$@DOM1,183,1.0,0.0,7,1.0,0.994535519125683,-0.14784583218936248
C13678$@DOM1,183,1.0,0.0,7,1.0,0.994535519125683,-0.14784583218936248
C584$@DOM1,183,1.0,0.0,7,1.0,0.994535519125683,-0.14784583218936248
C12304$@DOM1,183,1.0,0.0,7,1.0,0.994535519125683,-0.14784583218936248
C16260$@DOM1,183,1.0,0.0,7,1.0,0.994535519125683,-0.14784583218936248
C1724$@DOM1,183,1.0,0.0,7,1.0,0.994535519125683,-0.14784583218936248
C11637$@DOM1,183,1.0,0.0,7,1.0,0.994535519125683,-0.14784583218936248
C11080$@DOM1,183,1.0,0.0,7,1.0,0.994535519125683,-0.14784583218936248
C6558$@DOM1,175,1.0,0.0,6,1.0,0.9942857142857143,-0.1478701281073284
C19178$@DOM1,175,1.0,0.0,6,1.0,0.9942857142857143,-0.1478701281073284
C460$@DOM1,175,1.0,0.0,6,1.0,0.9942857142857143,-0.1478701281073284
C23$@DOM1,175,1.0,0.0,6,1.0,0.9942857142857143,-0.1478701281073284
C2286$@DOM1,200,1.0,0.0,8,1.0,1.0,-0.14790047939133483
C9758$@DOM1,200,1.0,0.0,8,1.0,1.0,-0.14790047939133483
C16214$@DOM1,174,1.0,0.0,6,1.0,0.9942528735632183,-0.14790890104808468
C12085$@DOM1,174,1.0,0.0,6,1.0,0.9942528735632183,-0.14790890104808468
C12320$@DOM1,174,1.0,0.0,6,1.0,0.9942528735632183,-0.14790890104808468
C535$@DOM1,174,1.0,0.0,6,1.0,0.9942528735632183,-0.14790890104808468
C17244$@DOM1,174,1.0,0.0,6,1.0,0.9942528735632183,-0.14790890104808468
C20686$@DOM1,174,1.0,0.0,6,1.0,0.9942528735632183,-0.14790890104808468
C19735$@DOM1,174,1.0,0.0,6,1.0,0.9942528735632183,-0.14790890104808468
C328$@DOM1,136,1.0,0.0,6,1.0,0.9926470588235294,-0.14791771312741447
C766$@DOM1,136,1.0,0.0,6,1.0,0.9926470588235294,-0.14791771312741447
C18912$@DOM1,136,1.0,0.0,6,1.0,0.9926470588235294,-0.14791771312741447
C731$@DOM1,136,1.0,0.0,6,1.0,0.9926470588235294,-0.14791771312741447
C20509$@DOM1,134,1.0,0.0,6,1.0,0.9925373134328358,-0.14792908163714275
C6638$@DOM1,134,1.0,0.0,6,1.0,0.9925373134328358,-0.14792908163714275
C877$@DOM1,134,1.0,0.0,6,1.0,0.9925373134328358,-0.14792908163714275
C10022$@DOM1,134,1.0,0.0,6,1.0,0.9925373134328358,-0.14792908163714275
C8346$@DOM1,181,1.0,0.0,7,1.0,0.994475138121547,-0.14794652505732642
C1526$@DOM1,181,1.0,0.0,7,1.0,0.994475138121547,-0.14794652505732642
C19400$@DOM1,181,1.0,0.0,7,1.0,0.994475138121547,-0.14794652505732642
C19549$@DOM1,181,1.0,0.0,7,1.0,0.994475138121547,-0.14794652505732642
C3081$@DOM1,181,1.0,0.0,7,1.0,0.994475138121547,-0.14794652505732642
C871$@DOM1,182,1.0,0.0,7,1.0,0.9945054945054945,-0.14795922916434512
C5810$@DOM1,182,1.0,0.0,7,1.0,0.9945054945054945,-0.14795922916434512
C19083$@DOM1,182,1.0,0.0,7,1.0,0.9945054945054945,-0.14795922916434512
C11831$@DOM1,184,1.0,0.0,7,1.0,0.9945652173913043,-0.1480476708658885
C10093$@DOM1,184,1.0,0.0,7,1.0,0.9945652173913043,-0.1480476708658885
C15178$@DOM1,184,1.0,0.0,7,1.0,0.9945652173913043,-0.1480476708658885
C16770$@DOM1,184,1.0,0.0,7,1.0,0.9945652173913043,-0.1480476708658885
C18626$@DOM1,138,1.0,0.0,7,1.0,0.9927536231884058,-0.1481698760761126
C6292$@DOM1,138,1.0,0.0,7,1.0,0.9927536231884058,-0.1481698760761126
C116$@DOM1,138,1.0,0.0,7,1.0,0.9927536231884058,-0.1481698760761126
C6409$@DOM1,139,1.0,0.0,7,1.0,0.9928057553956835,-0.14820402006872085
C9370$@DOM1,139,1.0,0.0,7,1.0,0.9928057553956835,-0.14820402006872085
C6731$@DOM1,139,1.0,0.0,7,1.0,0.9928057553956835,-0.14820402006872085
C7254$@DOM1,179,1.0,0.0,7,1.0,0.994413407821229,-0.14821048116967567
C18743$@DOM1,179,1.0,0.0,7,1.0,0.994413407821229,-0.14821048116967567
C891$@DOM1,179,1.0,0.0,7,1.0,0.994413407821229,-0.14821048116967567
C17600$@DOM1,179,1.0,0.0,7,1.0,0.994413407821229,-0.14821048116967567
C836$@DOM1,179,1.0,0.0,7,1.0,0.994413407821229,-0.14821048116967567
C13901$@DOM1,179,1.0,0.0,7,1.0,0.994413407821229,-0.14821048116967567
C20222$@DOM1,173,1.0,0.0,6,1.0,0.9942196531791907,-0.14826348969404102
C1616$@DOM1,172,1.0,0.0,6,1.0,0.9941860465116279,-0.14826348969404102
C18914$@DOM1,172,1.0,0.0,6,1.0,0.9941860465116279,-0.14826348969404102
C20560$@DOM1,173,1.0,0.0,6,1.0,0.9942196531791907,-0.14826348969404102
C16480$@DOM1,172,1.0,0.0,6,1.0,0.9941860465116279,-0.14826348969404102
C19436$@DOM1,172,1.0,0.0,6,1.0,0.9941860465116279,-0.14826348969404102
C9471$@DOM1,172,1.0,0.0,6,1.0,0.9941860465116279,-0.14826348969404102
C8780$@DOM1,172,1.0,0.0,6,1.0,0.9941860465116279,-0.14826348969404102
C10936$@DOM1,173,1.0,0.0,6,1.0,0.9942196531791907,-0.14826348969404102
C3$@DOM1,173,1.0,0.0,6,1.0,0.9942196531791907,-0.14826348969404102
C17137$@DOM1,172,1.0,0.0,6,1.0,0.9941860465116279,-0.14826348969404102
C21240$@DOM1,173,1.0,0.0,6,1.0,0.9942196531791907,-0.14826348969404102
C12408$@DOM1,137,1.0,0.0,7,1.0,0.9927007299270073,-0.14832263119941258
C6110$@DOM1,137,1.0,0.0,7,1.0,0.9927007299270073,-0.14832263119941258
C6511$@DOM1,137,1.0,0.0,7,1.0,0.9927007299270073,-0.14832263119941258
C2203$@DOM1,137,1.0,0.0,7,1.0,0.9927007299270073,-0.14832263119941258
C3839$@DOM1,137,1.0,0.0,7,1.0,0.9927007299270073,-0.14832263119941258
C147$@DOM1,137,1.0,0.0,7,1.0,0.9927007299270073,-0.14832263119941258
C9605$@DOM1,137,1.0,0.0,7,1.0,0.9927007299270073,-0.14832263119941258
C1091$@DOM1,140,1.0,0.0,7,1.0,0.9928571428571429,-0.14838168265241197
C12164$@DOM1,140,1.0,0.0,7,1.0,0.9928571428571429,-0.14838168265241197
C8974$@DOM1,140,1.0,0.0,7,1.0,0.9928571428571429,-0.14838168265241197
C1409$@DOM1,140,1.0,0.0,7,1.0,0.9928571428571429,-0.14838168265241197
C19560$@DOM1,140,1.0,0.0,7,1.0,0.9928571428571429,-0.14838168265241197
U7514@DOM1,37,1.0,0.0,6,1.0,1.0,-0.14838489382952752
U5716@DOM1,36,1.0,0.0,6,1.0,1.0,-0.14838489382952752
U6208@DOM1,37,1.0,0.0,6,1.0,1.0,-0.14838489382952752
U906@DOM1,37,1.0,0.0,6,1.0,1.0,-0.14838489382952752
U7580@DOM1,37,1.0,0.0,6,1.0,1.0,-0.14838489382952752
U1463@DOM1,37,1.0,0.0,6,1.0,1.0,-0.14838489382952752
U5786@DOM1,36,1.0,0.0,6,1.0,1.0,-0.14838489382952752
C19533$@DOM1,180,1.0,0.0,7,1.0,0.9944444444444445,-0.14839146278362408
C14206$@DOM1,180,1.0,0.0,7,1.0,0.9944444444444445,-0.14839146278362408
C729$@DOM1,180,1.0,0.0,7,1.0,0.9944444444444445,-0.14839146278362408
C15242$@DOM1,180,1.0,0.0,7,1.0,0.9944444444444445,-0.14839146278362408
C11825$@DOM1,180,1.0,0.0,7,1.0,0.9944444444444445,-0.14839146278362408
C12393$@DOM1,180,1.0,0.0,7,1.0,0.9944444444444445,-0.14839146278362408
C16199$@DOM1,180,1.0,0.0,7,1.0,0.9944444444444445,-0.14839146278362408
U301@DOM1,199,1.0,0.0,8,1.0,1.0,-0.14843610050446515
C1751$@DOM1,141,1.0,0.0,7,1.0,0.9929078014184397,-0.14846333677563556
C264$@DOM1,141,1.0,0.0,7,1.0,0.9929078014184397,-0.14846333677563556
C2388$@DOM1,141,1.0,0.0,7,1.0,0.9929078014184397,-0.14846333677563556
C11069$@DOM1,177,1.0,0.0,7,1.0,0.9943502824858758,-0.1484915538324892
C6279$@DOM1,178,1.0,0.0,7,1.0,0.9943820224719101,-0.1484915538324892
C15384$@DOM1,178,1.0,0.0,7,1.0,0.9943820224719101,-0.1484915538324892
C2300$@DOM1,178,1.0,0.0,7,1.0,0.9943820224719101,-0.1484915538324892
C17254$@DOM1,178,1.0,0.0,7,1.0,0.9943820224719101,-0.1484915538324892
C916$@DOM1,178,1.0,0.0,7,1.0,0.9943820224719101,-0.1484915538324892
C11453$@DOM1,177,1.0,0.0,7,1.0,0.9943502824858758,-0.1484915538324892
C13279$@DOM1,139,1.0,0.0,6,1.0,0.9928057553956835,-0.1485008558255551
C7215$@DOM1,139,1.0,0.0,6,1.0,0.9928057553956835,-0.1485008558255551
C1414$@DOM1,139,1.0,0.0,6,1.0,0.9928057553956835,-0.1485008558255551
C19421$@DOM1,139,1.0,0.0,6,1.0,0.9928057553956835,-0.1485008558255551
C2870$@DOM1,139,1.0,0.0,6,1.0,0.9928057553956835,-0.1485008558255551
C18418$@DOM1,139,1.0,0.0,6,1.0,0.9928057553956835,-0.1485008558255551
C5997$@DOM1,139,1.0,0.0,6,1.0,0.9928057553956835,-0.1485008558255551
U1952@DOM1,53,1.0,0.0,8,1.0,1.0,-0.14855070178205987
U1422@DOM1,53,1.0,0.0,8,1.0,1.0,-0.14855070178205987
U5134@DOM1,53,1.0,0.0,8,1.0,1.0,-0.14855070178205987
U6483@DOM1,53,1.0,0.0,8,1.0,1.0,-0.14855070178205987
U4858@DOM1,53,1.0,0.0,8,1.0,1.0,-0.14855070178205987
U6022@DOM1,53,1.0,0.0,8,1.0,1.0,-0.14855070178205987
C16901$@DOM1,138,1.0,0.0,6,1.0,0.9927536231884058,-0.14855378756447057
C15151$@DOM1,138,1.0,0.0,6,1.0,0.9927536231884058,-0.14855378756447057
C17794$@DOM1,138,1.0,0.0,6,1.0,0.9927536231884058,-0.14855378756447057
C13886$@DOM1,138,1.0,0.0,6,1.0,0.9927536231884058,-0.14855378756447057
C1112$@DOM1,138,1.0,0.0,6,1.0,0.9927536231884058,-0.14855378756447057
C5750$@DOM1,138,1.0,0.0,6,1.0,0.9927536231884058,-0.14855378756447057
C1384$@DOM1,138,1.0,0.0,6,1.0,0.9927536231884058,-0.14855378756447057
C20684$@DOM1,138,1.0,0.0,6,1.0,0.9927536231884058,-0.14855378756447057
C121$@DOM1,138,1.0,0.0,6,1.0,0.9927536231884058,-0.14855378756447057
C7514$@DOM1,176,1.0,0.0,7,1.0,0.9943181818181818,-0.148594673432289
C18996$@DOM1,176,1.0,0.0,7,1.0,0.9943181818181818,-0.148594673432289
C19145$@DOM1,176,1.0,0.0,7,1.0,0.9943181818181818,-0.148594673432289
C19610$@DOM1,176,1.0,0.0,7,1.0,0.9943181818181818,-0.148594673432289
C1548$@DOM1,176,1.0,0.0,7,1.0,0.9943181818181818,-0.148594673432289
C12606$@DOM1,176,1.0,0.0,7,1.0,0.9943181818181818,-0.148594673432289
C20002$@DOM1,176,1.0,0.0,7,1.0,0.9943181818181818,-0.148594673432289
C770$@DOM1,176,1.0,0.0,7,1.0,0.9943181818181818,-0.148594673432289
C7672$@DOM1,176,1.0,0.0,7,1.0,0.9943181818181818,-0.148594673432289
C18617$@DOM1,176,1.0,0.0,7,1.0,0.9943181818181818,-0.148594673432289
C856$@DOM1,176,1.0,0.0,7,1.0,0.9943181818181818,-0.148594673432289
C79$@DOM1,176,1.0,0.0,7,1.0,0.9943181818181818,-0.148594673432289
C12656$@DOM1,176,1.0,0.0,7,1.0,0.9943181818181818,-0.148594673432289
C214$@DOM1,140,1.0,0.0,6,1.0,0.9928571428571429,-0.14860844084099134
C18464$@DOM1,140,1.0,0.0,6,1.0,0.9928571428571429,-0.14860844084099134
C669$@DOM1,140,1.0,0.0,6,1.0,0.9928571428571429,-0.14860844084099134
U2118@DOM1,41,1.0,0.0,7,1.0,1.0,-0.14867173611341555
U3709@DOM1,41,1.0,0.0,7,1.0,1.0,-0.14867173611341555
U2437@DOM1,41,1.0,0.0,7,1.0,1.0,-0.14867173611341555
U7648@DOM1,41,1.0,0.0,7,1.0,1.0,-0.14867173611341555
U1006@DOM1,41,1.0,0.0,7,1.0,1.0,-0.14867173611341555
U1210@DOM1,41,1.0,0.0,7,1.0,1.0,-0.14867173611341555
U6605@DOM1,41,1.0,0.0,7,1.0,1.0,-0.14867173611341555
C1578$@DOM1,174,1.0,0.0,7,1.0,0.9942528735632183,-0.14868937102910523
C1833$@DOM1,137,1.0,0.0,6,1.0,0.9927007299270073,-0.14870637600378656
C19109$@DOM1,137,1.0,0.0,6,1.0,0.9927007299270073,-0.14870637600378656
C19983$@DOM1,137,1.0,0.0,6,1.0,0.9927007299270073,-0.14870637600378656
C15560$@DOM1,137,1.0,0.0,6,1.0,0.9927007299270073,-0.14870637600378656
C8058$@DOM1,137,1.0,0.0,6,1.0,0.9927007299270073,-0.14870637600378656
C1052$@DOM1,137,1.0,0.0,6,1.0,0.9927007299270073,-0.14870637600378656
C19898$@DOM1,137,1.0,0.0,6,1.0,0.9927007299270073,-0.14870637600378656
C779$@DOM1,175,1.0,0.0,7,1.0,0.9942857142857143,-0.14871010854406613
C19772$@DOM1,175,1.0,0.0,7,1.0,0.9942857142857143,-0.14871010854406613
C16026$@DOM1,175,1.0,0.0,7,1.0,0.9942857142857143,-0.14871010854406613
C647$@DOM1,175,1.0,0.0,7,1.0,0.9942857142857143,-0.14871010854406613
C5626$@DOM1,175,1.0,0.0,7,1.0,0.9942857142857143,-0.14871010854406613
C11755$@DOM1,175,1.0,0.0,7,1.0,0.9942857142857143,-0.14871010854406613
C215$@DOM1,175,1.0,0.0,7,1.0,0.9942857142857143,-0.14871010854406613
C3143$@DOM1,175,1.0,0.0,7,1.0,0.9942857142857143,-0.14871010854406613
C2263$@DOM1,175,1.0,0.0,7,1.0,0.9942857142857143,-0.14871010854406613
C76$@DOM1,175,1.0,0.0,7,1.0,0.9942857142857143,-0.14871010854406613
C15906$@DOM1,184,1.0,0.0,5,1.0,1.0,-0.1487268642744688
C10501$@DOM1,184,1.0,0.0,5,1.0,1.0,-0.1487268642744688
U3862@DOM1,44,1.0,0.0,5,1.0,1.0,-0.14876875029224468
U1112@DOM1,44,1.0,0.0,5,1.0,1.0,-0.14876875029224468
U7291@DOM1,44,1.0,0.0,5,1.0,1.0,-0.14876875029224468
U1766@DOM1,44,1.0,0.0,5,1.0,1.0,-0.14876875029224468
U1242@DOM1,44,1.0,0.0,5,1.0,1.0,-0.14876875029224468
U5384@DOM1,44,1.0,0.0,5,1.0,1.0,-0.14876875029224468
U8834@DOM1,44,1.0,0.0,5,1.0,1.0,-0.14876875029224468
U4276@DOM1,44,1.0,0.0,5,1.0,1.0,-0.14876875029224468
U8837@DOM1,44,1.0,0.0,5,1.0,1.0,-0.14876875029224468
U6019@DOM1,44,1.0,0.0,5,1.0,1.0,-0.14876875029224468
C1928$@DOM1,213,1.0,0.0,6,1.0,1.0,-0.14886603497952933
C10056$@DOM1,213,1.0,0.0,6,1.0,1.0,-0.14886603497952933
C3724$@DOM1,213,1.0,0.0,6,1.0,1.0,-0.14886603497952933
C8751$@DOM1,214,1.0,0.0,6,1.0,1.0,-0.14886603497952933
C14017$@DOM1,172,1.0,0.0,7,1.0,0.9941860465116279,-0.1489555804819045
C718$@DOM1,172,1.0,0.0,7,1.0,0.9941860465116279,-0.1489555804819045
C12449$@DOM1,172,1.0,0.0,7,1.0,0.9941860465116279,-0.1489555804819045
C16547$@DOM1,172,1.0,0.0,7,1.0,0.9941860465116279,-0.1489555804819045
C12236$@DOM1,172,1.0,0.0,7,1.0,0.9941860465116279,-0.1489555804819045
C754$@DOM1,172,1.0,0.0,7,1.0,0.9941860465116279,-0.1489555804819045
C15809$@DOM1,172,1.0,0.0,7,1.0,0.9941860465116279,-0.1489555804819045
C16436$@DOM1,172,1.0,0.0,7,1.0,0.9941860465116279,-0.1489555804819045
C16383$@DOM1,171,1.0,0.0,6,1.0,0.9941520467836257,-0.14898498927853776
C3609$@DOM1,171,1.0,0.0,6,1.0,0.9941520467836257,-0.14898498927853776
C6699$@DOM1,171,1.0,0.0,6,1.0,0.9941520467836257,-0.14898498927853776
C1387$@DOM1,171,1.0,0.0,6,1.0,0.9941520467836257,-0.14898498927853776
C853$@DOM1,171,1.0,0.0,6,1.0,0.9941520467836257,-0.14898498927853776
C2623$@DOM1,171,1.0,0.0,6,1.0,0.9941520467836257,-0.14898498927853776
C16933$@DOM1,171,1.0,0.0,6,1.0,0.9941520467836257,-0.14898498927853776
C6493$@DOM1,171,1.0,0.0,6,1.0,0.9941520467836257,-0.14898498927853776
C16869$@DOM1,171,1.0,0.0,6,1.0,0.9941520467836257,-0.14898498927853776
C11675$@DOM1,171,1.0,0.0,6,1.0,0.9941520467836257,-0.14898498927853776
C7107$@DOM1,215,1.0,0.0,7,1.0,1.0,-0.14899355626550748
C10405$@DOM1,215,1.0,0.0,7,1.0,1.0,-0.14899355626550748
U5989@DOM1,54,1.0,0.0,8,1.0,1.0,-0.14900107473474
U2387@DOM1,54,1.0,0.0,8,1.0,1.0,-0.14900107473474
U4954@DOM1,54,1.0,0.0,8,1.0,1.0,-0.14900107473474
U2005@DOM1,54,1.0,0.0,8,1.0,1.0,-0.14900107473474
U9457@DOM1,54,1.0,0.0,8,1.0,1.0,-0.14900107473474
U666@DOM1,54,1.0,0.0,8,1.0,1.0,-0.14900107473474
U1587@DOM1,54,1.0,0.0,8,1.0,1.0,-0.14900107473474
U2948@DOM1,54,1.0,0.0,8,1.0,1.0,-0.14900107473474
U7550@DOM1,54,1.0,0.0,8,1.0,1.0,-0.14900107473474
U9047@DOM1,54,1.0,0.0,8,1.0,1.0,-0.14900107473474
U3901@DOM1,54,1.0,0.0,8,1.0,1.0,-0.14900107473474
U572@DOM1,54,1.0,0.0,8,1.0,1.0,-0.14900107473474
U2247@DOM1,54,1.0,0.0,8,1.0,1.0,-0.14900107473474
C11447$@DOM1,142,1.0,0.0,7,1.0,0.9929577464788732,-0.1490055922177883
C18371$@DOM1,142,1.0,0.0,7,1.0,0.9929577464788732,-0.1490055922177883
C16518$@DOM1,142,1.0,0.0,7,1.0,0.9929577464788732,-0.1490055922177883
C12021$@DOM1,142,1.0,0.0,7,1.0,0.9929577464788732,-0.1490055922177883
C223$@DOM1,197,1.0,0.0,8,1.0,1.0,-0.1490133739002154
C8885$@DOM1,197,1.0,0.0,8,1.0,1.0,-0.1490133739002154
C1470$@DOM1,197,1.0,0.0,8,1.0,1.0,-0.1490133739002154
C1733$@DOM1,198,1.0,0.0,8,1.0,1.0,-0.1490133739002154
C16587$@DOM1,141,1.0,0.0,6,1.0,0.9929078014184397,-0.14902198753026058
C1987$@DOM1,141,1.0,0.0,6,1.0,0.9929078014184397,-0.14902198753026058
C13587$@DOM1,141,1.0,0.0,6,1.0,0.9929078014184397,-0.14902198753026058
C18322$@DOM1,141,1.0,0.0,6,1.0,0.9929078014184397,-0.14902198753026058
C12168$@DOM1,141,1.0,0.0,6,1.0,0.9929078014184397,-0.14902198753026058
C1342$@DOM1,173,1.0,0.0,7,1.0,0.9942196531791907,-0.14904317366884157
C8143$@DOM1,173,1.0,0.0,7,1.0,0.9942196531791907,-0.14904317366884157
C7185$@DOM1,173,1.0,0.0,7,1.0,0.9942196531791907,-0.14904317366884157
C10662$@DOM1,173,1.0,0.0,7,1.0,0.9942196531791907,-0.14904317366884157
C14254$@DOM1,173,1.0,0.0,7,1.0,0.9942196531791907,-0.14904317366884157
C11560$@DOM1,173,1.0,0.0,7,1.0,0.9942196531791907,-0.14904317366884157
C20491$@DOM1,173,1.0,0.0,7,1.0,0.9942196531791907,-0.14904317366884157
C5493$@DOM1,212,1.0,0.0,6,1.0,1.0,-0.14912084866195524
C15918$@DOM1,182,1.0,0.0,5,1.0,1.0,-0.14914401395066162
U4735@DOM1,55,1.0,0.0,8,1.0,1.0,-0.1491945451717689
U5416@DOM1,55,1.0,0.0,8,1.0,1.0,-0.1491945451717689
U2890@DOM1,55,1.0,0.0,8,1.0,1.0,-0.1491945451717689
U8592@DOM1,55,1.0,0.0,8,1.0,1.0,-0.1491945451717689
U7457@DOM1,55,1.0,0.0,8,1.0,1.0,-0.1491945451717689
U1995@DOM1,55,1.0,0.0,8,1.0,1.0,-0.1491945451717689
U4082@DOM1,55,1.0,0.0,8,1.0,1.0,-0.1491945451717689
U1728@DOM1,55,1.0,0.0,8,1.0,1.0,-0.1491945451717689
U8403@DOM1,55,1.0,0.0,8,1.0,1.0,-0.1491945451717689
U9154@DOM1,55,1.0,0.0,8,1.0,1.0,-0.1491945451717689
C8393$@DOM1,181,1.0,0.0,5,1.0,1.0,-0.14920335502153104
C12592$@DOM1,181,1.0,0.0,5,1.0,1.0,-0.14920335502153104
C21252$@DOM1,181,1.0,0.0,5,1.0,1.0,-0.14920335502153104
U1062@DOM1,211,1.0,0.0,6,1.0,1.0,-0.14925710475160736
C7367$@DOM1,170,1.0,0.0,6,1.0,0.9941176470588236,-0.14929235852287975
C7350$@DOM1,170,1.0,0.0,6,1.0,0.9941176470588236,-0.14929235852287975
C6022$@DOM1,170,1.0,0.0,6,1.0,0.9941176470588236,-0.14929235852287975
C71$@DOM1,170,1.0,0.0,6,1.0,0.9941176470588236,-0.14929235852287975
C9220$@DOM1,170,1.0,0.0,6,1.0,0.9941176470588236,-0.14929235852287975
C8736$@DOM1,170,1.0,0.0,6,1.0,0.9941176470588236,-0.14929235852287975
C3761$@DOM1,170,1.0,0.0,6,1.0,0.9941176470588236,-0.14929235852287975
C14305$@DOM1,170,1.0,0.0,6,1.0,0.9941176470588236,-0.14929235852287975
U8176@DOM1,38,1.0,0.0,6,1.0,1.0,-0.14940324114955889
U842@DOM1,38,1.0,0.0,6,1.0,1.0,-0.14940324114955889
U9161@DOM1,39,1.0,0.0,6,1.0,1.0,-0.14953938757838908
U3397@DOM1,39,1.0,0.0,6,1.0,1.0,-0.14953938757838908
U3589@DOM1,39,1.0,0.0,6,1.0,1.0,-0.14953938757838908
U873@DOM1,39,1.0,0.0,6,1.0,1.0,-0.14953938757838908
U4696@DOM1,39,1.0,0.0,6,1.0,1.0,-0.14953938757838908
C10772$@DOM1,210,1.0,0.0,6,1.0,1.0,-0.14962894488993567
C20075$@DOM1,210,1.0,0.0,6,1.0,1.0,-0.14962894488993567
U6734@DOM1,56,1.0,0.0,8,1.0,1.0,-0.14968681544071694
U4778@DOM1,56,1.0,0.0,8,1.0,1.0,-0.14968681544071694
U9041@DOM1,56,1.0,0.0,8,1.0,1.0,-0.14968681544071694
U7684@DOM1,56,1.0,0.0,8,1.0,1.0,-0.14968681544071694
U4098@DOM1,56,1.0,0.0,8,1.0,1.0,-0.14968681544071694
U7627@DOM1,56,1.0,0.0,8,1.0,1.0,-0.14968681544071694
U3332@DOM1,56,1.0,0.0,8,1.0,1.0,-0.14968681544071694
U3263@DOM1,56,1.0,0.0,8,1.0,1.0,-0.14968681544071694
U2770@DOM1,56,1.0,0.0,8,1.0,1.0,-0.14968681544071694
U8846@DOM1,56,1.0,0.0,8,1.0,1.0,-0.14968681544071694
U2575@DOM1,56,1.0,0.0,8,1.0,1.0,-0.14968681544071694
C228$@DOM1,144,1.0,0.0,7,1.0,0.9930555555555556,-0.14969346096181352
C9456$@DOM1,144,1.0,0.0,7,1.0,0.9930555555555556,-0.14969346096181352
C6797$@DOM1,144,1.0,0.0,7,1.0,0.9930555555555556,-0.14969346096181352
C14706$@DOM1,144,1.0,0.0,7,1.0,0.9930555555555556,-0.14969346096181352
C20201$@DOM1,196,1.0,0.0,8,1.0,1.0,-0.14969516352201379
U7385@DOM1,196,1.0,0.0,8,1.0,1.0,-0.14969516352201379
C5414$@DOM1,196,1.0,0.0,8,1.0,1.0,-0.14969516352201379
C14987$@DOM1,196,1.0,0.0,8,1.0,1.0,-0.14969516352201379
C5633$@DOM1,166,1.0,0.0,6,1.0,0.9939759036144579,-0.1497137702913966
C19176$@DOM1,166,1.0,0.0,6,1.0,0.9939759036144579,-0.1497137702913966
C1233$@DOM1,166,1.0,0.0,6,1.0,0.9939759036144579,-0.1497137702913966
C111$@DOM1,166,1.0,0.0,6,1.0,0.9939759036144579,-0.1497137702913966
C21690$@DOM1,166,1.0,0.0,6,1.0,0.9939759036144579,-0.1497137702913966
C16006$@DOM1,166,1.0,0.0,6,1.0,0.9939759036144579,-0.1497137702913966
C6869$@DOM1,169,1.0,0.0,6,1.0,0.9940828402366864,-0.14972963187531652
C21721$@DOM1,169,1.0,0.0,6,1.0,0.9940828402366864,-0.14972963187531652
C20429$@DOM1,169,1.0,0.0,6,1.0,0.9940828402366864,-0.14972963187531652
C19717$@DOM1,169,1.0,0.0,6,1.0,0.9940828402366864,-0.14972963187531652
C8470$@DOM1,169,1.0,0.0,6,1.0,0.9940828402366864,-0.14972963187531652
C7566$@DOM1,169,1.0,0.0,6,1.0,0.9940828402366864,-0.14972963187531652
C9704$@DOM1,169,1.0,0.0,6,1.0,0.9940828402366864,-0.14972963187531652
C255$@DOM1,143,1.0,0.0,7,1.0,0.993006993006993,-0.14974913402765677
C860$@DOM1,143,1.0,0.0,7,1.0,0.993006993006993,-0.14974913402765677
C3888$@DOM1,143,1.0,0.0,7,1.0,0.993006993006993,-0.14974913402765677
C2667$@DOM1,143,1.0,0.0,7,1.0,0.993006993006993,-0.14974913402765677
C20367$@DOM1,143,1.0,0.0,7,1.0,0.993006993006993,-0.14974913402765677
C368$@DOM1,143,1.0,0.0,7,1.0,0.993006993006993,-0.14974913402765677
C2971$@DOM1,143,1.0,0.0,7,1.0,0.993006993006993,-0.14974913402765677
C43$@DOM1,207,1.0,0.0,6,1.0,1.0,-0.14976262262244705
C10837$@DOM1,208,1.0,0.0,6,1.0,1.0,-0.14976262262244705
C1008$@DOM1,208,1.0,0.0,6,1.0,1.0,-0.14976262262244705
C11501$@DOM1,207,1.0,0.0,6,1.0,1.0,-0.14976262262244705
C3582$@DOM1,208,1.0,0.0,6,1.0,1.0,-0.14976262262244705
C14625$@DOM1,207,1.0,0.0,6,1.0,1.0,-0.14976262262244705
C5202$@DOM1,207,1.0,0.0,6,1.0,1.0,-0.14976262262244705
C2733$@DOM1,207,1.0,0.0,6,1.0,1.0,-0.14976262262244705
U5374@DOM1,45,1.0,0.0,5,1.0,1.0,-0.149762863881704
U9358@DOM1,45,1.0,0.0,5,1.0,1.0,-0.149762863881704
U1424@DOM1,45,1.0,0.0,5,1.0,1.0,-0.149762863881704
U3217@DOM1,45,1.0,0.0,5,1.0,1.0,-0.149762863881704
U7837@DOM1,45,1.0,0.0,5,1.0,1.0,-0.149762863881704
U2136@DOM1,45,1.0,0.0,5,1.0,1.0,-0.149762863881704
U1286@DOM1,45,1.0,0.0,5,1.0,1.0,-0.149762863881704
U10047@DOM1,45,1.0,0.0,5,1.0,1.0,-0.149762863881704
U9800@DOM1,45,1.0,0.0,5,1.0,1.0,-0.149762863881704
U8600@DOM1,45,1.0,0.0,5,1.0,1.0,-0.149762863881704
U1670@DOM1,45,1.0,0.0,5,1.0,1.0,-0.149762863881704
U3867@DOM1,45,1.0,0.0,5,1.0,1.0,-0.149762863881704
U8975@DOM1,45,1.0,0.0,5,1.0,1.0,-0.149762863881704
U2174@DOM1,45,1.0,0.0,5,1.0,1.0,-0.149762863881704
U4920@DOM1,45,1.0,0.0,5,1.0,1.0,-0.149762863881704
C12757$@DOM1,168,1.0,0.0,6,1.0,0.9940476190476191,-0.14981030476753954
C9487$@DOM1,168,1.0,0.0,6,1.0,0.9940476190476191,-0.14981030476753954
C10753$@DOM1,168,1.0,0.0,6,1.0,0.9940476190476191,-0.14981030476753954
C11706$@DOM1,168,1.0,0.0,6,1.0,0.9940476190476191,-0.14981030476753954
C3854$@DOM1,168,1.0,0.0,6,1.0,0.9940476190476191,-0.14981030476753954
C17360$@DOM1,168,1.0,0.0,6,1.0,0.9940476190476191,-0.14981030476753954
C19444$@DOM1,168,1.0,0.0,6,1.0,0.9940476190476191,-0.14981030476753954
C6613$@DOM1,168,1.0,0.0,6,1.0,0.9940476190476191,-0.14981030476753954
C651$@DOM1,168,1.0,0.0,6,1.0,0.9940476190476191,-0.14981030476753954
C569$@DOM1,168,1.0,0.0,6,1.0,0.9940476190476191,-0.14981030476753954
C9026$@DOM1,168,1.0,0.0,6,1.0,0.9940476190476191,-0.14981030476753954
C19823$@DOM1,168,1.0,0.0,6,1.0,0.9940476190476191,-0.14981030476753954
C10005$@DOM1,164,1.0,0.0,6,1.0,0.9939024390243902,-0.14981863663679518
C18632$@DOM1,164,1.0,0.0,6,1.0,0.9939024390243902,-0.14981863663679518
C17168$@DOM1,164,1.0,0.0,6,1.0,0.9939024390243902,-0.14981863663679518
C1282$@DOM1,164,1.0,0.0,6,1.0,0.9939024390243902,-0.14981863663679518
C13892$@DOM1,164,1.0,0.0,6,1.0,0.9939024390243902,-0.14981863663679518
C18672$@DOM1,164,1.0,0.0,6,1.0,0.9939024390243902,-0.14981863663679518
C11957$@DOM1,164,1.0,0.0,6,1.0,0.9939024390243902,-0.14981863663679518
C18398$@DOM1,164,1.0,0.0,6,1.0,0.9939024390243902,-0.14981863663679518
C12720$@DOM1,164,1.0,0.0,6,1.0,0.9939024390243902,-0.14981863663679518
C18186$@DOM1,164,1.0,0.0,6,1.0,0.9939024390243902,-0.14981863663679518
C20295$@DOM1,171,1.0,0.0,7,1.0,0.9941520467836257,-0.14982637451204955
C15602$@DOM1,171,1.0,0.0,7,1.0,0.9941520467836257,-0.14982637451204955
C18298$@DOM1,171,1.0,0.0,7,1.0,0.9941520467836257,-0.14982637451204955
C12920$@DOM1,171,1.0,0.0,7,1.0,0.9941520467836257,-0.14982637451204955
C2777$@DOM1,171,1.0,0.0,7,1.0,0.9941520467836257,-0.14982637451204955
C1415$@DOM1,171,1.0,0.0,7,1.0,0.9941520467836257,-0.14982637451204955
C16837$@DOM1,171,1.0,0.0,7,1.0,0.9941520467836257,-0.14982637451204955
C1367$@DOM1,171,1.0,0.0,7,1.0,0.9941520467836257,-0.14982637451204955
C2879$@DOM1,180,1.0,0.0,5,1.0,1.0,-0.14983540043416183
C18028$@DOM1,180,1.0,0.0,5,1.0,1.0,-0.14983540043416183
C16428$@DOM1,180,1.0,0.0,5,1.0,1.0,-0.14983540043416183
C15626$@DOM1,180,1.0,0.0,5,1.0,1.0,-0.14983540043416183
C4767$@DOM1,180,1.0,0.0,5,1.0,1.0,-0.14983540043416183
C17954$@DOM1,180,1.0,0.0,5,1.0,1.0,-0.14983540043416183
U6843@DOM1,180,1.0,0.0,5,1.0,1.0,-0.14983540043416183
C4537$@DOM1,180,1.0,0.0,5,1.0,1.0,-0.14983540043416183
U7714@DOM1,42,1.0,0.0,7,1.0,1.0,-0.14984724805815947
U6983@DOM1,42,1.0,0.0,7,1.0,1.0,-0.14984724805815947
U8652@DOM1,42,1.0,0.0,7,1.0,1.0,-0.14984724805815947
U3635@DOM1,42,1.0,0.0,7,1.0,1.0,-0.14984724805815947
U2243@DOM1,42,1.0,0.0,7,1.0,1.0,-0.14984724805815947
U9481@DOM1,42,1.0,0.0,7,1.0,1.0,-0.14984724805815947
U691@DOM1,209,1.0,0.0,6,1.0,1.0,-0.14987274931714517
C2484$@DOM1,209,1.0,0.0,6,1.0,1.0,-0.14987274931714517
C2577$@DOM1,209,1.0,0.0,6,1.0,1.0,-0.14987274931714517
U5235@DOM1,209,1.0,0.0,6,1.0,1.0,-0.14987274931714517
C8804$@DOM1,167,1.0,0.0,6,1.0,0.9940119760479041,-0.14987519393269993
C16700$@DOM1,167,1.0,0.0,6,1.0,0.9940119760479041,-0.14987519393269993
C21345$@DOM1,167,1.0,0.0,6,1.0,0.9940119760479041,-0.14987519393269993
C2278$@DOM1,167,1.0,0.0,6,1.0,0.9940119760479041,-0.14987519393269993
C12945$@DOM1,167,1.0,0.0,6,1.0,0.9940119760479041,-0.14987519393269993
C15296$@DOM1,167,1.0,0.0,6,1.0,0.9940119760479041,-0.14987519393269993
C19168$@DOM1,142,1.0,0.0,6,1.0,0.9929577464788732,-0.14988679073728367
C9105$@DOM1,142,1.0,0.0,6,1.0,0.9929577464788732,-0.14988679073728367
C7664$@DOM1,142,1.0,0.0,6,1.0,0.9929577464788732,-0.14988679073728367
C14085$@DOM1,142,1.0,0.0,6,1.0,0.9929577464788732,-0.14988679073728367
C19100$@DOM1,142,1.0,0.0,6,1.0,0.9929577464788732,-0.14988679073728367
C3420$@DOM1,142,1.0,0.0,6,1.0,0.9929577464788732,-0.14988679073728367
C3279$@DOM1,142,1.0,0.0,6,1.0,0.9929577464788732,-0.14988679073728367
C342$@DOM1,142,1.0,0.0,6,1.0,0.9929577464788732,-0.14988679073728367
C20762$@DOM1,170,1.0,0.0,7,1.0,0.9941176470588236,-0.14993982252455296
C1011$@DOM1,170,1.0,0.0,7,1.0,0.9941176470588236,-0.14993982252455296
C15686$@DOM1,170,1.0,0.0,7,1.0,0.9941176470588236,-0.14993982252455296
C13054$@DOM1,214,1.0,0.0,7,1.0,1.0,-0.14994356600667164
C12269$@DOM1,213,1.0,0.0,7,1.0,1.0,-0.14994356600667164
U8369@DOM1,214,1.0,0.0,7,1.0,1.0,-0.14994356600667164
C1278$@DOM1,213,1.0,0.0,7,1.0,1.0,-0.14994356600667164
C16056$@DOM1,213,1.0,0.0,7,1.0,1.0,-0.14994356600667164
U7551@DOM1,213,1.0,0.0,7,1.0,1.0,-0.14994356600667164
C18941$@DOM1,165,1.0,0.0,6,1.0,0.9939393939393939,-0.14996964348845016
C637$@DOM1,165,1.0,0.0,6,1.0,0.9939393939393939,-0.14996964348845016
C14833$@DOM1,165,1.0,0.0,6,1.0,0.9939393939393939,-0.14996964348845016
C5847$@DOM1,165,1.0,0.0,6,1.0,0.9939393939393939,-0.14996964348845016
C9747$@DOM1,165,1.0,0.0,6,1.0,0.9939393939393939,-0.14996964348845016
C9117$@DOM1,165,1.0,0.0,6,1.0,0.9939393939393939,-0.14996964348845016
C3509$@DOM1,165,1.0,0.0,6,1.0,0.9939393939393939,-0.14996964348845016
C1156$@DOM1,165,1.0,0.0,6,1.0,0.9939393939393939,-0.14996964348845016
C12705$@DOM1,165,1.0,0.0,6,1.0,0.9939393939393939,-0.14996964348845016
C463$@DOM1,160,1.0,0.0,7,1.0,0.99375,-0.14997084789963677
C20580$@DOM1,160,1.0,0.0,7,1.0,0.99375,-0.14997084789963677
C16332$@DOM1,160,1.0,0.0,7,1.0,0.99375,-0.14997084789963677
C6685$@DOM1,160,1.0,0.0,7,1.0,0.99375,-0.14997084789963677
C19416$@DOM1,160,1.0,0.0,7,1.0,0.99375,-0.14997084789963677
C1063$@DOM1,160,1.0,0.0,7,1.0,0.99375,-0.14997084789963677
C18927$@DOM1,160,1.0,0.0,7,1.0,0.99375,-0.14997084789963677
C13312$@DOM1,160,1.0,0.0,7,1.0,0.99375,-0.14997084789963677
C9004$@DOM1,160,1.0,0.0,7,1.0,0.99375,-0.14997084789963677
C10931$@DOM1,160,1.0,0.0,7,1.0,0.99375,-0.14997084789963677
C10539$@DOM1,160,1.0,0.0,7,1.0,0.99375,-0.14997084789963677
C20393$@DOM1,160,1.0,0.0,7,1.0,0.99375,-0.14997084789963677
C10626$@DOM1,163,1.0,0.0,7,1.0,0.9938650306748467,-0.14998319661483506
C1647$@DOM1,163,1.0,0.0,7,1.0,0.9938650306748467,-0.14998319661483506
C2259$@DOM1,163,1.0,0.0,7,1.0,0.9938650306748467,-0.14998319661483506
C10254$@DOM1,163,1.0,0.0,7,1.0,0.9938650306748467,-0.14998319661483506
C12242$@DOM1,163,1.0,0.0,7,1.0,0.9938650306748467,-0.14998319661483506
C2938$@DOM1,163,1.0,0.0,7,1.0,0.9938650306748467,-0.14998319661483506
C1338$@DOM1,163,1.0,0.0,7,1.0,0.9938650306748467,-0.14998319661483506
C14610$@DOM1,163,1.0,0.0,7,1.0,0.9938650306748467,-0.14998319661483506
U3918@DOM1,40,1.0,0.0,6,1.0,1.0,-0.14999752525809473
U2013@DOM1,40,1.0,0.0,6,1.0,1.0,-0.14999752525809473
U4162@DOM1,40,1.0,0.0,6,1.0,1.0,-0.14999752525809473
U7521@DOM1,40,1.0,0.0,6,1.0,1.0,-0.14999752525809473
U4833@DOM1,40,1.0,0.0,6,1.0,1.0,-0.14999752525809473
U5688@DOM1,40,1.0,0.0,6,1.0,1.0,-0.14999752525809473
C21356$@DOM1,164,1.0,0.0,7,1.0,0.9939024390243902,-0.15001410539738147
C827$@DOM1,164,1.0,0.0,7,1.0,0.9939024390243902,-0.15001410539738147
C16268$@DOM1,164,1.0,0.0,7,1.0,0.9939024390243902,-0.15001410539738147
C16553$@DOM1,164,1.0,0.0,7,1.0,0.9939024390243902,-0.15001410539738147
C19534$@DOM1,164,1.0,0.0,7,1.0,0.9939024390243902,-0.15001410539738147
C19442$@DOM1,164,1.0,0.0,7,1.0,0.9939024390243902,-0.15001410539738147
C19536$@DOM1,164,1.0,0.0,7,1.0,0.9939024390243902,-0.15001410539738147
C2782$@DOM1,164,1.0,0.0,7,1.0,0.9939024390243902,-0.15001410539738147
U6173@DOM1,43,1.0,0.0,7,1.0,1.0,-0.15006862140235622
U2720@DOM1,43,1.0,0.0,7,1.0,1.0,-0.15006862140235622
U5826@DOM1,43,1.0,0.0,7,1.0,1.0,-0.15006862140235622
U7767@DOM1,43,1.0,0.0,7,1.0,1.0,-0.15006862140235622
U2246@DOM1,43,1.0,0.0,7,1.0,1.0,-0.15006862140235622
C19105$@DOM1,166,1.0,0.0,7,1.0,0.9939759036144579,-0.15009820080974906
C557$@DOM1,166,1.0,0.0,7,1.0,0.9939759036144579,-0.15009820080974906
C19211$@DOM1,166,1.0,0.0,7,1.0,0.9939759036144579,-0.15009820080974906
C1068$@DOM1,166,1.0,0.0,7,1.0,0.9939759036144579,-0.15009820080974906
C16875$@DOM1,166,1.0,0.0,7,1.0,0.9939759036144579,-0.15009820080974906
C1493$@DOM1,166,1.0,0.0,7,1.0,0.9939759036144579,-0.15009820080974906
C2820$@DOM1,166,1.0,0.0,7,1.0,0.9939759036144579,-0.15009820080974906
C8681$@DOM1,166,1.0,0.0,7,1.0,0.9939759036144579,-0.15009820080974906
C3865$@DOM1,152,1.0,0.0,7,1.0,0.993421052631579,-0.15010757656545537
C14087$@DOM1,152,1.0,0.0,7,1.0,0.993421052631579,-0.15010757656545537
C963$@DOM1,152,1.0,0.0,7,1.0,0.993421052631579,-0.15010757656545537
C15184$@DOM1,152,1.0,0.0,7,1.0,0.993421052631579,-0.15010757656545537
C1318$@DOM1,152,1.0,0.0,7,1.0,0.993421052631579,-0.15010757656545537
C20406$@DOM1,155,1.0,0.0,7,1.0,0.9935483870967742,-0.1501255154197954
C20785$@DOM1,155,1.0,0.0,7,1.0,0.9935483870967742,-0.1501255154197954
C2912$@DOM1,155,1.0,0.0,7,1.0,0.9935483870967742,-0.1501255154197954
C5969$@DOM1,155,1.0,0.0,7,1.0,0.9935483870967742,-0.1501255154197954
C19195$@DOM1,155,1.0,0.0,7,1.0,0.9935483870967742,-0.1501255154197954
C19568$@DOM1,155,1.0,0.0,7,1.0,0.9935483870967742,-0.1501255154197954
C15328$@DOM1,155,1.0,0.0,7,1.0,0.9935483870967742,-0.1501255154197954
C772$@DOM1,144,1.0,0.0,6,1.0,0.9930555555555556,-0.15014939756215118
C216$@DOM1,144,1.0,0.0,6,1.0,0.9930555555555556,-0.15014939756215118
C16345$@DOM1,144,1.0,0.0,6,1.0,0.9930555555555556,-0.15014939756215118
C21309$@DOM1,144,1.0,0.0,6,1.0,0.9930555555555556,-0.15014939756215118
C8754$@DOM1,144,1.0,0.0,6,1.0,0.9930555555555556,-0.15014939756215118
C864$@DOM1,163,1.0,0.0,6,1.0,0.9938650306748467,-0.15015485060863176
C10872$@DOM1,163,1.0,0.0,6,1.0,0.9938650306748467,-0.15015485060863176
C2616$@DOM1,163,1.0,0.0,6,1.0,0.9938650306748467,-0.15015485060863176
C12962$@DOM1,163,1.0,0.0,6,1.0,0.9938650306748467,-0.15015485060863176
C1190$@DOM1,163,1.0,0.0,6,1.0,0.9938650306748467,-0.15015485060863176
C19524$@DOM1,163,1.0,0.0,6,1.0,0.9938650306748467,-0.15015485060863176
C2827$@DOM1,163,1.0,0.0,6,1.0,0.9938650306748467,-0.15015485060863176
C251$@DOM1,163,1.0,0.0,6,1.0,0.9938650306748467,-0.15015485060863176
C9923$@DOM1,163,1.0,0.0,6,1.0,0.9938650306748467,-0.15015485060863176
C4697$@DOM1,212,1.0,0.0,7,1.0,1.0,-0.15019759773783026
C691$@DOM1,212,1.0,0.0,7,1.0,1.0,-0.15019759773783026
C3440$@DOM1,212,1.0,0.0,7,1.0,1.0,-0.15019759773783026
C373$@DOM1,146,1.0,0.0,7,1.0,0.9931506849315068,-0.15021565529121317
C9737$@DOM1,146,1.0,0.0,7,1.0,0.9931506849315068,-0.15021565529121317
C979$@DOM1,146,1.0,0.0,7,1.0,0.9931506849315068,-0.15021565529121317
C21298$@DOM1,146,1.0,0.0,7,1.0,0.9931506849315068,-0.15021565529121317
C13144$@DOM1,146,1.0,0.0,7,1.0,0.9931506849315068,-0.15021565529121317
C2462$@DOM1,146,1.0,0.0,7,1.0,0.9931506849315068,-0.15021565529121317
C623$@DOM1,146,1.0,0.0,7,1.0,0.9931506849315068,-0.15021565529121317
C19895$@DOM1,146,1.0,0.0,7,1.0,0.9931506849315068,-0.15021565529121317
C20061$@DOM1,146,1.0,0.0,7,1.0,0.9931506849315068,-0.15021565529121317
C441$@DOM1,146,1.0,0.0,7,1.0,0.9931506849315068,-0.15021565529121317
C11719$@DOM1,146,1.0,0.0,7,1.0,0.9931506849315068,-0.15021565529121317
C1252$@DOM1,146,1.0,0.0,7,1.0,0.9931506849315068,-0.15021565529121317
C19520$@DOM1,143,1.0,0.0,6,1.0,0.993006993006993,-0.15025754388001306
C15410$@DOM1,143,1.0,0.0,6,1.0,0.993006993006993,-0.15025754388001306
C16545$@DOM1,143,1.0,0.0,6,1.0,0.993006993006993,-0.15025754388001306
C2482$@DOM1,143,1.0,0.0,6,1.0,0.993006993006993,-0.15025754388001306
C16210$@DOM1,143,1.0,0.0,6,1.0,0.993006993006993,-0.15025754388001306
C16612$@DOM1,143,1.0,0.0,6,1.0,0.993006993006993,-0.15025754388001306
C7647$@DOM1,160,1.0,0.0,6,1.0,0.99375,-0.15027025321248527
C9637$@DOM1,160,1.0,0.0,6,1.0,0.99375,-0.15027025321248527
C1258$@DOM1,160,1.0,0.0,6,1.0,0.99375,-0.15027025321248527
C14001$@DOM1,160,1.0,0.0,6,1.0,0.99375,-0.15027025321248527
C10725$@DOM1,160,1.0,0.0,6,1.0,0.99375,-0.15027025321248527
C973$@DOM1,160,1.0,0.0,6,1.0,0.99375,-0.15027025321248527
C20097$@DOM1,160,1.0,0.0,6,1.0,0.99375,-0.15027025321248527
C1388$@DOM1,160,1.0,0.0,6,1.0,0.99375,-0.15027025321248527
C20537$@DOM1,160,1.0,0.0,6,1.0,0.99375,-0.15027025321248527
C3746$@DOM1,160,1.0,0.0,6,1.0,0.99375,-0.15027025321248527
C16647$@DOM1,160,1.0,0.0,6,1.0,0.99375,-0.15027025321248527
C721$@DOM1,160,1.0,0.0,6,1.0,0.99375,-0.15027025321248527
C876$@DOM1,160,1.0,0.0,6,1.0,0.99375,-0.15027025321248527
C17556$@DOM1,161,1.0,0.0,7,1.0,0.9937888198757764,-0.15030716514268888
C16828$@DOM1,161,1.0,0.0,7,1.0,0.9937888198757764,-0.15030716514268888
C18346$@DOM1,161,1.0,0.0,7,1.0,0.9937888198757764,-0.15030716514268888
C371$@DOM1,161,1.0,0.0,7,1.0,0.9937888198757764,-0.15030716514268888
C8460$@DOM1,161,1.0,0.0,7,1.0,0.9937888198757764,-0.15030716514268888
C7400$@DOM1,161,1.0,0.0,7,1.0,0.9937888198757764,-0.15030716514268888
C19186$@DOM1,161,1.0,0.0,7,1.0,0.9937888198757764,-0.15030716514268888
C7388$@DOM1,161,1.0,0.0,7,1.0,0.9937888198757764,-0.15030716514268888
C19867$@DOM1,161,1.0,0.0,7,1.0,0.9937888198757764,-0.15030716514268888
C1499$@DOM1,161,1.0,0.0,7,1.0,0.9937888198757764,-0.15030716514268888
C9893$@DOM1,165,1.0,0.0,7,1.0,0.9939393939393939,-0.15030837517596807
C874$@DOM1,165,1.0,0.0,7,1.0,0.9939393939393939,-0.15030837517596807
C12120$@DOM1,165,1.0,0.0,7,1.0,0.9939393939393939,-0.15030837517596807
C2530$@DOM1,165,1.0,0.0,7,1.0,0.9939393939393939,-0.15030837517596807
C581$@DOM1,165,1.0,0.0,7,1.0,0.9939393939393939,-0.15030837517596807
C747$@DOM1,165,1.0,0.0,7,1.0,0.9939393939393939,-0.15030837517596807
C242$@DOM1,165,1.0,0.0,7,1.0,0.9939393939393939,-0.15030837517596807
C900$@DOM1,165,1.0,0.0,7,1.0,0.9939393939393939,-0.15030837517596807
C10858$@DOM1,165,1.0,0.0,7,1.0,0.9939393939393939,-0.15030837517596807
C12166$@DOM1,165,1.0,0.0,7,1.0,0.9939393939393939,-0.15030837517596807
C680$@DOM1,165,1.0,0.0,7,1.0,0.9939393939393939,-0.15030837517596807
C3760$@DOM1,165,1.0,0.0,7,1.0,0.9939393939393939,-0.15030837517596807
C194$@DOM1,165,1.0,0.0,7,1.0,0.9939393939393939,-0.15030837517596807
C880$@DOM1,165,1.0,0.0,7,1.0,0.9939393939393939,-0.15030837517596807
U3781@DOM1,195,1.0,0.0,8,1.0,1.0,-0.15031440340192342
C1775$@DOM1,195,1.0,0.0,8,1.0,1.0,-0.15031440340192342
C285$@DOM1,194,1.0,0.0,8,1.0,1.0,-0.15031440340192342
C1314$@DOM1,195,1.0,0.0,8,1.0,1.0,-0.15031440340192342
C13021$@DOM1,194,1.0,0.0,8,1.0,1.0,-0.15031440340192342
C19515$@DOM1,167,1.0,0.0,7,1.0,0.9940119760479041,-0.15032877342605916
C19063$@DOM1,167,1.0,0.0,7,1.0,0.9940119760479041,-0.15032877342605916
C8052$@DOM1,167,1.0,0.0,7,1.0,0.9940119760479041,-0.15032877342605916
C8073$@DOM1,167,1.0,0.0,7,1.0,0.9940119760479041,-0.15032877342605916
C8169$@DOM1,167,1.0,0.0,7,1.0,0.9940119760479041,-0.15032877342605916
C9347$@DOM1,167,1.0,0.0,7,1.0,0.9940119760479041,-0.15032877342605916
C455$@DOM1,167,1.0,0.0,7,1.0,0.9940119760479041,-0.15032877342605916
C682$@DOM1,167,1.0,0.0,7,1.0,0.9940119760479041,-0.15032877342605916
C7194$@DOM1,167,1.0,0.0,7,1.0,0.9940119760479041,-0.15032877342605916
C13883$@DOM1,167,1.0,0.0,7,1.0,0.9940119760479041,-0.15032877342605916
C2324$@DOM1,167,1.0,0.0,7,1.0,0.9940119760479041,-0.15032877342605916
C7312$@DOM1,177,1.0,0.0,5,1.0,1.0,-0.150342689713516
C17798$@DOM1,178,1.0,0.0,5,1.0,1.0,-0.150342689713516
C6826$@DOM1,178,1.0,0.0,5,1.0,1.0,-0.150342689713516
C5841$@DOM1,178,1.0,0.0,5,1.0,1.0,-0.150342689713516
C12763$@DOM1,178,1.0,0.0,5,1.0,1.0,-0.150342689713516
C15489$@DOM1,177,1.0,0.0,5,1.0,1.0,-0.150342689713516
C11684$@DOM1,178,1.0,0.0,5,1.0,1.0,-0.150342689713516
C1947$@DOM1,178,1.0,0.0,5,1.0,1.0,-0.150342689713516
U7036@DOM1,177,1.0,0.0,5,1.0,1.0,-0.150342689713516
C16395$@DOM1,169,1.0,0.0,7,1.0,0.9940828402366864,-0.15037628859844454
C11975$@DOM1,169,1.0,0.0,7,1.0,0.9940828402366864,-0.15037628859844454
C2833$@DOM1,169,1.0,0.0,7,1.0,0.9940828402366864,-0.15037628859844454
C281$@DOM1,169,1.0,0.0,7,1.0,0.9940828402366864,-0.15037628859844454
C8062$@DOM1,169,1.0,0.0,7,1.0,0.9940828402366864,-0.15037628859844454
C11514$@DOM1,169,1.0,0.0,7,1.0,0.9940828402366864,-0.15037628859844454
C16166$@DOM1,169,1.0,0.0,7,1.0,0.9940828402366864,-0.15037628859844454
C13819$@DOM1,169,1.0,0.0,7,1.0,0.9940828402366864,-0.15037628859844454
C1550$@DOM1,169,1.0,0.0,7,1.0,0.9940828402366864,-0.15037628859844454
C66$@DOM1,169,1.0,0.0,7,1.0,0.9940828402366864,-0.15037628859844454
C115$@DOM1,149,1.0,0.0,7,1.0,0.9932885906040269,-0.15039890721839333
C17100$@DOM1,149,1.0,0.0,7,1.0,0.9932885906040269,-0.15039890721839333
C1081$@DOM1,149,1.0,0.0,7,1.0,0.9932885906040269,-0.15039890721839333
C1001$@DOM1,149,1.0,0.0,7,1.0,0.9932885906040269,-0.15039890721839333
C21399$@DOM1,149,1.0,0.0,7,1.0,0.9932885906040269,-0.15039890721839333
C17456$@DOM1,149,1.0,0.0,7,1.0,0.9932885906040269,-0.15039890721839333
C1436$@DOM1,149,1.0,0.0,7,1.0,0.9932885906040269,-0.15039890721839333
C9741$@DOM1,149,1.0,0.0,7,1.0,0.9932885906040269,-0.15039890721839333
C12397$@DOM1,149,1.0,0.0,7,1.0,0.9932885906040269,-0.15039890721839333
C9070$@DOM1,149,1.0,0.0,7,1.0,0.9932885906040269,-0.15039890721839333
C1429$@DOM1,145,1.0,0.0,7,1.0,0.993103448275862,-0.15042408216466746
C16208$@DOM1,145,1.0,0.0,7,1.0,0.993103448275862,-0.15042408216466746
C8617$@DOM1,145,1.0,0.0,7,1.0,0.993103448275862,-0.15042408216466746
C1241$@DOM1,145,1.0,0.0,7,1.0,0.993103448275862,-0.15042408216466746
C7934$@DOM1,145,1.0,0.0,7,1.0,0.993103448275862,-0.15042408216466746
C1088$@DOM1,159,1.0,0.0,7,1.0,0.9937106918238994,-0.1504275555682425
C18886$@DOM1,159,1.0,0.0,7,1.0,0.9937106918238994,-0.1504275555682425
C8464$@DOM1,159,1.0,0.0,7,1.0,0.9937106918238994,-0.1504275555682425
C6330$@DOM1,159,1.0,0.0,7,1.0,0.9937106918238994,-0.1504275555682425
C19412$@DOM1,159,1.0,0.0,7,1.0,0.9937106918238994,-0.1504275555682425
C5208$@DOM1,159,1.0,0.0,7,1.0,0.9937106918238994,-0.1504275555682425
C819$@DOM1,159,1.0,0.0,7,1.0,0.9937106918238994,-0.1504275555682425
C7978$@DOM1,159,1.0,0.0,7,1.0,0.9937106918238994,-0.1504275555682425
C12820$@DOM1,206,1.0,0.0,6,1.0,1.0,-0.15042982849262693
C1980$@DOM1,206,1.0,0.0,6,1.0,1.0,-0.15042982849262693
C14718$@DOM1,206,1.0,0.0,6,1.0,1.0,-0.15042982849262693
C1674$@DOM1,176,1.0,0.0,5,1.0,1.0,-0.15043450598401298
C448$@DOM1,176,1.0,0.0,5,1.0,1.0,-0.15043450598401298
C380$@DOM1,154,1.0,0.0,7,1.0,0.9935064935064936,-0.15044814324774658
C2461$@DOM1,154,1.0,0.0,7,1.0,0.9935064935064936,-0.15044814324774658
C5031$@DOM1,154,1.0,0.0,7,1.0,0.9935064935064936,-0.15044814324774658
C13086$@DOM1,154,1.0,0.0,7,1.0,0.9935064935064936,-0.15044814324774658
C7100$@DOM1,154,1.0,0.0,7,1.0,0.9935064935064936,-0.15044814324774658
C9512$@DOM1,154,1.0,0.0,7,1.0,0.9935064935064936,-0.15044814324774658
C92$@DOM1,154,1.0,0.0,7,1.0,0.9935064935064936,-0.15044814324774658
C38$@DOM1,147,1.0,0.0,7,1.0,0.9931972789115646,-0.15044821221452942
C738$@DOM1,147,1.0,0.0,7,1.0,0.9931972789115646,-0.15044821221452942
C12349$@DOM1,147,1.0,0.0,7,1.0,0.9931972789115646,-0.15044821221452942
C8868$@DOM1,147,1.0,0.0,7,1.0,0.9931972789115646,-0.15044821221452942
C1507$@DOM1,147,1.0,0.0,7,1.0,0.9931972789115646,-0.15044821221452942
C993$@DOM1,168,1.0,0.0,7,1.0,0.9940476190476191,-0.1504568125552369
C1351$@DOM1,168,1.0,0.0,7,1.0,0.9940476190476191,-0.1504568125552369
C8126$@DOM1,168,1.0,0.0,7,1.0,0.9940476190476191,-0.1504568125552369
C10672$@DOM1,168,1.0,0.0,7,1.0,0.9940476190476191,-0.1504568125552369
C5927$@DOM1,168,1.0,0.0,7,1.0,0.9940476190476191,-0.1504568125552369
C156$@DOM1,168,1.0,0.0,7,1.0,0.9940476190476191,-0.1504568125552369
C2551$@DOM1,179,1.0,0.0,5,1.0,1.0,-0.15046235881737463
C14839$@DOM1,179,1.0,0.0,5,1.0,1.0,-0.15046235881737463
C3078$@DOM1,179,1.0,0.0,5,1.0,1.0,-0.15046235881737463
U10215@DOM1,179,1.0,0.0,5,1.0,1.0,-0.15046235881737463
C7456$@DOM1,156,1.0,0.0,7,1.0,0.9935897435897436,-0.15047873186908528
C13719$@DOM1,156,1.0,0.0,7,1.0,0.9935897435897436,-0.15047873186908528
C20263$@DOM1,156,1.0,0.0,7,1.0,0.9935897435897436,-0.15047873186908528
C6953$@DOM1,156,1.0,0.0,7,1.0,0.9935897435897436,-0.15047873186908528
C9226$@DOM1,156,1.0,0.0,7,1.0,0.9935897435897436,-0.15047873186908528
C16052$@DOM1,156,1.0,0.0,7,1.0,0.9935897435897436,-0.15047873186908528
C1868$@DOM1,156,1.0,0.0,7,1.0,0.9935897435897436,-0.15047873186908528
C19033$@DOM1,156,1.0,0.0,7,1.0,0.9935897435897436,-0.15047873186908528
C4144$@DOM1,156,1.0,0.0,7,1.0,0.9935897435897436,-0.15047873186908528
C10299$@DOM1,156,1.0,0.0,7,1.0,0.9935897435897436,-0.15047873186908528
C6123$@DOM1,151,1.0,0.0,7,1.0,0.9933774834437086,-0.1504824535142844
C9950$@DOM1,151,1.0,0.0,7,1.0,0.9933774834437086,-0.1504824535142844
C12854$@DOM1,151,1.0,0.0,7,1.0,0.9933774834437086,-0.1504824535142844
C3483$@DOM1,151,1.0,0.0,7,1.0,0.9933774834437086,-0.1504824535142844
C12302$@DOM1,151,1.0,0.0,7,1.0,0.9933774834437086,-0.1504824535142844
C295$@DOM1,151,1.0,0.0,7,1.0,0.9933774834437086,-0.1504824535142844
C2815$@DOM1,152,1.0,0.0,6,1.0,0.993421052631579,-0.15050181350245584
C8129$@DOM1,152,1.0,0.0,6,1.0,0.993421052631579,-0.15050181350245584
C17096$@DOM1,152,1.0,0.0,6,1.0,0.993421052631579,-0.15050181350245584
C18483$@DOM1,152,1.0,0.0,6,1.0,0.993421052631579,-0.15050181350245584
C10819$@DOM1,157,1.0,0.0,7,1.0,0.9936305732484076,-0.1505072059848589
C1455$@DOM1,157,1.0,0.0,7,1.0,0.9936305732484076,-0.1505072059848589
C12909$@DOM1,157,1.0,0.0,7,1.0,0.9936305732484076,-0.1505072059848589
C11711$@DOM1,157,1.0,0.0,7,1.0,0.9936305732484076,-0.1505072059848589
C1$@DOM1,158,1.0,0.0,7,1.0,0.9936708860759493,-0.15054013253130044
C2051$@DOM1,158,1.0,0.0,7,1.0,0.9936708860759493,-0.15054013253130044
C1488$@DOM1,158,1.0,0.0,7,1.0,0.9936708860759493,-0.15054013253130044
C7014$@DOM1,158,1.0,0.0,7,1.0,0.9936708860759493,-0.15054013253130044
C1133$@DOM1,158,1.0,0.0,7,1.0,0.9936708860759493,-0.15054013253130044
C750$@DOM1,158,1.0,0.0,7,1.0,0.9936708860759493,-0.15054013253130044
C3236$@DOM1,158,1.0,0.0,7,1.0,0.9936708860759493,-0.15054013253130044
C1029$@DOM1,158,1.0,0.0,7,1.0,0.9936708860759493,-0.15054013253130044
C19332$@DOM1,158,1.0,0.0,7,1.0,0.9936708860759493,-0.15054013253130044
C1364$@DOM1,158,1.0,0.0,7,1.0,0.9936708860759493,-0.15054013253130044
C21664$@DOM1,158,1.0,0.0,7,1.0,0.9936708860759493,-0.15054013253130044
C14358$@DOM1,158,1.0,0.0,7,1.0,0.9936708860759493,-0.15054013253130044
C13223$@DOM1,158,1.0,0.0,7,1.0,0.9936708860759493,-0.15054013253130044
C31$@DOM1,158,1.0,0.0,7,1.0,0.9936708860759493,-0.15054013253130044
C19426$@DOM1,149,1.0,0.0,6,1.0,0.9932885906040269,-0.15056899936630652
C14770$@DOM1,149,1.0,0.0,6,1.0,0.9932885906040269,-0.15056899936630652
C11059$@DOM1,149,1.0,0.0,6,1.0,0.9932885906040269,-0.15056899936630652
C8088$@DOM1,149,1.0,0.0,6,1.0,0.9932885906040269,-0.15056899936630652
C1147$@DOM1,149,1.0,0.0,6,1.0,0.9932885906040269,-0.15056899936630652
C8517$@DOM1,149,1.0,0.0,6,1.0,0.9932885906040269,-0.15056899936630652
C1668$@DOM1,193,1.0,0.0,8,1.0,1.0,-0.15056911056425454
C1173$@DOM1,193,1.0,0.0,8,1.0,1.0,-0.15056911056425454
C11171$@DOM1,193,1.0,0.0,8,1.0,1.0,-0.15056911056425454
C8711$@DOM1,193,1.0,0.0,8,1.0,1.0,-0.15056911056425454
C10399$@DOM1,162,1.0,0.0,7,1.0,0.9938271604938271,-0.1505773305499012
C18343$@DOM1,162,1.0,0.0,7,1.0,0.9938271604938271,-0.1505773305499012
C8424$@DOM1,162,1.0,0.0,7,1.0,0.9938271604938271,-0.1505773305499012
C19542$@DOM1,162,1.0,0.0,7,1.0,0.9938271604938271,-0.1505773305499012
C708$@DOM1,162,1.0,0.0,7,1.0,0.9938271604938271,-0.1505773305499012
C14439$@DOM1,162,1.0,0.0,7,1.0,0.9938271604938271,-0.1505773305499012
C14951$@DOM1,162,1.0,0.0,7,1.0,0.9938271604938271,-0.1505773305499012
C18959$@DOM1,162,1.0,0.0,7,1.0,0.9938271604938271,-0.1505773305499012
C1302$@DOM1,155,1.0,0.0,6,1.0,0.9935483870967742,-0.15059065392333998
C18493$@DOM1,155,1.0,0.0,6,1.0,0.9935483870967742,-0.15059065392333998
C10018$@DOM1,155,1.0,0.0,6,1.0,0.9935483870967742,-0.15059065392333998
C3810$@DOM1,155,1.0,0.0,6,1.0,0.9935483870967742,-0.15059065392333998
C15850$@DOM1,155,1.0,0.0,6,1.0,0.9935483870967742,-0.15059065392333998
C1350$@DOM1,155,1.0,0.0,6,1.0,0.9935483870967742,-0.15059065392333998
C7944$@DOM1,155,1.0,0.0,6,1.0,0.9935483870967742,-0.15059065392333998
C1718$@DOM1,211,1.0,0.0,7,1.0,1.0,-0.15059764788095087
C2819$@DOM1,161,1.0,0.0,6,1.0,0.9937888198757764,-0.1506062827790145
C89$@DOM1,161,1.0,0.0,6,1.0,0.9937888198757764,-0.1506062827790145
C8812$@DOM1,161,1.0,0.0,6,1.0,0.9937888198757764,-0.1506062827790145
C20007$@DOM1,161,1.0,0.0,6,1.0,0.9937888198757764,-0.1506062827790145
U5677@DOM1,46,1.0,0.0,5,1.0,1.0,-0.15061888430731002
U3836@DOM1,46,1.0,0.0,5,1.0,1.0,-0.15061888430731002
U7188@DOM1,46,1.0,0.0,5,1.0,1.0,-0.15061888430731002
U120@DOM1,46,1.0,0.0,5,1.0,1.0,-0.15061888430731002
U2880@DOM1,46,1.0,0.0,5,1.0,1.0,-0.15061888430731002
U5860@DOM1,46,1.0,0.0,5,1.0,1.0,-0.15061888430731002
U3029@DOM1,46,1.0,0.0,5,1.0,1.0,-0.15061888430731002
U7285@DOM1,46,1.0,0.0,5,1.0,1.0,-0.15061888430731002
U7024@DOM1,46,1.0,0.0,5,1.0,1.0,-0.15061888430731002
U9747@DOM1,46,1.0,0.0,5,1.0,1.0,-0.15061888430731002
U2159@DOM1,46,1.0,0.0,5,1.0,1.0,-0.15061888430731002
U5368@DOM1,46,1.0,0.0,5,1.0,1.0,-0.15061888430731002
U6233@DOM1,46,1.0,0.0,5,1.0,1.0,-0.15061888430731002
C945$@DOM1,157,1.0,0.0,6,1.0,0.9936305732484076,-0.15063261304552755
C6419$@DOM1,157,1.0,0.0,6,1.0,0.9936305732484076,-0.15063261304552755
C11035$@DOM1,157,1.0,0.0,6,1.0,0.9936305732484076,-0.15063261304552755
C2955$@DOM1,157,1.0,0.0,6,1.0,0.9936305732484076,-0.15063261304552755
C6081$@DOM1,157,1.0,0.0,6,1.0,0.9936305732484076,-0.15063261304552755
C1236$@DOM1,157,1.0,0.0,6,1.0,0.9936305732484076,-0.15063261304552755
C2347$@DOM1,157,1.0,0.0,6,1.0,0.9936305732484076,-0.15063261304552755
C420$@DOM1,150,1.0,0.0,7,1.0,0.9933333333333333,-0.1506380024148008
C14682$@DOM1,150,1.0,0.0,7,1.0,0.9933333333333333,-0.1506380024148008
C19643$@DOM1,150,1.0,0.0,7,1.0,0.9933333333333333,-0.1506380024148008
C17883$@DOM1,150,1.0,0.0,7,1.0,0.9933333333333333,-0.1506380024148008
C9916$@DOM1,150,1.0,0.0,7,1.0,0.9933333333333333,-0.1506380024148008
C197$@DOM1,150,1.0,0.0,7,1.0,0.9933333333333333,-0.1506380024148008
C3535$@DOM1,159,1.0,0.0,6,1.0,0.9937106918238994,-0.15068757504817054
C1490$@DOM1,159,1.0,0.0,6,1.0,0.9937106918238994,-0.15068757504817054
C12406$@DOM1,159,1.0,0.0,6,1.0,0.9937106918238994,-0.15068757504817054
C6285$@DOM1,159,1.0,0.0,6,1.0,0.9937106918238994,-0.15068757504817054
C6935$@DOM1,159,1.0,0.0,6,1.0,0.9937106918238994,-0.15068757504817054
C17264$@DOM1,159,1.0,0.0,6,1.0,0.9937106918238994,-0.15068757504817054
C5811$@DOM1,159,1.0,0.0,6,1.0,0.9937106918238994,-0.15068757504817054
C16256$@DOM1,159,1.0,0.0,6,1.0,0.9937106918238994,-0.15068757504817054
C16243$@DOM1,159,1.0,0.0,6,1.0,0.9937106918238994,-0.15068757504817054
C18664$@DOM1,159,1.0,0.0,6,1.0,0.9937106918238994,-0.15068757504817054
C12566$@DOM1,159,1.0,0.0,6,1.0,0.9937106918238994,-0.15068757504817054
C16894$@DOM1,158,1.0,0.0,6,1.0,0.9936708860759493,-0.15069068128567342
C21201$@DOM1,158,1.0,0.0,6,1.0,0.9936708860759493,-0.15069068128567342
C8595$@DOM1,158,1.0,0.0,6,1.0,0.9936708860759493,-0.15069068128567342
C19008$@DOM1,158,1.0,0.0,6,1.0,0.9936708860759493,-0.15069068128567342
C15533$@DOM1,158,1.0,0.0,6,1.0,0.9936708860759493,-0.15069068128567342
C8615$@DOM1,158,1.0,0.0,6,1.0,0.9936708860759493,-0.15069068128567342
C694$@DOM1,158,1.0,0.0,6,1.0,0.9936708860759493,-0.15069068128567342
C11983$@DOM1,158,1.0,0.0,6,1.0,0.9936708860759493,-0.15069068128567342
C6907$@DOM1,158,1.0,0.0,6,1.0,0.9936708860759493,-0.15069068128567342
C14547$@DOM1,158,1.0,0.0,6,1.0,0.9936708860759493,-0.15069068128567342
U886@DOM1,47,1.0,0.0,5,1.0,1.0,-0.15070100774782297
U421@DOM1,47,1.0,0.0,5,1.0,1.0,-0.15070100774782297
U1021@DOM1,47,1.0,0.0,5,1.0,1.0,-0.15070100774782297
U4531@DOM1,47,1.0,0.0,5,1.0,1.0,-0.15070100774782297
U3492@DOM1,47,1.0,0.0,5,1.0,1.0,-0.15070100774782297
U4729@DOM1,47,1.0,0.0,5,1.0,1.0,-0.15070100774782297
U8379@DOM1,47,1.0,0.0,5,1.0,1.0,-0.15070100774782297
U6419@DOM1,47,1.0,0.0,5,1.0,1.0,-0.15070100774782297
U9548@DOM1,47,1.0,0.0,5,1.0,1.0,-0.15070100774782297
U4916@DOM1,47,1.0,0.0,5,1.0,1.0,-0.15070100774782297
U8747@DOM1,47,1.0,0.0,5,1.0,1.0,-0.15070100774782297
U9151@DOM1,47,1.0,0.0,5,1.0,1.0,-0.15070100774782297
U6795@DOM1,47,1.0,0.0,5,1.0,1.0,-0.15070100774782297
C3280$@DOM1,153,1.0,0.0,7,1.0,0.9934640522875817,-0.15071633936765194
C2510$@DOM1,153,1.0,0.0,7,1.0,0.9934640522875817,-0.15071633936765194
C495$@DOM1,153,1.0,0.0,7,1.0,0.9934640522875817,-0.15071633936765194
C11392$@DOM1,153,1.0,0.0,7,1.0,0.9934640522875817,-0.15071633936765194
C1431$@DOM1,153,1.0,0.0,7,1.0,0.9934640522875817,-0.15071633936765194
C18731$@DOM1,153,1.0,0.0,7,1.0,0.9934640522875817,-0.15071633936765194
C7077$@DOM1,153,1.0,0.0,7,1.0,0.9934640522875817,-0.15071633936765194
C996$@DOM1,153,1.0,0.0,7,1.0,0.9934640522875817,-0.15071633936765194
C4474$@DOM1,153,1.0,0.0,7,1.0,0.9934640522875817,-0.15071633936765194
C11631$@DOM1,153,1.0,0.0,7,1.0,0.9934640522875817,-0.15071633936765194
C17030$@DOM1,153,1.0,0.0,7,1.0,0.9934640522875817,-0.15071633936765194
U2401@DOM1,57,1.0,0.0,8,1.0,1.0,-0.15074189092493046
U7436@DOM1,57,1.0,0.0,8,1.0,1.0,-0.15074189092493046
U8851@DOM1,57,1.0,0.0,8,1.0,1.0,-0.15074189092493046
U872@DOM1,57,1.0,0.0,8,1.0,1.0,-0.15074189092493046
U5576@DOM1,57,1.0,0.0,8,1.0,1.0,-0.15074189092493046
U3272@DOM1,57,1.0,0.0,8,1.0,1.0,-0.15074189092493046
U845@DOM1,57,1.0,0.0,8,1.0,1.0,-0.15074189092493046
U1730@DOM1,57,1.0,0.0,8,1.0,1.0,-0.15074189092493046
U972@DOM1,57,1.0,0.0,8,1.0,1.0,-0.15074189092493046
U8724@DOM1,57,1.0,0.0,8,1.0,1.0,-0.15074189092493046
U8892@DOM1,57,1.0,0.0,8,1.0,1.0,-0.15074189092493046
C18628$@DOM1,156,1.0,0.0,6,1.0,0.9935897435897436,-0.15081014720127645
C13191$@DOM1,156,1.0,0.0,6,1.0,0.9935897435897436,-0.15081014720127645
C1519$@DOM1,156,1.0,0.0,6,1.0,0.9935897435897436,-0.15081014720127645
C18833$@DOM1,156,1.0,0.0,6,1.0,0.9935897435897436,-0.15081014720127645
C740$@DOM1,156,1.0,0.0,6,1.0,0.9935897435897436,-0.15081014720127645
C1283$@DOM1,156,1.0,0.0,6,1.0,0.9935897435897436,-0.15081014720127645
C1405$@DOM1,156,1.0,0.0,6,1.0,0.9935897435897436,-0.15081014720127645
U7907@DOM1,48,1.0,0.0,5,1.0,1.0,-0.1508103915024645
U5052@DOM1,48,1.0,0.0,5,1.0,1.0,-0.1508103915024645
U5553@DOM1,48,1.0,0.0,5,1.0,1.0,-0.1508103915024645
U9530@DOM1,48,1.0,0.0,5,1.0,1.0,-0.1508103915024645
U900@DOM1,48,1.0,0.0,5,1.0,1.0,-0.1508103915024645
U2851@DOM1,48,1.0,0.0,5,1.0,1.0,-0.1508103915024645
U6793@DOM1,48,1.0,0.0,5,1.0,1.0,-0.1508103915024645
C16236$@DOM1,145,1.0,0.0,6,1.0,0.993103448275862,-0.15081287881175204
C16841$@DOM1,145,1.0,0.0,6,1.0,0.993103448275862,-0.15081287881175204
C12580$@DOM1,145,1.0,0.0,6,1.0,0.993103448275862,-0.15081287881175204
C19883$@DOM1,145,1.0,0.0,6,1.0,0.993103448275862,-0.15081287881175204
C13680$@DOM1,145,1.0,0.0,6,1.0,0.993103448275862,-0.15081287881175204
C5115$@DOM1,145,1.0,0.0,6,1.0,0.993103448275862,-0.15081287881175204
C19458$@DOM1,145,1.0,0.0,6,1.0,0.993103448275862,-0.15081287881175204
C10448$@DOM1,145,1.0,0.0,6,1.0,0.993103448275862,-0.15081287881175204
C7027$@DOM1,145,1.0,0.0,6,1.0,0.993103448275862,-0.15081287881175204
C503$@DOM1,145,1.0,0.0,6,1.0,0.993103448275862,-0.15081287881175204
C7038$@DOM1,145,1.0,0.0,6,1.0,0.993103448275862,-0.15081287881175204
C18139$@DOM1,145,1.0,0.0,6,1.0,0.993103448275862,-0.15081287881175204
U6168@DOM1,208,1.0,0.0,7,1.0,1.0,-0.1508202624734309
C1013$@DOM1,208,1.0,0.0,7,1.0,1.0,-0.1508202624734309
C19838$@DOM1,208,1.0,0.0,7,1.0,1.0,-0.1508202624734309
U2332@DOM1,41,1.0,0.0,6,1.0,1.0,-0.1508600518216922
U5959@DOM1,41,1.0,0.0,6,1.0,1.0,-0.1508600518216922
U3725@DOM1,41,1.0,0.0,6,1.0,1.0,-0.1508600518216922
U2167@DOM1,41,1.0,0.0,6,1.0,1.0,-0.1508600518216922
U8869@DOM1,41,1.0,0.0,6,1.0,1.0,-0.1508600518216922
U4653@DOM1,41,1.0,0.0,6,1.0,1.0,-0.1508600518216922
U7886@DOM1,41,1.0,0.0,6,1.0,1.0,-0.1508600518216922
C19286$@DOM1,148,1.0,0.0,7,1.0,0.9932432432432432,-0.15088047740744442
C15466$@DOM1,148,1.0,0.0,7,1.0,0.9932432432432432,-0.15088047740744442
C21207$@DOM1,148,1.0,0.0,7,1.0,0.9932432432432432,-0.15088047740744442
C21391$@DOM1,148,1.0,0.0,7,1.0,0.9932432432432432,-0.15088047740744442
C16937$@DOM1,148,1.0,0.0,7,1.0,0.9932432432432432,-0.15088047740744442
C10933$@DOM1,148,1.0,0.0,7,1.0,0.9932432432432432,-0.15088047740744442
C6091$@DOM1,148,1.0,0.0,7,1.0,0.9932432432432432,-0.15088047740744442
C277$@DOM1,148,1.0,0.0,7,1.0,0.9932432432432432,-0.15088047740744442
C15705$@DOM1,148,1.0,0.0,7,1.0,0.9932432432432432,-0.15088047740744442
C20342$@DOM1,148,1.0,0.0,7,1.0,0.9932432432432432,-0.15088047740744442
C10865$@DOM1,148,1.0,0.0,7,1.0,0.9932432432432432,-0.15088047740744442
C2537$@DOM1,148,1.0,0.0,7,1.0,0.9932432432432432,-0.15088047740744442
C11061$@DOM1,148,1.0,0.0,7,1.0,0.9932432432432432,-0.15088047740744442
C11815$@DOM1,154,1.0,0.0,6,1.0,0.9935064935064936,-0.15091285283568945
C809$@DOM1,154,1.0,0.0,6,1.0,0.9935064935064936,-0.15091285283568945
C16947$@DOM1,154,1.0,0.0,6,1.0,0.9935064935064936,-0.15091285283568945
C843$@DOM1,154,1.0,0.0,6,1.0,0.9935064935064936,-0.15091285283568945
C274$@DOM1,154,1.0,0.0,6,1.0,0.9935064935064936,-0.15091285283568945
C16017$@DOM1,154,1.0,0.0,6,1.0,0.9935064935064936,-0.15091285283568945
C608$@DOM1,154,1.0,0.0,6,1.0,0.9935064935064936,-0.15091285283568945
C12792$@DOM1,154,1.0,0.0,6,1.0,0.9935064935064936,-0.15091285283568945
C7277$@DOM1,154,1.0,0.0,6,1.0,0.9935064935064936,-0.15091285283568945
C3427$@DOM1,154,1.0,0.0,6,1.0,0.9935064935064936,-0.15091285283568945
C1263$@DOM1,154,1.0,0.0,6,1.0,0.9935064935064936,-0.15091285283568945
C814$@DOM1,154,1.0,0.0,6,1.0,0.9935064935064936,-0.15091285283568945
U3906@DOM1,44,1.0,0.0,7,1.0,1.0,-0.1509152535190434
U3011@DOM1,44,1.0,0.0,7,1.0,1.0,-0.1509152535190434
U5221@DOM1,44,1.0,0.0,7,1.0,1.0,-0.1509152535190434
U3922@DOM1,44,1.0,0.0,7,1.0,1.0,-0.1509152535190434
C7645$@DOM1,151,1.0,0.0,6,1.0,0.9933774834437086,-0.15091625070154135
C6085$@DOM1,151,1.0,0.0,6,1.0,0.9933774834437086,-0.15091625070154135
C609$@DOM1,151,1.0,0.0,6,1.0,0.9933774834437086,-0.15091625070154135
C1007$@DOM1,151,1.0,0.0,6,1.0,0.9933774834437086,-0.15091625070154135
C1266$@DOM1,151,1.0,0.0,6,1.0,0.9933774834437086,-0.15091625070154135
C1357$@DOM1,151,1.0,0.0,6,1.0,0.9933774834437086,-0.15091625070154135
C7523$@DOM1,151,1.0,0.0,6,1.0,0.9933774834437086,-0.15091625070154135
C7341$@DOM1,150,1.0,0.0,6,1.0,0.9933333333333333,-0.1509173284918261
C19861$@DOM1,150,1.0,0.0,6,1.0,0.9933333333333333,-0.1509173284918261
C366$@DOM1,150,1.0,0.0,6,1.0,0.9933333333333333,-0.1509173284918261
C18500$@DOM1,150,1.0,0.0,6,1.0,0.9933333333333333,-0.1509173284918261
C20744$@DOM1,150,1.0,0.0,6,1.0,0.9933333333333333,-0.1509173284918261
C14571$@DOM1,150,1.0,0.0,6,1.0,0.9933333333333333,-0.1509173284918261
U479@DOM1,207,1.0,0.0,7,1.0,1.0,-0.15092960888319046
C1793$@DOM1,207,1.0,0.0,7,1.0,1.0,-0.15092960888319046
C1684$@DOM1,209,1.0,0.0,7,1.0,1.0,-0.15093005660973152
C472$@DOM1,147,1.0,0.0,6,1.0,0.9931972789115646,-0.15094319703881715
C7206$@DOM1,147,1.0,0.0,6,1.0,0.9931972789115646,-0.15094319703881715
C627$@DOM1,147,1.0,0.0,6,1.0,0.9931972789115646,-0.15094319703881715
C162$@DOM1,146,1.0,0.0,6,1.0,0.9931506849315068,-0.15094319703881715
C1226$@DOM1,147,1.0,0.0,6,1.0,0.9931972789115646,-0.15094319703881715
C10131$@DOM1,147,1.0,0.0,6,1.0,0.9931972789115646,-0.15094319703881715
C965$@DOM1,146,1.0,0.0,6,1.0,0.9931506849315068,-0.15094319703881715
C11757$@DOM1,147,1.0,0.0,6,1.0,0.9931972789115646,-0.15094319703881715
C2016$@DOM1,146,1.0,0.0,6,1.0,0.9931506849315068,-0.15094319703881715
C20677$@DOM1,147,1.0,0.0,6,1.0,0.9931972789115646,-0.15094319703881715
C326$@DOM1,146,1.0,0.0,6,1.0,0.9931506849315068,-0.15094319703881715
C1198$@DOM1,147,1.0,0.0,6,1.0,0.9931972789115646,-0.15094319703881715
C17356$@DOM1,146,1.0,0.0,6,1.0,0.9931506849315068,-0.15094319703881715
C12076$@DOM1,147,1.0,0.0,6,1.0,0.9931972789115646,-0.15094319703881715
C6111$@DOM1,147,1.0,0.0,6,1.0,0.9931972789115646,-0.15094319703881715
C16884$@DOM1,146,1.0,0.0,6,1.0,0.9931506849315068,-0.15094319703881715
C351$@DOM1,192,1.0,0.0,8,1.0,1.0,-0.15095440406385874
C18414$@DOM1,192,1.0,0.0,8,1.0,1.0,-0.15095440406385874
C764$@DOM1,192,1.0,0.0,8,1.0,1.0,-0.15095440406385874
C5418$@DOM1,205,1.0,0.0,6,1.0,1.0,-0.15097973354381067
C122$@DOM1,162,1.0,0.0,6,1.0,0.9938271604938271,-0.1509943033060508
C20764$@DOM1,162,1.0,0.0,6,1.0,0.9938271604938271,-0.1509943033060508
C1079$@DOM1,162,1.0,0.0,6,1.0,0.9938271604938271,-0.1509943033060508
C8355$@DOM1,162,1.0,0.0,6,1.0,0.9938271604938271,-0.1509943033060508
C17512$@DOM1,162,1.0,0.0,6,1.0,0.9938271604938271,-0.1509943033060508
C2341$@DOM1,162,1.0,0.0,6,1.0,0.9938271604938271,-0.1509943033060508
C2594$@DOM1,162,1.0,0.0,6,1.0,0.9938271604938271,-0.1509943033060508
C7148$@DOM1,162,1.0,0.0,6,1.0,0.9938271604938271,-0.1509943033060508
C2378$@DOM1,162,1.0,0.0,6,1.0,0.9938271604938271,-0.1509943033060508
C3282$@DOM1,162,1.0,0.0,6,1.0,0.9938271604938271,-0.1509943033060508
C10453$@DOM1,162,1.0,0.0,6,1.0,0.9938271604938271,-0.1509943033060508
C14064$@DOM1,162,1.0,0.0,6,1.0,0.9938271604938271,-0.1509943033060508
C7117$@DOM1,162,1.0,0.0,6,1.0,0.9938271604938271,-0.1509943033060508
C947$@DOM1,162,1.0,0.0,6,1.0,0.9938271604938271,-0.1509943033060508
C19985$@DOM1,191,1.0,0.0,8,1.0,1.0,-0.151013438939331
C8215$@DOM1,190,1.0,0.0,8,1.0,1.0,-0.151013438939331
C13572$@DOM1,190,1.0,0.0,8,1.0,1.0,-0.151013438939331
C2925$@DOM1,190,1.0,0.0,8,1.0,1.0,-0.151013438939331
C10380$@DOM1,191,1.0,0.0,8,1.0,1.0,-0.151013438939331
C13268$@DOM1,204,1.0,0.0,6,1.0,1.0,-0.15102818757487674
C6205$@DOM1,204,1.0,0.0,6,1.0,1.0,-0.15102818757487674
C1946$@DOM1,204,1.0,0.0,6,1.0,1.0,-0.15102818757487674
C13354$@DOM1,204,1.0,0.0,6,1.0,1.0,-0.15102818757487674
U2910@DOM1,50,1.0,0.0,5,1.0,1.0,-0.15104414075679473
U9365@DOM1,50,1.0,0.0,5,1.0,1.0,-0.15104414075679473
U7894@DOM1,50,1.0,0.0,5,1.0,1.0,-0.15104414075679473
U9234@DOM1,50,1.0,0.0,5,1.0,1.0,-0.15104414075679473
U3061@DOM1,50,1.0,0.0,5,1.0,1.0,-0.15104414075679473
C2760$@DOM1,50,1.0,0.0,5,1.0,1.0,-0.15104414075679473
U6223@DOM1,50,1.0,0.0,5,1.0,1.0,-0.15104414075679473
U3169@DOM1,50,1.0,0.0,5,1.0,1.0,-0.15104414075679473
U8938@DOM1,50,1.0,0.0,5,1.0,1.0,-0.15104414075679473
U1361@DOM1,50,1.0,0.0,5,1.0,1.0,-0.15104414075679473
U5732@DOM1,50,1.0,0.0,5,1.0,1.0,-0.15104414075679473
U4278@DOM1,50,1.0,0.0,5,1.0,1.0,-0.15104414075679473
U5861@DOM1,50,1.0,0.0,5,1.0,1.0,-0.15104414075679473
U1077@DOM1,49,1.0,0.0,5,1.0,1.0,-0.15110046545621297
U6309@DOM1,49,1.0,0.0,5,1.0,1.0,-0.15110046545621297
U97@DOM1,49,1.0,0.0,5,1.0,1.0,-0.15110046545621297
U7442@DOM1,49,1.0,0.0,5,1.0,1.0,-0.15110046545621297
U851@DOM1,49,1.0,0.0,5,1.0,1.0,-0.15110046545621297
U9488@DOM1,49,1.0,0.0,5,1.0,1.0,-0.15110046545621297
U5261@DOM1,49,1.0,0.0,5,1.0,1.0,-0.15110046545621297
U2956@DOM1,49,1.0,0.0,5,1.0,1.0,-0.15110046545621297
U690@DOM1,49,1.0,0.0,5,1.0,1.0,-0.15110046545621297
U8003@DOM1,49,1.0,0.0,5,1.0,1.0,-0.15110046545621297
U870@DOM1,49,1.0,0.0,5,1.0,1.0,-0.15110046545621297
U10329@DOM1,49,1.0,0.0,5,1.0,1.0,-0.15110046545621297
U3310@DOM1,49,1.0,0.0,5,1.0,1.0,-0.15110046545621297
U6663@DOM1,49,1.0,0.0,5,1.0,1.0,-0.15110046545621297
U2566@DOM1,49,1.0,0.0,5,1.0,1.0,-0.15110046545621297
C18906$@DOM1,153,1.0,0.0,6,1.0,0.9934640522875817,-0.1511324457538708
C37$@DOM1,153,1.0,0.0,6,1.0,0.9934640522875817,-0.1511324457538708
C6393$@DOM1,153,1.0,0.0,6,1.0,0.9934640522875817,-0.1511324457538708
C1923$@DOM1,153,1.0,0.0,6,1.0,0.9934640522875817,-0.1511324457538708
C265$@DOM1,153,1.0,0.0,6,1.0,0.9934640522875817,-0.1511324457538708
C12111$@DOM1,153,1.0,0.0,6,1.0,0.9934640522875817,-0.1511324457538708
C10079$@DOM1,153,1.0,0.0,6,1.0,0.9934640522875817,-0.1511324457538708
C16171$@DOM1,153,1.0,0.0,6,1.0,0.9934640522875817,-0.1511324457538708
C18524$@DOM1,153,1.0,0.0,6,1.0,0.9934640522875817,-0.1511324457538708
C8774$@DOM1,153,1.0,0.0,6,1.0,0.9934640522875817,-0.1511324457538708
C1037$@DOM1,148,1.0,0.0,6,1.0,0.9932432432432432,-0.1512069100548179
C1249$@DOM1,148,1.0,0.0,6,1.0,0.9932432432432432,-0.1512069100548179
C6294$@DOM1,148,1.0,0.0,6,1.0,0.9932432432432432,-0.1512069100548179
C8255$@DOM1,148,1.0,0.0,6,1.0,0.9932432432432432,-0.1512069100548179
C462$@DOM1,148,1.0,0.0,6,1.0,0.9932432432432432,-0.1512069100548179
C19769$@DOM1,148,1.0,0.0,6,1.0,0.9932432432432432,-0.1512069100548179
C12277$@DOM1,189,1.0,0.0,8,1.0,1.0,-0.1512386983738227
C4287$@DOM1,189,1.0,0.0,8,1.0,1.0,-0.1512386983738227
U3797@DOM1,58,1.0,0.0,8,1.0,1.0,-0.1512964662160619
U9211@DOM1,58,1.0,0.0,8,1.0,1.0,-0.1512964662160619
U3307@DOM1,58,1.0,0.0,8,1.0,1.0,-0.1512964662160619
U6723@DOM1,58,1.0,0.0,8,1.0,1.0,-0.1512964662160619
U4993@DOM1,58,1.0,0.0,8,1.0,1.0,-0.1512964662160619
U2946@DOM1,58,1.0,0.0,8,1.0,1.0,-0.1512964662160619
U606@DOM1,58,1.0,0.0,8,1.0,1.0,-0.1512964662160619
U1250@DOM1,58,1.0,0.0,8,1.0,1.0,-0.1512964662160619
U3622@DOM1,58,1.0,0.0,8,1.0,1.0,-0.1512964662160619
U3928@DOM1,206,1.0,0.0,7,1.0,1.0,-0.15130382161794137
C10559$@DOM1,175,1.0,0.0,5,1.0,1.0,-0.1513839235991512
C18921$@DOM1,175,1.0,0.0,5,1.0,1.0,-0.1513839235991512
C4479$@DOM1,175,1.0,0.0,5,1.0,1.0,-0.1513839235991512
C10468$@DOM1,175,1.0,0.0,5,1.0,1.0,-0.1513839235991512
C18570$@DOM1,175,1.0,0.0,5,1.0,1.0,-0.1513839235991512
C13107$@DOM1,175,1.0,0.0,5,1.0,1.0,-0.1513839235991512
C3654$@DOM1,175,1.0,0.0,5,1.0,1.0,-0.1513839235991512
C8893$@DOM1,175,1.0,0.0,5,1.0,1.0,-0.1513839235991512
U878@DOM1,45,1.0,0.0,7,1.0,1.0,-0.15153609992149986
U9037@DOM1,45,1.0,0.0,7,1.0,1.0,-0.15153609992149986
U2808@DOM1,45,1.0,0.0,7,1.0,1.0,-0.15153609992149986
U3652@DOM1,45,1.0,0.0,7,1.0,1.0,-0.15153609992149986
U8013@DOM1,45,1.0,0.0,7,1.0,1.0,-0.15153609992149986
U4109@DOM1,45,1.0,0.0,7,1.0,1.0,-0.15153609992149986
U8667@DOM1,45,1.0,0.0,7,1.0,1.0,-0.15153609992149986
C19713$@DOM1,187,1.0,0.0,8,1.0,1.0,-0.15162468994310757
C19628$@DOM1,204,1.0,0.0,7,1.0,1.0,-0.15164438931391383
U2381@DOM1,51,1.0,0.0,5,1.0,1.0,-0.15168642108213037
U942@DOM1,51,1.0,0.0,5,1.0,1.0,-0.15168642108213037
U3852@DOM1,51,1.0,0.0,5,1.0,1.0,-0.15168642108213037
U1154@DOM1,51,1.0,0.0,5,1.0,1.0,-0.15168642108213037
U6322@DOM1,51,1.0,0.0,5,1.0,1.0,-0.15168642108213037
U2571@DOM1,51,1.0,0.0,5,1.0,1.0,-0.15168642108213037
U4576@DOM1,51,1.0,0.0,5,1.0,1.0,-0.15168642108213037
U1206@DOM1,51,1.0,0.0,5,1.0,1.0,-0.15168642108213037
U1015@DOM1,51,1.0,0.0,5,1.0,1.0,-0.15168642108213037
U4554@DOM1,51,1.0,0.0,5,1.0,1.0,-0.15168642108213037
U9361@DOM1,51,1.0,0.0,5,1.0,1.0,-0.15168642108213037
U8649@DOM1,51,1.0,0.0,5,1.0,1.0,-0.15168642108213037
C2890$@DOM1,203,1.0,0.0,6,1.0,1.0,-0.15169114028854241
C1400$@DOM1,174,1.0,0.0,5,1.0,1.0,-0.15170437807893372
C15624$@DOM1,174,1.0,0.0,5,1.0,1.0,-0.15170437807893372
U9344@DOM1,174,1.0,0.0,5,1.0,1.0,-0.15170437807893372
C7081$@DOM1,174,1.0,0.0,5,1.0,1.0,-0.15170437807893372
C2040$@DOM1,174,1.0,0.0,5,1.0,1.0,-0.15170437807893372
U4957@DOM1,174,1.0,0.0,5,1.0,1.0,-0.15170437807893372
C6621$@DOM1,174,1.0,0.0,5,1.0,1.0,-0.15170437807893372
C18041$@DOM1,188,1.0,0.0,8,1.0,1.0,-0.15179268750171565
C9625$@DOM1,201,1.0,0.0,7,1.0,1.0,-0.15181965686834425
C1162$@DOM1,201,1.0,0.0,7,1.0,1.0,-0.15181965686834425
C5472$@DOM1,202,1.0,0.0,7,1.0,1.0,-0.15181965686834425
C3198$@DOM1,202,1.0,0.0,7,1.0,1.0,-0.15181965686834425
C354$@DOM1,201,1.0,0.0,7,1.0,1.0,-0.15181965686834425
C11516$@DOM1,201,1.0,0.0,6,1.0,1.0,-0.15183036766240138
C951$@DOM1,201,1.0,0.0,6,1.0,1.0,-0.15183036766240138
C2038$@DOM1,201,1.0,0.0,6,1.0,1.0,-0.15183036766240138
U2782@DOM1,59,1.0,0.0,8,1.0,1.0,-0.15187170651048326
U7357@DOM1,59,1.0,0.0,8,1.0,1.0,-0.15187170651048326
U7581@DOM1,59,1.0,0.0,8,1.0,1.0,-0.15187170651048326
U4004@DOM1,59,1.0,0.0,8,1.0,1.0,-0.15187170651048326
U6969@DOM1,59,1.0,0.0,8,1.0,1.0,-0.15187170651048326
U9219@DOM1,59,1.0,0.0,8,1.0,1.0,-0.15187170651048326
U4038@DOM1,59,1.0,0.0,8,1.0,1.0,-0.15187170651048326
U2731@DOM1,59,1.0,0.0,8,1.0,1.0,-0.15187170651048326
U4700@DOM1,59,1.0,0.0,8,1.0,1.0,-0.15187170651048326
U5195@DOM1,59,1.0,0.0,8,1.0,1.0,-0.15187170651048326
U3701@DOM1,59,1.0,0.0,8,1.0,1.0,-0.15187170651048326
U3718@DOM1,59,1.0,0.0,8,1.0,1.0,-0.15187170651048326
U9574@DOM1,59,1.0,0.0,8,1.0,1.0,-0.15187170651048326
U1043@DOM1,59,1.0,0.0,8,1.0,1.0,-0.15187170651048326
U498@DOM1,59,1.0,0.0,8,1.0,1.0,-0.15187170651048326
U1966@DOM1,59,1.0,0.0,8,1.0,1.0,-0.15187170651048326
U1967@DOM1,59,1.0,0.0,8,1.0,1.0,-0.15187170651048326
U3355@DOM1,42,1.0,0.0,6,1.0,1.0,-0.1519105054856732
U9741@DOM1,42,1.0,0.0,6,1.0,1.0,-0.1519105054856732
U7838@DOM1,42,1.0,0.0,6,1.0,1.0,-0.1519105054856732
U2893@DOM1,42,1.0,0.0,6,1.0,1.0,-0.1519105054856732
U10128@DOM1,42,1.0,0.0,6,1.0,1.0,-0.1519105054856732
U6204@DOM1,42,1.0,0.0,6,1.0,1.0,-0.1519105054856732
U2433@DOM1,42,1.0,0.0,6,1.0,1.0,-0.1519105054856732
U7989@DOM1,42,1.0,0.0,6,1.0,1.0,-0.1519105054856732
U7127@DOM1,42,1.0,0.0,6,1.0,1.0,-0.1519105054856732
U1905@DOM1,42,1.0,0.0,6,1.0,1.0,-0.1519105054856732
U5078@DOM1,42,1.0,0.0,6,1.0,1.0,-0.1519105054856732
C437$@DOM1,203,1.0,0.0,7,1.0,1.0,-0.15192869031553108
C2984$@DOM1,203,1.0,0.0,7,1.0,1.0,-0.15192869031553108
C16422$@DOM1,203,1.0,0.0,7,1.0,1.0,-0.15192869031553108
U4042@DOM1,52,1.0,0.0,5,1.0,1.0,-0.15209201467219063
U6991@DOM1,52,1.0,0.0,5,1.0,1.0,-0.15209201467219063
C4901$@DOM1,52,1.0,0.0,5,1.0,1.0,-0.15209201467219063
U3082@DOM1,52,1.0,0.0,5,1.0,1.0,-0.15209201467219063
U722@DOM1,52,1.0,0.0,5,1.0,1.0,-0.15209201467219063
U9688@DOM1,52,1.0,0.0,5,1.0,1.0,-0.15209201467219063
U8991@DOM1,52,1.0,0.0,5,1.0,1.0,-0.15209201467219063
U2804@DOM1,52,1.0,0.0,5,1.0,1.0,-0.15209201467219063
U6854@DOM1,52,1.0,0.0,5,1.0,1.0,-0.15209201467219063
U4419@DOM1,52,1.0,0.0,5,1.0,1.0,-0.15209201467219063
U9879@DOM1,52,1.0,0.0,5,1.0,1.0,-0.15209201467219063
U895@DOM1,52,1.0,0.0,5,1.0,1.0,-0.15209201467219063
C1201$@DOM1,186,1.0,0.0,8,1.0,1.0,-0.15209807290825683
C12860$@DOM1,185,1.0,0.0,8,1.0,1.0,-0.15209872691754583
U4996@DOM1,60,1.0,0.0,8,1.0,1.0,-0.15209915992935102
U9048@DOM1,60,1.0,0.0,8,1.0,1.0,-0.15209915992935102
U385@DOM1,60,1.0,0.0,8,1.0,1.0,-0.15209915992935102
U8732@DOM1,60,1.0,0.0,8,1.0,1.0,-0.15209915992935102
U5731@DOM1,60,1.0,0.0,8,1.0,1.0,-0.15209915992935102
U3560@DOM1,60,1.0,0.0,8,1.0,1.0,-0.15209915992935102
U6252@DOM1,60,1.0,0.0,8,1.0,1.0,-0.15209915992935102
U5336@DOM1,60,1.0,0.0,8,1.0,1.0,-0.15209915992935102
U1934@DOM1,60,1.0,0.0,8,1.0,1.0,-0.15209915992935102
U8922@DOM1,60,1.0,0.0,8,1.0,1.0,-0.15209915992935102
U1389@DOM1,60,1.0,0.0,8,1.0,1.0,-0.15209915992935102
U3957@DOM1,60,1.0,0.0,8,1.0,1.0,-0.15209915992935102
U7560@DOM1,60,1.0,0.0,8,1.0,1.0,-0.15209915992935102
U4752@DOM1,60,1.0,0.0,8,1.0,1.0,-0.15209915992935102
U4593@DOM1,60,1.0,0.0,8,1.0,1.0,-0.15209915992935102
U4730@DOM1,60,1.0,0.0,8,1.0,1.0,-0.15209915992935102
U3428@DOM1,60,1.0,0.0,8,1.0,1.0,-0.15209915992935102
U9273@DOM1,43,1.0,0.0,6,1.0,1.0,-0.1521305743986064
U5850@DOM1,43,1.0,0.0,6,1.0,1.0,-0.1521305743986064
U701@DOM1,43,1.0,0.0,6,1.0,1.0,-0.1521305743986064
U5341@DOM1,43,1.0,0.0,6,1.0,1.0,-0.1521305743986064
U3342@DOM1,43,1.0,0.0,6,1.0,1.0,-0.1521305743986064
U195@DOM1,43,1.0,0.0,6,1.0,1.0,-0.1521305743986064
U6706@DOM1,43,1.0,0.0,6,1.0,1.0,-0.1521305743986064
U7824@DOM1,43,1.0,0.0,6,1.0,1.0,-0.1521305743986064
C3252$@DOM1,200,1.0,0.0,7,1.0,1.0,-0.15215370065888412
C15882$@DOM1,200,1.0,0.0,7,1.0,1.0,-0.15215370065888412
U2346@DOM1,46,1.0,0.0,7,1.0,1.0,-0.15215596378819402
U348@DOM1,46,1.0,0.0,7,1.0,1.0,-0.15215596378819402
U368@DOM1,46,1.0,0.0,7,1.0,1.0,-0.15215596378819402
U6807@DOM1,46,1.0,0.0,7,1.0,1.0,-0.15215596378819402
U8264@DOM1,46,1.0,0.0,7,1.0,1.0,-0.15215596378819402
U9415@DOM1,46,1.0,0.0,7,1.0,1.0,-0.15215596378819402
U4439@DOM1,46,1.0,0.0,7,1.0,1.0,-0.15215596378819402
U9521@DOM1,46,1.0,0.0,7,1.0,1.0,-0.15215596378819402
C8439$@DOM1,172,1.0,0.0,5,1.0,1.0,-0.15215639009975962
C14379$@DOM1,172,1.0,0.0,5,1.0,1.0,-0.15215639009975962
C19114$@DOM1,172,1.0,0.0,5,1.0,1.0,-0.15215639009975962
C17599$@DOM1,173,1.0,0.0,5,1.0,1.0,-0.15215639009975962
C7509$@DOM1,173,1.0,0.0,5,1.0,1.0,-0.15215639009975962
C4608$@DOM1,172,1.0,0.0,5,1.0,1.0,-0.15215639009975962
C19485$@DOM1,173,1.0,0.0,5,1.0,1.0,-0.15215639009975962
C11272$@DOM1,173,1.0,0.0,5,1.0,1.0,-0.15215639009975962
C18754$@DOM1,200,1.0,0.0,6,1.0,1.0,-0.15216440117701874
C14731$@DOM1,200,1.0,0.0,6,1.0,1.0,-0.15216440117701874
U3088@DOM1,53,1.0,0.0,5,1.0,1.0,-0.15236762521404068
U7470@DOM1,54,1.0,0.0,5,1.0,1.0,-0.15236762521404068
U3497@DOM1,54,1.0,0.0,5,1.0,1.0,-0.15236762521404068
U1205@DOM1,54,1.0,0.0,5,1.0,1.0,-0.15236762521404068
U2790@DOM1,54,1.0,0.0,5,1.0,1.0,-0.15236762521404068
U4107@DOM1,53,1.0,0.0,5,1.0,1.0,-0.15236762521404068
U6013@DOM1,54,1.0,0.0,5,1.0,1.0,-0.15236762521404068
U2749@DOM1,53,1.0,0.0,5,1.0,1.0,-0.15236762521404068
U1068@DOM1,53,1.0,0.0,5,1.0,1.0,-0.15236762521404068
U387@DOM1,54,1.0,0.0,5,1.0,1.0,-0.15236762521404068
U9042@DOM1,53,1.0,0.0,5,1.0,1.0,-0.15236762521404068
U610@DOM1,53,1.0,0.0,5,1.0,1.0,-0.15236762521404068
U7014@DOM1,54,1.0,0.0,5,1.0,1.0,-0.15236762521404068
U3069@DOM1,54,1.0,0.0,5,1.0,1.0,-0.15236762521404068
U1877@DOM1,54,1.0,0.0,5,1.0,1.0,-0.15236762521404068
U2795@DOM1,53,1.0,0.0,5,1.0,1.0,-0.15236762521404068
U1245@DOM1,54,1.0,0.0,5,1.0,1.0,-0.15236762521404068
U4749@DOM1,54,1.0,0.0,5,1.0,1.0,-0.15236762521404068
U8848@DOM1,53,1.0,0.0,5,1.0,1.0,-0.15236762521404068
U9595@DOM1,54,1.0,0.0,5,1.0,1.0,-0.15236762521404068
U5985@DOM1,53,1.0,0.0,5,1.0,1.0,-0.15236762521404068
U3181@DOM1,54,1.0,0.0,5,1.0,1.0,-0.15236762521404068
U4594@DOM1,54,1.0,0.0,5,1.0,1.0,-0.15236762521404068
U859@DOM1,53,1.0,0.0,5,1.0,1.0,-0.15236762521404068
U5669@DOM1,53,1.0,0.0,5,1.0,1.0,-0.15236762521404068
U9875@DOM1,54,1.0,0.0,5,1.0,1.0,-0.15236762521404068
U10265@DOM1,54,1.0,0.0,5,1.0,1.0,-0.15236762521404068
U9798@DOM1,55,1.0,0.0,5,1.0,1.0,-0.15236891133831965
U1219@DOM1,55,1.0,0.0,5,1.0,1.0,-0.15236891133831965
U9016@DOM1,55,1.0,0.0,5,1.0,1.0,-0.15236891133831965
U919@DOM1,55,1.0,0.0,5,1.0,1.0,-0.15236891133831965
U5152@DOM1,55,1.0,0.0,5,1.0,1.0,-0.15236891133831965
U9053@DOM1,55,1.0,0.0,5,1.0,1.0,-0.15236891133831965
U9663@DOM1,55,1.0,0.0,5,1.0,1.0,-0.15236891133831965
U7230@DOM1,55,1.0,0.0,5,1.0,1.0,-0.15236891133831965
U204@DOM1,55,1.0,0.0,5,1.0,1.0,-0.15236891133831965
U2600@DOM1,55,1.0,0.0,5,1.0,1.0,-0.15236891133831965
U7197@DOM1,55,1.0,0.0,5,1.0,1.0,-0.15236891133831965
U9032@DOM1,55,1.0,0.0,5,1.0,1.0,-0.15236891133831965
U5330@DOM1,55,1.0,0.0,5,1.0,1.0,-0.15236891133831965
U8927@DOM1,55,1.0,0.0,5,1.0,1.0,-0.15236891133831965
U5745@DOM1,61,1.0,0.0,8,1.0,1.0,-0.1525054856776441
U3149@DOM1,61,1.0,0.0,8,1.0,1.0,-0.1525054856776441
U909@DOM1,61,1.0,0.0,8,1.0,1.0,-0.1525054856776441
U3130@DOM1,61,1.0,0.0,8,1.0,1.0,-0.1525054856776441
U1227@DOM1,61,1.0,0.0,8,1.0,1.0,-0.1525054856776441
U2316@DOM1,61,1.0,0.0,8,1.0,1.0,-0.1525054856776441
U4334@DOM1,61,1.0,0.0,8,1.0,1.0,-0.1525054856776441
U9341@DOM1,61,1.0,0.0,8,1.0,1.0,-0.1525054856776441
U10217@DOM1,61,1.0,0.0,8,1.0,1.0,-0.1525054856776441
U1981@DOM1,61,1.0,0.0,8,1.0,1.0,-0.1525054856776441
U1994@DOM1,61,1.0,0.0,8,1.0,1.0,-0.1525054856776441
U6078@DOM1,61,1.0,0.0,8,1.0,1.0,-0.1525054856776441
U8897@DOM1,61,1.0,0.0,8,1.0,1.0,-0.1525054856776441
U372@DOM1,61,1.0,0.0,8,1.0,1.0,-0.1525054856776441
U6162@DOM1,61,1.0,0.0,8,1.0,1.0,-0.1525054856776441
U7462@DOM1,61,1.0,0.0,8,1.0,1.0,-0.1525054856776441
U752@DOM1,48,1.0,0.0,7,1.0,1.0,-0.15257548105106333
U2868@DOM1,48,1.0,0.0,7,1.0,1.0,-0.15257548105106333
U5079@DOM1,48,1.0,0.0,7,1.0,1.0,-0.15257548105106333
U38@DOM1,48,1.0,0.0,7,1.0,1.0,-0.15257548105106333
U5885@DOM1,48,1.0,0.0,7,1.0,1.0,-0.15257548105106333
U932@DOM1,48,1.0,0.0,7,1.0,1.0,-0.15257548105106333
U1972@DOM1,48,1.0,0.0,7,1.0,1.0,-0.15257548105106333
U1258@DOM1,48,1.0,0.0,7,1.0,1.0,-0.15257548105106333
U7528@DOM1,48,1.0,0.0,7,1.0,1.0,-0.15257548105106333
U3924@DOM1,48,1.0,0.0,7,1.0,1.0,-0.15257548105106333
U7851@DOM1,62,1.0,0.0,8,1.0,1.0,-0.1526208341650525
U838@DOM1,62,1.0,0.0,8,1.0,1.0,-0.1526208341650525
U8737@DOM1,62,1.0,0.0,8,1.0,1.0,-0.1526208341650525
U8684@DOM1,62,1.0,0.0,8,1.0,1.0,-0.1526208341650525
U2663@DOM1,62,1.0,0.0,8,1.0,1.0,-0.1526208341650525
U9580@DOM1,62,1.0,0.0,8,1.0,1.0,-0.1526208341650525
U7458@DOM1,62,1.0,0.0,8,1.0,1.0,-0.1526208341650525
U8344@DOM1,62,1.0,0.0,8,1.0,1.0,-0.1526208341650525
U431@DOM1,62,1.0,0.0,8,1.0,1.0,-0.1526208341650525
U3945@DOM1,62,1.0,0.0,8,1.0,1.0,-0.1526208341650525
U6610@DOM1,62,1.0,0.0,8,1.0,1.0,-0.1526208341650525
U9964@DOM1,62,1.0,0.0,8,1.0,1.0,-0.1526208341650525
U3786@DOM1,62,1.0,0.0,8,1.0,1.0,-0.1526208341650525
U751@DOM1,62,1.0,0.0,8,1.0,1.0,-0.1526208341650525
U10178@DOM1,47,1.0,0.0,7,1.0,1.0,-0.15263424175009793
U9857@DOM1,47,1.0,0.0,7,1.0,1.0,-0.15263424175009793
U430@DOM1,47,1.0,0.0,7,1.0,1.0,-0.15263424175009793
U7051@DOM1,47,1.0,0.0,7,1.0,1.0,-0.15263424175009793
U5097@DOM1,47,1.0,0.0,7,1.0,1.0,-0.15263424175009793
U1054@DOM1,47,1.0,0.0,7,1.0,1.0,-0.15263424175009793
U4061@DOM1,47,1.0,0.0,7,1.0,1.0,-0.15263424175009793
U3463@DOM1,47,1.0,0.0,7,1.0,1.0,-0.15263424175009793
U4680@DOM1,47,1.0,0.0,7,1.0,1.0,-0.15263424175009793
U2386@DOM1,47,1.0,0.0,7,1.0,1.0,-0.15263424175009793
U361@DOM1,47,1.0,0.0,7,1.0,1.0,-0.15263424175009793
U5801@DOM1,199,1.0,0.0,7,1.0,1.0,-0.1526828516833708
C3618$@DOM1,199,1.0,0.0,7,1.0,1.0,-0.1526828516833708
C16878$@DOM1,199,1.0,0.0,6,1.0,1.0,-0.15269353592365464
C19987$@DOM1,199,1.0,0.0,6,1.0,1.0,-0.15269353592365464
C8184$@DOM1,199,1.0,0.0,6,1.0,1.0,-0.15269353592365464
C16787$@DOM1,199,1.0,0.0,6,1.0,1.0,-0.15269353592365464
U6286@DOM1,199,1.0,0.0,6,1.0,1.0,-0.15269353592365464
C3108$@DOM1,199,1.0,0.0,6,1.0,1.0,-0.15269353592365464
C3895$@DOM1,199,1.0,0.0,6,1.0,1.0,-0.15269353592365464
U1719@DOM1,63,1.0,0.0,8,1.0,1.0,-0.1528607332777655
U542@DOM1,63,1.0,0.0,8,1.0,1.0,-0.1528607332777655
U8563@DOM1,63,1.0,0.0,8,1.0,1.0,-0.1528607332777655
U3377@DOM1,63,1.0,0.0,8,1.0,1.0,-0.1528607332777655
U9012@DOM1,63,1.0,0.0,8,1.0,1.0,-0.1528607332777655
U10172@DOM1,63,1.0,0.0,8,1.0,1.0,-0.1528607332777655
U6354@DOM1,63,1.0,0.0,8,1.0,1.0,-0.1528607332777655
U9425@DOM1,63,1.0,0.0,8,1.0,1.0,-0.1528607332777655
U7673@DOM1,63,1.0,0.0,8,1.0,1.0,-0.1528607332777655
U1335@DOM1,63,1.0,0.0,8,1.0,1.0,-0.1528607332777655
C6823$@DOM1,177,1.0,0.0,8,1.0,1.0,-0.15288415852586396
C8161$@DOM1,178,1.0,0.0,8,1.0,1.0,-0.15288415852586396
C131$@DOM1,177,1.0,0.0,8,1.0,1.0,-0.15288415852586396
C5294$@DOM1,178,1.0,0.0,8,1.0,1.0,-0.15288415852586396
C1363$@DOM1,178,1.0,0.0,8,1.0,1.0,-0.15288415852586396
C1583$@DOM1,178,1.0,0.0,8,1.0,1.0,-0.15288415852586396
C991$@DOM1,177,1.0,0.0,8,1.0,1.0,-0.15288415852586396
C15558$@DOM1,171,1.0,0.0,5,1.0,1.0,-0.15289510403111034
C5233$@DOM1,171,1.0,0.0,5,1.0,1.0,-0.15289510403111034
U9200@DOM1,56,1.0,0.0,5,1.0,1.0,-0.1529433469215279
U6872@DOM1,56,1.0,0.0,5,1.0,1.0,-0.1529433469215279
U2793@DOM1,56,1.0,0.0,5,1.0,1.0,-0.1529433469215279
U8047@DOM1,56,1.0,0.0,5,1.0,1.0,-0.1529433469215279
U8844@DOM1,56,1.0,0.0,5,1.0,1.0,-0.1529433469215279
U3685@DOM1,56,1.0,0.0,5,1.0,1.0,-0.1529433469215279
U3025@DOM1,56,1.0,0.0,5,1.0,1.0,-0.1529433469215279
U7053@DOM1,56,1.0,0.0,5,1.0,1.0,-0.1529433469215279
U3257@DOM1,56,1.0,0.0,5,1.0,1.0,-0.1529433469215279
U5724@DOM1,56,1.0,0.0,5,1.0,1.0,-0.1529433469215279
U9134@DOM1,56,1.0,0.0,5,1.0,1.0,-0.1529433469215279
C16348$@DOM1,183,1.0,0.0,8,1.0,1.0,-0.15296806766683152
C19721$@DOM1,183,1.0,0.0,8,1.0,1.0,-0.15296806766683152
C9589$@DOM1,176,1.0,0.0,8,1.0,1.0,-0.15298598949762937
C21115$@DOM1,176,1.0,0.0,8,1.0,1.0,-0.15298598949762937
C4311$@DOM1,176,1.0,0.0,8,1.0,1.0,-0.15298598949762937
C21623$@DOM1,184,1.0,0.0,8,1.0,1.0,-0.15305285401340335
C9683$@DOM1,184,1.0,0.0,8,1.0,1.0,-0.15305285401340335
C1890$@DOM1,184,1.0,0.0,8,1.0,1.0,-0.15305285401340335
U4464@DOM1,58,1.0,0.0,5,1.0,1.0,-0.15312262384470243
U6340@DOM1,58,1.0,0.0,5,1.0,1.0,-0.15312262384470243
U4246@DOM1,57,1.0,0.0,5,1.0,1.0,-0.15312262384470243
U1339@DOM1,57,1.0,0.0,5,1.0,1.0,-0.15312262384470243
U4981@DOM1,57,1.0,0.0,5,1.0,1.0,-0.15312262384470243
U4074@DOM1,57,1.0,0.0,5,1.0,1.0,-0.15312262384470243
U9338@DOM1,58,1.0,0.0,5,1.0,1.0,-0.15312262384470243
U4734@DOM1,58,1.0,0.0,5,1.0,1.0,-0.15312262384470243
U5954@DOM1,57,1.0,0.0,5,1.0,1.0,-0.15312262384470243
U9175@DOM1,57,1.0,0.0,5,1.0,1.0,-0.15312262384470243
U4415@DOM1,57,1.0,0.0,5,1.0,1.0,-0.15312262384470243
U3330@DOM1,57,1.0,0.0,5,1.0,1.0,-0.15312262384470243
U9851@DOM1,57,1.0,0.0,5,1.0,1.0,-0.15312262384470243
U5388@DOM1,57,1.0,0.0,5,1.0,1.0,-0.15312262384470243
U5256@DOM1,57,1.0,0.0,5,1.0,1.0,-0.15312262384470243
U6062@DOM1,58,1.0,0.0,5,1.0,1.0,-0.15312262384470243
U951@DOM1,57,1.0,0.0,5,1.0,1.0,-0.15312262384470243
U6973@DOM1,57,1.0,0.0,5,1.0,1.0,-0.15312262384470243
U2909@DOM1,57,1.0,0.0,5,1.0,1.0,-0.15312262384470243
U9355@DOM1,58,1.0,0.0,5,1.0,1.0,-0.15312262384470243
U2177@DOM1,57,1.0,0.0,5,1.0,1.0,-0.15312262384470243
U8750@DOM1,57,1.0,0.0,5,1.0,1.0,-0.15312262384470243
U4791@DOM1,57,1.0,0.0,5,1.0,1.0,-0.15312262384470243
U9592@DOM1,57,1.0,0.0,5,1.0,1.0,-0.15312262384470243
C1308$@DOM1,58,1.0,0.0,5,1.0,1.0,-0.15312262384470243
U2779@DOM1,57,1.0,0.0,5,1.0,1.0,-0.15312262384470243
U9324@DOM1,58,1.0,0.0,5,1.0,1.0,-0.15312262384470243
U1374@DOM1,58,1.0,0.0,5,1.0,1.0,-0.15312262384470243
U9549@DOM1,58,1.0,0.0,5,1.0,1.0,-0.15312262384470243
U804@DOM1,57,1.0,0.0,5,1.0,1.0,-0.15312262384470243
U8165@DOM1,57,1.0,0.0,5,1.0,1.0,-0.15312262384470243
U641@DOM1,58,1.0,0.0,5,1.0,1.0,-0.15312262384470243
U4989@DOM1,58,1.0,0.0,5,1.0,1.0,-0.15312262384470243
U7300@DOM1,57,1.0,0.0,5,1.0,1.0,-0.15312262384470243
C1563$@DOM1,182,1.0,0.0,8,1.0,1.0,-0.15312370250583734
C19021$@DOM1,182,1.0,0.0,8,1.0,1.0,-0.15312370250583734
C6811$@DOM1,182,1.0,0.0,8,1.0,1.0,-0.15312370250583734
C15502$@DOM1,181,1.0,0.0,8,1.0,1.0,-0.15318965901793286
C2593$@DOM1,181,1.0,0.0,8,1.0,1.0,-0.15318965901793286
U5758@DOM1,44,1.0,0.0,6,1.0,1.0,-0.1532143817963892
U2530@DOM1,44,1.0,0.0,6,1.0,1.0,-0.1532143817963892
U2528@DOM1,44,1.0,0.0,6,1.0,1.0,-0.1532143817963892
U2293@DOM1,44,1.0,0.0,6,1.0,1.0,-0.1532143817963892
U2157@DOM1,44,1.0,0.0,6,1.0,1.0,-0.1532143817963892
U7422@DOM1,44,1.0,0.0,6,1.0,1.0,-0.1532143817963892
U5269@DOM1,44,1.0,0.0,6,1.0,1.0,-0.1532143817963892
U3835@DOM1,44,1.0,0.0,6,1.0,1.0,-0.1532143817963892
U3235@DOM1,44,1.0,0.0,6,1.0,1.0,-0.1532143817963892
U9320@DOM1,49,1.0,0.0,7,1.0,1.0,-0.15322570876212838
U3220@DOM1,49,1.0,0.0,7,1.0,1.0,-0.15322570876212838
U8929@DOM1,49,1.0,0.0,7,1.0,1.0,-0.15322570876212838
U6997@DOM1,49,1.0,0.0,7,1.0,1.0,-0.15322570876212838
U9122@DOM1,49,1.0,0.0,7,1.0,1.0,-0.15322570876212838
U4015@DOM1,49,1.0,0.0,7,1.0,1.0,-0.15322570876212838
U6171@DOM1,49,1.0,0.0,7,1.0,1.0,-0.15322570876212838
U813@DOM1,49,1.0,0.0,7,1.0,1.0,-0.15322570876212838
C6447$@DOM1,179,1.0,0.0,8,1.0,1.0,-0.15323366158299762
C20166$@DOM1,179,1.0,0.0,8,1.0,1.0,-0.15323366158299762
C3963$@DOM1,170,1.0,0.0,5,1.0,1.0,-0.15334624068935043
C4468$@DOM1,170,1.0,0.0,5,1.0,1.0,-0.15334624068935043
C2859$@DOM1,170,1.0,0.0,5,1.0,1.0,-0.15334624068935043
C7383$@DOM1,170,1.0,0.0,5,1.0,1.0,-0.15334624068935043
C7840$@DOM1,170,1.0,0.0,5,1.0,1.0,-0.15334624068935043
U1118@DOM1,50,1.0,0.0,7,1.0,1.0,-0.1533509853205307
U4221@DOM1,50,1.0,0.0,7,1.0,1.0,-0.1533509853205307
U9448@DOM1,50,1.0,0.0,7,1.0,1.0,-0.1533509853205307
U8673@DOM1,50,1.0,0.0,7,1.0,1.0,-0.1533509853205307
C20438$@DOM1,50,1.0,0.0,7,1.0,1.0,-0.1533509853205307
U5807@DOM1,50,1.0,0.0,7,1.0,1.0,-0.1533509853205307
U634@DOM1,50,1.0,0.0,7,1.0,1.0,-0.1533509853205307
U1933@DOM1,50,1.0,0.0,7,1.0,1.0,-0.1533509853205307
U9399@DOM1,50,1.0,0.0,7,1.0,1.0,-0.1533509853205307
U6762@DOM1,50,1.0,0.0,7,1.0,1.0,-0.1533509853205307
U9083@DOM1,50,1.0,0.0,7,1.0,1.0,-0.1533509853205307
U7737@DOM1,50,1.0,0.0,7,1.0,1.0,-0.1533509853205307
C421$@DOM1,175,1.0,0.0,8,1.0,1.0,-0.15336921063666287
C1994$@DOM1,175,1.0,0.0,8,1.0,1.0,-0.15336921063666287
C7339$@DOM1,175,1.0,0.0,8,1.0,1.0,-0.15336921063666287
C2237$@DOM1,175,1.0,0.0,8,1.0,1.0,-0.15336921063666287
C14$@DOM1,175,1.0,0.0,8,1.0,1.0,-0.15336921063666287
C1163$@DOM1,180,1.0,0.0,8,1.0,1.0,-0.1534196867109024
C2373$@DOM1,197,1.0,0.0,7,1.0,1.0,-0.1534554630159119
C13444$@DOM1,197,1.0,0.0,7,1.0,1.0,-0.1534554630159119
C1592$@DOM1,197,1.0,0.0,7,1.0,1.0,-0.1534554630159119
U831@DOM1,198,1.0,0.0,7,1.0,1.0,-0.1534554630159119
C8692$@DOM1,197,1.0,0.0,6,1.0,1.0,-0.15346612348896987
C6979$@DOM1,197,1.0,0.0,6,1.0,1.0,-0.15346612348896987
C21598$@DOM1,197,1.0,0.0,6,1.0,1.0,-0.15346612348896987
U7134@DOM1,197,1.0,0.0,6,1.0,1.0,-0.15346612348896987
C1454$@DOM1,198,1.0,0.0,6,1.0,1.0,-0.15346612348896987
U3872@DOM1,59,1.0,0.0,5,1.0,1.0,-0.1534969812061996
U9785@DOM1,59,1.0,0.0,5,1.0,1.0,-0.1534969812061996
U3312@DOM1,59,1.0,0.0,5,1.0,1.0,-0.1534969812061996
U3409@DOM1,59,1.0,0.0,5,1.0,1.0,-0.1534969812061996
U9886@DOM1,59,1.0,0.0,5,1.0,1.0,-0.1534969812061996
U1071@DOM1,59,1.0,0.0,5,1.0,1.0,-0.1534969812061996
U3915@DOM1,59,1.0,0.0,5,1.0,1.0,-0.1534969812061996
U1363@DOM1,59,1.0,0.0,5,1.0,1.0,-0.1534969812061996
U2240@DOM1,59,1.0,0.0,5,1.0,1.0,-0.1534969812061996
U4139@DOM1,59,1.0,0.0,5,1.0,1.0,-0.1534969812061996
U605@DOM1,59,1.0,0.0,5,1.0,1.0,-0.1534969812061996
U3723@DOM1,59,1.0,0.0,5,1.0,1.0,-0.1534969812061996
U6109@DOM1,59,1.0,0.0,5,1.0,1.0,-0.1534969812061996
U2146@DOM1,59,1.0,0.0,5,1.0,1.0,-0.1534969812061996
U2304@DOM1,59,1.0,0.0,5,1.0,1.0,-0.1534969812061996
U3299@DOM1,59,1.0,0.0,5,1.0,1.0,-0.1534969812061996
U10140@DOM1,59,1.0,0.0,5,1.0,1.0,-0.1534969812061996
U3049@DOM1,59,1.0,0.0,5,1.0,1.0,-0.1534969812061996
U7043@DOM1,59,1.0,0.0,5,1.0,1.0,-0.1534969812061996
C699$@DOM1,174,1.0,0.0,8,1.0,1.0,-0.1535898925263578
C723$@DOM1,174,1.0,0.0,8,1.0,1.0,-0.1535898925263578
U6371@DOM1,174,1.0,0.0,8,1.0,1.0,-0.1535898925263578
U1105@DOM1,61,1.0,0.0,5,1.0,1.0,-0.15374704305940784
U910@DOM1,62,1.0,0.0,5,1.0,1.0,-0.15374704305940784
U3840@DOM1,61,1.0,0.0,5,1.0,1.0,-0.15374704305940784
U1173@DOM1,62,1.0,0.0,5,1.0,1.0,-0.15374704305940784
U964@DOM1,61,1.0,0.0,5,1.0,1.0,-0.15374704305940784
U8787@DOM1,62,1.0,0.0,5,1.0,1.0,-0.15374704305940784
U943@DOM1,62,1.0,0.0,5,1.0,1.0,-0.15374704305940784
U9753@DOM1,61,1.0,0.0,5,1.0,1.0,-0.15374704305940784
U2217@DOM1,62,1.0,0.0,5,1.0,1.0,-0.15374704305940784
U8990@DOM1,61,1.0,0.0,5,1.0,1.0,-0.15374704305940784
U5117@DOM1,61,1.0,0.0,5,1.0,1.0,-0.15374704305940784
U4050@DOM1,61,1.0,0.0,5,1.0,1.0,-0.15374704305940784
U8367@DOM1,61,1.0,0.0,5,1.0,1.0,-0.15374704305940784
U2224@DOM1,62,1.0,0.0,5,1.0,1.0,-0.15374704305940784
U2137@DOM1,61,1.0,0.0,5,1.0,1.0,-0.15374704305940784
U1394@DOM1,61,1.0,0.0,5,1.0,1.0,-0.15374704305940784
U1396@DOM1,61,1.0,0.0,5,1.0,1.0,-0.15374704305940784
U9203@DOM1,62,1.0,0.0,5,1.0,1.0,-0.15374704305940784
U2848@DOM1,61,1.0,0.0,5,1.0,1.0,-0.15374704305940784
U9155@DOM1,61,1.0,0.0,5,1.0,1.0,-0.15374704305940784
U1297@DOM1,61,1.0,0.0,5,1.0,1.0,-0.15374704305940784
U8865@DOM1,62,1.0,0.0,5,1.0,1.0,-0.15374704305940784
U8636@DOM1,62,1.0,0.0,5,1.0,1.0,-0.15374704305940784
U4565@DOM1,61,1.0,0.0,5,1.0,1.0,-0.15374704305940784
U5687@DOM1,62,1.0,0.0,5,1.0,1.0,-0.15374704305940784
U5240@DOM1,62,1.0,0.0,5,1.0,1.0,-0.15374704305940784
U3151@DOM1,61,1.0,0.0,5,1.0,1.0,-0.15374704305940784
U6735@DOM1,62,1.0,0.0,5,1.0,1.0,-0.15374704305940784
U4302@DOM1,61,1.0,0.0,5,1.0,1.0,-0.15374704305940784
U9944@DOM1,60,1.0,0.0,5,1.0,1.0,-0.15375918929890003
U8382@DOM1,60,1.0,0.0,5,1.0,1.0,-0.15375918929890003
U1012@DOM1,60,1.0,0.0,5,1.0,1.0,-0.15375918929890003
U1984@DOM1,60,1.0,0.0,5,1.0,1.0,-0.15375918929890003
U2708@DOM1,60,1.0,0.0,5,1.0,1.0,-0.15375918929890003
U4952@DOM1,60,1.0,0.0,5,1.0,1.0,-0.15375918929890003
U5717@DOM1,60,1.0,0.0,5,1.0,1.0,-0.15375918929890003
U564@DOM1,60,1.0,0.0,5,1.0,1.0,-0.15375918929890003
U7063@DOM1,60,1.0,0.0,5,1.0,1.0,-0.15375918929890003
U1120@DOM1,60,1.0,0.0,5,1.0,1.0,-0.15375918929890003
U9503@DOM1,60,1.0,0.0,5,1.0,1.0,-0.15375918929890003
U5567@DOM1,60,1.0,0.0,5,1.0,1.0,-0.15375918929890003
U5552@DOM1,60,1.0,0.0,5,1.0,1.0,-0.15375918929890003
U4692@DOM1,60,1.0,0.0,5,1.0,1.0,-0.15375918929890003
C8546$@DOM1,89,1.0,0.0,5,1.0,1.0,-0.15382566626875344
C2920$@DOM1,89,1.0,0.0,5,1.0,1.0,-0.15382566626875344
U897@DOM1,93,1.0,0.0,5,1.0,1.0,-0.15398354384972324
U5870@DOM1,84,1.0,0.0,5,1.0,1.0,-0.15399618435771228
C17477$@DOM1,84,1.0,0.0,5,1.0,1.0,-0.15399618435771228
U1890@DOM1,84,1.0,0.0,5,1.0,1.0,-0.15399618435771228
C19690$@DOM1,84,1.0,0.0,5,1.0,1.0,-0.15399618435771228
U429@DOM1,84,1.0,0.0,5,1.0,1.0,-0.15399618435771228
C9997$@DOM1,84,1.0,0.0,5,1.0,1.0,-0.15399618435771228
U9414@DOM1,45,1.0,0.0,6,1.0,1.0,-0.15407890966782617
U551@DOM1,45,1.0,0.0,6,1.0,1.0,-0.15407890966782617
U2978@DOM1,45,1.0,0.0,6,1.0,1.0,-0.15407890966782617
U8915@DOM1,45,1.0,0.0,6,1.0,1.0,-0.15407890966782617
U2607@DOM1,45,1.0,0.0,6,1.0,1.0,-0.15407890966782617
U5702@DOM1,45,1.0,0.0,6,1.0,1.0,-0.15407890966782617
U1091@DOM1,45,1.0,0.0,6,1.0,1.0,-0.15407890966782617
U1261@DOM1,45,1.0,0.0,6,1.0,1.0,-0.15407890966782617
C21637$@DOM1,169,1.0,0.0,5,1.0,1.0,-0.15407953200308033
C12183$@DOM1,169,1.0,0.0,5,1.0,1.0,-0.15407953200308033
C1854$@DOM1,169,1.0,0.0,5,1.0,1.0,-0.15407953200308033
C2207$@DOM1,169,1.0,0.0,5,1.0,1.0,-0.15407953200308033
C20833$@DOM1,169,1.0,0.0,5,1.0,1.0,-0.15407953200308033
C5614$@DOM1,172,1.0,0.0,8,1.0,1.0,-0.15408904031416976
C17864$@DOM1,173,1.0,0.0,8,1.0,1.0,-0.15408904031416976
U5925@DOM1,173,1.0,0.0,8,1.0,1.0,-0.15408904031416976
C21873$@DOM1,172,1.0,0.0,8,1.0,1.0,-0.15408904031416976
C12894$@DOM1,173,1.0,0.0,8,1.0,1.0,-0.15408904031416976
C1899$@DOM1,173,1.0,0.0,8,1.0,1.0,-0.15408904031416976
C98$@DOM1,173,1.0,0.0,8,1.0,1.0,-0.15408904031416976
C2150$@DOM1,173,1.0,0.0,8,1.0,1.0,-0.15408904031416976
C16873$@DOM1,172,1.0,0.0,8,1.0,1.0,-0.15408904031416976
C18032$@DOM1,173,1.0,0.0,8,1.0,1.0,-0.15408904031416976
C375$@DOM1,173,1.0,0.0,8,1.0,1.0,-0.15408904031416976
U1239@DOM1,51,1.0,0.0,7,1.0,1.0,-0.1541303705461562
U1026@DOM1,51,1.0,0.0,7,1.0,1.0,-0.1541303705461562
U1907@DOM1,51,1.0,0.0,7,1.0,1.0,-0.1541303705461562
U3192@DOM1,51,1.0,0.0,7,1.0,1.0,-0.1541303705461562
U2179@DOM1,51,1.0,0.0,7,1.0,1.0,-0.1541303705461562
U8855@DOM1,51,1.0,0.0,7,1.0,1.0,-0.1541303705461562
U2538@DOM1,51,1.0,0.0,7,1.0,1.0,-0.1541303705461562
U949@DOM1,51,1.0,0.0,7,1.0,1.0,-0.1541303705461562
U3890@DOM1,51,1.0,0.0,7,1.0,1.0,-0.1541303705461562
U779@DOM1,51,1.0,0.0,7,1.0,1.0,-0.1541303705461562
U6509@DOM1,51,1.0,0.0,7,1.0,1.0,-0.1541303705461562
U1168@DOM1,63,1.0,0.0,5,1.0,1.0,-0.15413416728067497
U6628@DOM1,63,1.0,0.0,5,1.0,1.0,-0.15413416728067497
U1189@DOM1,63,1.0,0.0,5,1.0,1.0,-0.15413416728067497
U6461@DOM1,63,1.0,0.0,5,1.0,1.0,-0.15413416728067497
U37@DOM1,63,1.0,0.0,5,1.0,1.0,-0.15413416728067497
U6993@DOM1,63,1.0,0.0,5,1.0,1.0,-0.15413416728067497
U8570@DOM1,63,1.0,0.0,5,1.0,1.0,-0.15413416728067497
C628$@DOM1,63,1.0,0.0,5,1.0,1.0,-0.15413416728067497
U6871@DOM1,63,1.0,0.0,5,1.0,1.0,-0.15413416728067497
U2832@DOM1,63,1.0,0.0,5,1.0,1.0,-0.15413416728067497
U6270@DOM1,63,1.0,0.0,5,1.0,1.0,-0.15413416728067497
C15644$@DOM1,63,1.0,0.0,5,1.0,1.0,-0.15413416728067497
C16204$@DOM1,196,1.0,0.0,6,1.0,1.0,-0.15418284307669466
C20210$@DOM1,196,1.0,0.0,6,1.0,1.0,-0.15418284307669466
U1237@DOM1,64,1.0,0.0,5,1.0,1.0,-0.1541857124146051
U5427@DOM1,64,1.0,0.0,5,1.0,1.0,-0.1541857124146051
U6501@DOM1,64,1.0,0.0,5,1.0,1.0,-0.1541857124146051
U3343@DOM1,64,1.0,0.0,5,1.0,1.0,-0.1541857124146051
U9140@DOM1,64,1.0,0.0,5,1.0,1.0,-0.1541857124146051
U1035@DOM1,64,1.0,0.0,5,1.0,1.0,-0.1541857124146051
U3465@DOM1,64,1.0,0.0,5,1.0,1.0,-0.1541857124146051
U6446@DOM1,64,1.0,0.0,5,1.0,1.0,-0.1541857124146051
U3925@DOM1,64,1.0,0.0,5,1.0,1.0,-0.1541857124146051
U7804@DOM1,64,1.0,0.0,5,1.0,1.0,-0.1541857124146051
U452@DOM1,64,1.0,0.0,5,1.0,1.0,-0.1541857124146051
U5686@DOM1,64,1.0,0.0,5,1.0,1.0,-0.1541857124146051
U6776@DOM1,64,1.0,0.0,5,1.0,1.0,-0.1541857124146051
U1734@DOM1,64,1.0,0.0,5,1.0,1.0,-0.1541857124146051
U9274@DOM1,64,1.0,0.0,5,1.0,1.0,-0.1541857124146051
U7795@DOM1,64,1.0,0.0,5,1.0,1.0,-0.1541857124146051
U6520@DOM1,64,1.0,0.0,5,1.0,1.0,-0.1541857124146051
U3053@DOM1,52,1.0,0.0,7,1.0,1.0,-0.15418886826319422
U9109@DOM1,52,1.0,0.0,7,1.0,1.0,-0.15418886826319422
U2076@DOM1,52,1.0,0.0,7,1.0,1.0,-0.15418886826319422
U6855@DOM1,52,1.0,0.0,7,1.0,1.0,-0.15418886826319422
U1288@DOM1,52,1.0,0.0,7,1.0,1.0,-0.15418886826319422
U4965@DOM1,52,1.0,0.0,7,1.0,1.0,-0.15418886826319422
U3205@DOM1,52,1.0,0.0,7,1.0,1.0,-0.15418886826319422
U8867@DOM1,52,1.0,0.0,7,1.0,1.0,-0.15418886826319422
U6968@DOM1,52,1.0,0.0,7,1.0,1.0,-0.15418886826319422
U1349@DOM1,52,1.0,0.0,7,1.0,1.0,-0.15418886826319422
U489@DOM1,52,1.0,0.0,7,1.0,1.0,-0.15418886826319422
U8898@DOM1,52,1.0,0.0,7,1.0,1.0,-0.15418886826319422
U5349@DOM1,52,1.0,0.0,7,1.0,1.0,-0.15418886826319422
U5965@DOM1,52,1.0,0.0,7,1.0,1.0,-0.15418886826319422
U4919@DOM1,52,1.0,0.0,7,1.0,1.0,-0.15418886826319422
U6036@DOM1,52,1.0,0.0,7,1.0,1.0,-0.15418886826319422
U4293@DOM1,91,1.0,0.0,5,1.0,1.0,-0.1541997664962893
C2155$@DOM1,91,1.0,0.0,5,1.0,1.0,-0.1541997664962893
U1932@DOM1,91,1.0,0.0,5,1.0,1.0,-0.1541997664962893
C4313$@DOM1,91,1.0,0.0,5,1.0,1.0,-0.1541997664962893
C6071$@DOM1,196,1.0,0.0,7,1.0,1.0,-0.15421295288142028
C1653$@DOM1,196,1.0,0.0,7,1.0,1.0,-0.15421295288142028
C5204$@DOM1,196,1.0,0.0,7,1.0,1.0,-0.15421295288142028
C15210$@DOM1,83,1.0,0.0,5,1.0,1.0,-0.15424616488149434
U9685@DOM1,83,1.0,0.0,5,1.0,1.0,-0.15424616488149434
U9058@DOM1,83,1.0,0.0,5,1.0,1.0,-0.15424616488149434
U9614@DOM1,83,1.0,0.0,5,1.0,1.0,-0.15424616488149434
U6359@DOM1,83,1.0,0.0,5,1.0,1.0,-0.15424616488149434
C271$@DOM1,90,1.0,0.0,5,1.0,1.0,-0.15425076007905153
U4076@DOM1,90,1.0,0.0,5,1.0,1.0,-0.15425076007905153
C13888$@DOM1,90,1.0,0.0,5,1.0,1.0,-0.15425076007905153
U9427@DOM1,90,1.0,0.0,5,1.0,1.0,-0.15425076007905153
C2271$@DOM1,90,1.0,0.0,5,1.0,1.0,-0.15425076007905153
U5709@DOM1,92,1.0,0.0,5,1.0,1.0,-0.15425825247623248
C6988$@DOM1,92,1.0,0.0,5,1.0,1.0,-0.15425825247623248
C5161$@DOM1,92,1.0,0.0,5,1.0,1.0,-0.15425825247623248
C10516$@DOM1,92,1.0,0.0,5,1.0,1.0,-0.15425825247623248
U8573@DOM1,92,1.0,0.0,5,1.0,1.0,-0.15425825247623248
C17817$@DOM1,92,1.0,0.0,5,1.0,1.0,-0.15425825247623248
U1311@DOM1,64,1.0,0.0,8,1.0,1.0,-0.15430261809439744
U7453@DOM1,64,1.0,0.0,8,1.0,1.0,-0.15430261809439744
U9127@DOM1,64,1.0,0.0,8,1.0,1.0,-0.15430261809439744
U7473@DOM1,64,1.0,0.0,8,1.0,1.0,-0.15430261809439744
U643@DOM1,64,1.0,0.0,8,1.0,1.0,-0.15430261809439744
U2916@DOM1,64,1.0,0.0,8,1.0,1.0,-0.15430261809439744
U7001@DOM1,64,1.0,0.0,8,1.0,1.0,-0.15430261809439744
U3249@DOM1,64,1.0,0.0,8,1.0,1.0,-0.15430261809439744
U1029@DOM1,64,1.0,0.0,8,1.0,1.0,-0.15430261809439744
U5393@DOM1,64,1.0,0.0,8,1.0,1.0,-0.15430261809439744
U9074@DOM1,64,1.0,0.0,8,1.0,1.0,-0.15430261809439744
U3943@DOM1,64,1.0,0.0,8,1.0,1.0,-0.15430261809439744
U3211@DOM1,64,1.0,0.0,8,1.0,1.0,-0.15430261809439744
C427$@DOM1,95,1.0,0.0,5,1.0,1.0,-0.15436591393715782
U5475@DOM1,95,1.0,0.0,5,1.0,1.0,-0.15436591393715782
C13446$@DOM1,95,1.0,0.0,5,1.0,1.0,-0.15436591393715782
U5034@DOM1,65,1.0,0.0,5,1.0,1.0,-0.15437177242026046
U1136@DOM1,65,1.0,0.0,5,1.0,1.0,-0.15437177242026046
U5920@DOM1,65,1.0,0.0,5,1.0,1.0,-0.15437177242026046
U2476@DOM1,65,1.0,0.0,5,1.0,1.0,-0.15437177242026046
U9438@DOM1,65,1.0,0.0,5,1.0,1.0,-0.15437177242026046
U2468@DOM1,65,1.0,0.0,5,1.0,1.0,-0.15437177242026046
U8440@DOM1,65,1.0,0.0,5,1.0,1.0,-0.15437177242026046
U5948@DOM1,65,1.0,0.0,5,1.0,1.0,-0.15437177242026046
U5917@DOM1,65,1.0,0.0,5,1.0,1.0,-0.15437177242026046
U8674@DOM1,65,1.0,0.0,5,1.0,1.0,-0.15437177242026046
U962@DOM1,65,1.0,0.0,5,1.0,1.0,-0.15437177242026046
U2084@DOM1,65,1.0,0.0,5,1.0,1.0,-0.15437177242026046
C11380$@DOM1,86,1.0,0.0,5,1.0,1.0,-0.1544021081186152
U6102@DOM1,85,1.0,0.0,5,1.0,1.0,-0.1544021081186152
C4958$@DOM1,85,1.0,0.0,5,1.0,1.0,-0.1544021081186152
U5189@DOM1,85,1.0,0.0,5,1.0,1.0,-0.1544021081186152
C3999$@DOM1,86,1.0,0.0,5,1.0,1.0,-0.1544021081186152
C3974$@DOM1,85,1.0,0.0,5,1.0,1.0,-0.1544021081186152
U518@DOM1,86,1.0,0.0,5,1.0,1.0,-0.1544021081186152
U8729@DOM1,86,1.0,0.0,5,1.0,1.0,-0.1544021081186152
C11553$@DOM1,86,1.0,0.0,5,1.0,1.0,-0.1544021081186152
U2774@DOM1,85,1.0,0.0,5,1.0,1.0,-0.1544021081186152
U3659@DOM1,86,1.0,0.0,5,1.0,1.0,-0.1544021081186152
U7015@DOM1,86,1.0,0.0,5,1.0,1.0,-0.1544021081186152
C4695$@DOM1,86,1.0,0.0,5,1.0,1.0,-0.1544021081186152
U4294@DOM1,85,1.0,0.0,5,1.0,1.0,-0.1544021081186152
C3698$@DOM1,96,1.0,0.0,5,1.0,1.0,-0.15443649429562056
U1889@DOM1,96,1.0,0.0,5,1.0,1.0,-0.15443649429562056
C20305$@DOM1,96,1.0,0.0,5,1.0,1.0,-0.15443649429562056
C15978$@DOM1,96,1.0,0.0,5,1.0,1.0,-0.15443649429562056
C1671$@DOM1,96,1.0,0.0,5,1.0,1.0,-0.15443649429562056
C2866$@DOM1,96,1.0,0.0,5,1.0,1.0,-0.15443649429562056
U7672@DOM1,88,1.0,0.0,5,1.0,1.0,-0.1544512070812945
C4946$@DOM1,88,1.0,0.0,5,1.0,1.0,-0.1544512070812945
C801$@DOM1,88,1.0,0.0,5,1.0,1.0,-0.1544512070812945
U8339@DOM1,88,1.0,0.0,5,1.0,1.0,-0.1544512070812945
C9079$@DOM1,88,1.0,0.0,5,1.0,1.0,-0.1544512070812945
C5341$@DOM1,94,1.0,0.0,5,1.0,1.0,-0.15447270484215492
C8223$@DOM1,94,1.0,0.0,5,1.0,1.0,-0.15447270484215492
C556$@DOM1,94,1.0,0.0,5,1.0,1.0,-0.15447270484215492
C13158$@DOM1,94,1.0,0.0,5,1.0,1.0,-0.15447270484215492
C10336$@DOM1,87,1.0,0.0,5,1.0,1.0,-0.15448830723225188
C18050$@DOM1,87,1.0,0.0,5,1.0,1.0,-0.15448830723225188
U7417@DOM1,84,1.0,0.0,8,1.0,1.0,-0.15448935865990954
U1076@DOM1,83,1.0,0.0,8,1.0,1.0,-0.15448935865990954
U4009@DOM1,84,1.0,0.0,8,1.0,1.0,-0.15448935865990954
U3525@DOM1,84,1.0,0.0,8,1.0,1.0,-0.15448935865990954
U323@DOM1,84,1.0,0.0,8,1.0,1.0,-0.15448935865990954
U2632@DOM1,83,1.0,0.0,8,1.0,1.0,-0.15448935865990954
U8062@DOM1,84,1.0,0.0,8,1.0,1.0,-0.15448935865990954
U1119@DOM1,83,1.0,0.0,8,1.0,1.0,-0.15448935865990954
U9373@DOM1,83,1.0,0.0,8,1.0,1.0,-0.15448935865990954
U3050@DOM1,84,1.0,0.0,8,1.0,1.0,-0.15448935865990954
U2152@DOM1,84,1.0,0.0,8,1.0,1.0,-0.15448935865990954
U3649@DOM1,84,1.0,0.0,8,1.0,1.0,-0.15448935865990954
U2560@DOM1,83,1.0,0.0,8,1.0,1.0,-0.15448935865990954
U1111@DOM1,84,1.0,0.0,8,1.0,1.0,-0.15448935865990954
U3665@DOM1,84,1.0,0.0,8,1.0,1.0,-0.15448935865990954
U172@DOM1,83,1.0,0.0,8,1.0,1.0,-0.15448935865990954
U4420@DOM1,84,1.0,0.0,8,1.0,1.0,-0.15448935865990954
U9553@DOM1,83,1.0,0.0,8,1.0,1.0,-0.15448935865990954
U8308@DOM1,84,1.0,0.0,8,1.0,1.0,-0.15448935865990954
U2090@DOM1,83,1.0,0.0,8,1.0,1.0,-0.15448935865990954
U6026@DOM1,83,1.0,0.0,8,1.0,1.0,-0.15448935865990954
U4370@DOM1,84,1.0,0.0,8,1.0,1.0,-0.15448935865990954
U5051@DOM1,84,1.0,0.0,8,1.0,1.0,-0.15448935865990954
U7594@DOM1,65,1.0,0.0,8,1.0,1.0,-0.15449710596979915
U1964@DOM1,65,1.0,0.0,8,1.0,1.0,-0.15449710596979915
U3739@DOM1,65,1.0,0.0,8,1.0,1.0,-0.15449710596979915
U4224@DOM1,65,1.0,0.0,8,1.0,1.0,-0.15449710596979915
U9223@DOM1,65,1.0,0.0,8,1.0,1.0,-0.15449710596979915
U1075@DOM1,65,1.0,0.0,8,1.0,1.0,-0.15449710596979915
U7757@DOM1,65,1.0,0.0,8,1.0,1.0,-0.15449710596979915
U7402@DOM1,65,1.0,0.0,8,1.0,1.0,-0.15449710596979915
U3035@DOM1,65,1.0,0.0,8,1.0,1.0,-0.15449710596979915
U9902@DOM1,65,1.0,0.0,8,1.0,1.0,-0.15449710596979915
U6390@DOM1,65,1.0,0.0,8,1.0,1.0,-0.15449710596979915
U1960@DOM1,65,1.0,0.0,8,1.0,1.0,-0.15449710596979915
U4802@DOM1,65,1.0,0.0,8,1.0,1.0,-0.15449710596979915
U1123@DOM1,91,1.0,0.0,8,1.0,1.0,-0.15456337035022955
U5983@DOM1,91,1.0,0.0,8,1.0,1.0,-0.15456337035022955
U4862@DOM1,91,1.0,0.0,8,1.0,1.0,-0.15456337035022955
U9364@DOM1,91,1.0,0.0,8,1.0,1.0,-0.15456337035022955
U4780@DOM1,91,1.0,0.0,8,1.0,1.0,-0.15456337035022955
U2929@DOM1,91,1.0,0.0,8,1.0,1.0,-0.15456337035022955
U6010@DOM1,91,1.0,0.0,8,1.0,1.0,-0.15456337035022955
U1274@DOM1,91,1.0,0.0,8,1.0,1.0,-0.15456337035022955
U2308@DOM1,91,1.0,0.0,8,1.0,1.0,-0.15456337035022955
U3244@DOM1,91,1.0,0.0,8,1.0,1.0,-0.15456337035022955
C10495$@DOM1,165,1.0,0.0,5,1.0,1.0,-0.15456653176417584
C17174$@DOM1,165,1.0,0.0,5,1.0,1.0,-0.15456653176417584
C4533$@DOM1,166,1.0,0.0,5,1.0,1.0,-0.15456653176417584
C11103$@DOM1,165,1.0,0.0,5,1.0,1.0,-0.15456653176417584
C6913$@DOM1,166,1.0,0.0,5,1.0,1.0,-0.15456653176417584
C6201$@DOM1,166,1.0,0.0,5,1.0,1.0,-0.15456653176417584
C1558$@DOM1,166,1.0,0.0,5,1.0,1.0,-0.15456653176417584
C108$@DOM1,166,1.0,0.0,5,1.0,1.0,-0.15456653176417584
C719$@DOM1,165,1.0,0.0,5,1.0,1.0,-0.15456653176417584
C19774$@DOM1,165,1.0,0.0,5,1.0,1.0,-0.15456653176417584
C4138$@DOM1,166,1.0,0.0,5,1.0,1.0,-0.15456653176417584
C19980$@DOM1,165,1.0,0.0,5,1.0,1.0,-0.15456653176417584
C5390$@DOM1,165,1.0,0.0,5,1.0,1.0,-0.15456653176417584
C3942$@DOM1,166,1.0,0.0,5,1.0,1.0,-0.15456653176417584
C6677$@DOM1,165,1.0,0.0,5,1.0,1.0,-0.15456653176417584
C19739$@DOM1,166,1.0,0.0,5,1.0,1.0,-0.15456653176417584
C8726$@DOM1,166,1.0,0.0,5,1.0,1.0,-0.15456653176417584
U4259@DOM1,93,1.0,0.0,8,1.0,1.0,-0.15456842164007872
U7097@DOM1,93,1.0,0.0,8,1.0,1.0,-0.15456842164007872
U7802@DOM1,93,1.0,0.0,8,1.0,1.0,-0.15456842164007872
U3802@DOM1,93,1.0,0.0,8,1.0,1.0,-0.15456842164007872
U5574@DOM1,93,1.0,0.0,8,1.0,1.0,-0.15456842164007872
U5756@DOM1,93,1.0,0.0,8,1.0,1.0,-0.15456842164007872
U1888@DOM1,93,1.0,0.0,8,1.0,1.0,-0.15456842164007872
U5955@DOM1,93,1.0,0.0,8,1.0,1.0,-0.15456842164007872
U6143@DOM1,93,1.0,0.0,8,1.0,1.0,-0.15456842164007872
U8864@DOM1,93,1.0,0.0,8,1.0,1.0,-0.15456842164007872
U8601@DOM1,93,1.0,0.0,8,1.0,1.0,-0.15456842164007872
U995@DOM1,93,1.0,0.0,8,1.0,1.0,-0.15456842164007872
U359@DOM1,93,1.0,0.0,8,1.0,1.0,-0.15456842164007872
U9040@DOM1,66,1.0,0.0,5,1.0,1.0,-0.15459129433662122
U2291@DOM1,66,1.0,0.0,5,1.0,1.0,-0.15459129433662122
U4655@DOM1,66,1.0,0.0,5,1.0,1.0,-0.15459129433662122
U3122@DOM1,66,1.0,0.0,5,1.0,1.0,-0.15459129433662122
U4495@DOM1,66,1.0,0.0,5,1.0,1.0,-0.15459129433662122
U4023@DOM1,66,1.0,0.0,5,1.0,1.0,-0.15459129433662122
U10015@DOM1,66,1.0,0.0,5,1.0,1.0,-0.15459129433662122
U1214@DOM1,66,1.0,0.0,5,1.0,1.0,-0.15459129433662122
U2732@DOM1,66,1.0,0.0,5,1.0,1.0,-0.15459129433662122
U2523@DOM1,66,1.0,0.0,5,1.0,1.0,-0.15459129433662122
U2218@DOM1,66,1.0,0.0,5,1.0,1.0,-0.15459129433662122
U1427@DOM1,66,1.0,0.0,5,1.0,1.0,-0.15459129433662122
U7108@DOM1,66,1.0,0.0,5,1.0,1.0,-0.15459129433662122
U6551@DOM1,66,1.0,0.0,5,1.0,1.0,-0.15459129433662122
U6128@DOM1,66,1.0,0.0,5,1.0,1.0,-0.15459129433662122
C2236$@DOM1,168,1.0,0.0,5,1.0,1.0,-0.1545916547865539
C21659$@DOM1,168,1.0,0.0,5,1.0,1.0,-0.1545916547865539
C16633$@DOM1,168,1.0,0.0,5,1.0,1.0,-0.1545916547865539
C12677$@DOM1,168,1.0,0.0,5,1.0,1.0,-0.1545916547865539
C15166$@DOM1,168,1.0,0.0,5,1.0,1.0,-0.1545916547865539
C20297$@DOM1,168,1.0,0.0,5,1.0,1.0,-0.1545916547865539
C4400$@DOM1,168,1.0,0.0,5,1.0,1.0,-0.1545916547865539
U285@DOM1,85,1.0,0.0,8,1.0,1.0,-0.1546543034474533
U6944@DOM1,85,1.0,0.0,8,1.0,1.0,-0.1546543034474533
U9019@DOM1,85,1.0,0.0,8,1.0,1.0,-0.1546543034474533
U938@DOM1,85,1.0,0.0,8,1.0,1.0,-0.1546543034474533
U6809@DOM1,85,1.0,0.0,8,1.0,1.0,-0.1546543034474533
U3032@DOM1,85,1.0,0.0,8,1.0,1.0,-0.1546543034474533
U3031@DOM1,85,1.0,0.0,8,1.0,1.0,-0.1546543034474533
U4287@DOM1,85,1.0,0.0,8,1.0,1.0,-0.1546543034474533
U9256@DOM1,85,1.0,0.0,8,1.0,1.0,-0.1546543034474533
U6715@DOM1,85,1.0,0.0,8,1.0,1.0,-0.1546543034474533
U2551@DOM1,85,1.0,0.0,8,1.0,1.0,-0.1546543034474533
U8956@DOM1,85,1.0,0.0,8,1.0,1.0,-0.1546543034474533
U6219@DOM1,85,1.0,0.0,8,1.0,1.0,-0.1546543034474533
U8884@DOM1,85,1.0,0.0,8,1.0,1.0,-0.1546543034474533
U3612@DOM1,85,1.0,0.0,8,1.0,1.0,-0.1546543034474533
U6159@DOM1,85,1.0,0.0,8,1.0,1.0,-0.1546543034474533
U703@DOM1,85,1.0,0.0,8,1.0,1.0,-0.1546543034474533
U335@DOM1,85,1.0,0.0,8,1.0,1.0,-0.1546543034474533
U5245@DOM1,85,1.0,0.0,8,1.0,1.0,-0.1546543034474533
U2778@DOM1,85,1.0,0.0,8,1.0,1.0,-0.1546543034474533
U3763@DOM1,85,1.0,0.0,8,1.0,1.0,-0.1546543034474533
U1042@DOM1,85,1.0,0.0,8,1.0,1.0,-0.1546543034474533
U6113@DOM1,85,1.0,0.0,8,1.0,1.0,-0.1546543034474533
U4356@DOM1,85,1.0,0.0,8,1.0,1.0,-0.1546543034474533
U6912@DOM1,67,1.0,0.0,5,1.0,1.0,-0.15466881638550994
U1785@DOM1,67,1.0,0.0,5,1.0,1.0,-0.15466881638550994
C16888$@DOM1,67,1.0,0.0,5,1.0,1.0,-0.15466881638550994
U4866@DOM1,67,1.0,0.0,5,1.0,1.0,-0.15466881638550994
U3545@DOM1,67,1.0,0.0,5,1.0,1.0,-0.15466881638550994
U2537@DOM1,67,1.0,0.0,5,1.0,1.0,-0.15466881638550994
U7689@DOM1,67,1.0,0.0,5,1.0,1.0,-0.15466881638550994
U3847@DOM1,67,1.0,0.0,5,1.0,1.0,-0.15466881638550994
U5672@DOM1,67,1.0,0.0,5,1.0,1.0,-0.15466881638550994
U4207@DOM1,90,1.0,0.0,8,1.0,1.0,-0.15471096009266339
U3378@DOM1,90,1.0,0.0,8,1.0,1.0,-0.15471096009266339
U6185@DOM1,90,1.0,0.0,8,1.0,1.0,-0.15471096009266339
U4915@DOM1,90,1.0,0.0,8,1.0,1.0,-0.15471096009266339
U8789@DOM1,90,1.0,0.0,8,1.0,1.0,-0.15471096009266339
U6749@DOM1,90,1.0,0.0,8,1.0,1.0,-0.15471096009266339
U4986@DOM1,90,1.0,0.0,8,1.0,1.0,-0.15471096009266339
U3129@DOM1,90,1.0,0.0,8,1.0,1.0,-0.15471096009266339
U816@DOM1,90,1.0,0.0,8,1.0,1.0,-0.15471096009266339
U1343@DOM1,90,1.0,0.0,8,1.0,1.0,-0.15471096009266339
U6369@DOM1,90,1.0,0.0,8,1.0,1.0,-0.15471096009266339
U1883@DOM1,90,1.0,0.0,8,1.0,1.0,-0.15471096009266339
U5713@DOM1,90,1.0,0.0,8,1.0,1.0,-0.15471096009266339
U1448@DOM1,90,1.0,0.0,8,1.0,1.0,-0.15471096009266339
U2463@DOM1,90,1.0,0.0,8,1.0,1.0,-0.15471096009266339
C4973$@DOM1,164,1.0,0.0,5,1.0,1.0,-0.15471243938131513
C8806$@DOM1,164,1.0,0.0,5,1.0,1.0,-0.15471243938131513
C9353$@DOM1,164,1.0,0.0,5,1.0,1.0,-0.15471243938131513
C4757$@DOM1,164,1.0,0.0,5,1.0,1.0,-0.15471243938131513
C5246$@DOM1,164,1.0,0.0,5,1.0,1.0,-0.15471243938131513
C8619$@DOM1,164,1.0,0.0,5,1.0,1.0,-0.15471243938131513
C3678$@DOM1,164,1.0,0.0,5,1.0,1.0,-0.15471243938131513
C16945$@DOM1,164,1.0,0.0,5,1.0,1.0,-0.15471243938131513
C3660$@DOM1,77,1.0,0.0,5,1.0,1.0,-0.15471391158941855
U5974@DOM1,77,1.0,0.0,5,1.0,1.0,-0.15471391158941855
C5076$@DOM1,77,1.0,0.0,5,1.0,1.0,-0.15471391158941855
U8900@DOM1,89,1.0,0.0,8,1.0,1.0,-0.15472290079554635
U6207@DOM1,89,1.0,0.0,8,1.0,1.0,-0.15472290079554635
U4654@DOM1,89,1.0,0.0,8,1.0,1.0,-0.15472290079554635
U6294@DOM1,89,1.0,0.0,8,1.0,1.0,-0.15472290079554635
U2535@DOM1,89,1.0,0.0,8,1.0,1.0,-0.15472290079554635
U2012@DOM1,89,1.0,0.0,8,1.0,1.0,-0.15472290079554635
U4097@DOM1,89,1.0,0.0,8,1.0,1.0,-0.15472290079554635
U869@DOM1,89,1.0,0.0,8,1.0,1.0,-0.15472290079554635
U2348@DOM1,89,1.0,0.0,8,1.0,1.0,-0.15472290079554635
U9318@DOM1,80,1.0,0.0,5,1.0,1.0,-0.15472427659995347
U5573@DOM1,80,1.0,0.0,5,1.0,1.0,-0.15472427659995347
U3737@DOM1,78,1.0,0.0,5,1.0,1.0,-0.15472427659995347
U5057@DOM1,80,1.0,0.0,5,1.0,1.0,-0.15472427659995347
U386@DOM1,79,1.0,0.0,5,1.0,1.0,-0.15472427659995347
U5837@DOM1,78,1.0,0.0,5,1.0,1.0,-0.15472427659995347
U7152@DOM1,79,1.0,0.0,5,1.0,1.0,-0.15472427659995347
C4114$@DOM1,80,1.0,0.0,5,1.0,1.0,-0.15472427659995347
U737@DOM1,78,1.0,0.0,5,1.0,1.0,-0.15472427659995347
U1630@DOM1,78,1.0,0.0,5,1.0,1.0,-0.15472427659995347
U4928@DOM1,78,1.0,0.0,5,1.0,1.0,-0.15472427659995347
C14256$@DOM1,80,1.0,0.0,5,1.0,1.0,-0.15472427659995347
U1248@DOM1,80,1.0,0.0,5,1.0,1.0,-0.15472427659995347
U4710@DOM1,79,1.0,0.0,5,1.0,1.0,-0.15472427659995347
U9402@DOM1,78,1.0,0.0,5,1.0,1.0,-0.15472427659995347
U2122@DOM1,79,1.0,0.0,5,1.0,1.0,-0.15472427659995347
U5162@DOM1,79,1.0,0.0,5,1.0,1.0,-0.15472427659995347
U5228@DOM1,80,1.0,0.0,5,1.0,1.0,-0.15472427659995347
C3832$@DOM1,78,1.0,0.0,5,1.0,1.0,-0.15472427659995347
U6397@DOM1,79,1.0,0.0,5,1.0,1.0,-0.15472427659995347
U2917@DOM1,78,1.0,0.0,5,1.0,1.0,-0.15472427659995347
U5604@DOM1,78,1.0,0.0,5,1.0,1.0,-0.15472427659995347
C4657$@DOM1,78,1.0,0.0,5,1.0,1.0,-0.15472427659995347
C2517$@DOM1,167,1.0,0.0,5,1.0,1.0,-0.15472571909025784
C4988$@DOM1,167,1.0,0.0,5,1.0,1.0,-0.15472571909025784
C4453$@DOM1,167,1.0,0.0,5,1.0,1.0,-0.15472571909025784
C14809$@DOM1,167,1.0,0.0,5,1.0,1.0,-0.15472571909025784
C5445$@DOM1,167,1.0,0.0,5,1.0,1.0,-0.15472571909025784
U4657@DOM1,97,1.0,0.0,5,1.0,1.0,-0.15473751710703593
C5485$@DOM1,97,1.0,0.0,5,1.0,1.0,-0.15473751710703593
C17686$@DOM1,97,1.0,0.0,5,1.0,1.0,-0.15473751710703593
C12053$@DOM1,97,1.0,0.0,5,1.0,1.0,-0.15473751710703593
U7061@DOM1,82,1.0,0.0,5,1.0,1.0,-0.1547554113684239
C1785$@DOM1,82,1.0,0.0,5,1.0,1.0,-0.1547554113684239
U9441@DOM1,82,1.0,0.0,5,1.0,1.0,-0.1547554113684239
C15630$@DOM1,82,1.0,0.0,5,1.0,1.0,-0.1547554113684239
C3127$@DOM1,82,1.0,0.0,5,1.0,1.0,-0.1547554113684239
U7221@DOM1,82,1.0,0.0,5,1.0,1.0,-0.1547554113684239
U9852@DOM1,82,1.0,0.0,5,1.0,1.0,-0.1547554113684239
U811@DOM1,82,1.0,0.0,5,1.0,1.0,-0.1547554113684239
C3101$@DOM1,82,1.0,0.0,5,1.0,1.0,-0.1547554113684239
U5100@DOM1,66,1.0,0.0,8,1.0,1.0,-0.1547745221157511
U1134@DOM1,67,1.0,0.0,8,1.0,1.0,-0.1547745221157511
U3660@DOM1,66,1.0,0.0,8,1.0,1.0,-0.1547745221157511
U4436@DOM1,67,1.0,0.0,8,1.0,1.0,-0.1547745221157511
U3251@DOM1,66,1.0,0.0,8,1.0,1.0,-0.1547745221157511
U6395@DOM1,67,1.0,0.0,8,1.0,1.0,-0.1547745221157511
U1165@DOM1,67,1.0,0.0,8,1.0,1.0,-0.1547745221157511
U3787@DOM1,66,1.0,0.0,8,1.0,1.0,-0.1547745221157511
U1176@DOM1,67,1.0,0.0,8,1.0,1.0,-0.1547745221157511
U9878@DOM1,67,1.0,0.0,8,1.0,1.0,-0.1547745221157511
U792@DOM1,66,1.0,0.0,8,1.0,1.0,-0.1547745221157511
U3115@DOM1,66,1.0,0.0,8,1.0,1.0,-0.1547745221157511
U6138@DOM1,67,1.0,0.0,8,1.0,1.0,-0.1547745221157511
U282@DOM1,67,1.0,0.0,8,1.0,1.0,-0.1547745221157511
U9695@DOM1,67,1.0,0.0,8,1.0,1.0,-0.1547745221157511
U2897@DOM1,67,1.0,0.0,8,1.0,1.0,-0.1547745221157511
U725@DOM1,66,1.0,0.0,8,1.0,1.0,-0.1547745221157511
U5782@DOM1,66,1.0,0.0,8,1.0,1.0,-0.1547745221157511
U9142@DOM1,66,1.0,0.0,8,1.0,1.0,-0.1547745221157511
U2098@DOM1,67,1.0,0.0,8,1.0,1.0,-0.1547745221157511
U4164@DOM1,67,1.0,0.0,8,1.0,1.0,-0.1547745221157511
U3468@DOM1,66,1.0,0.0,8,1.0,1.0,-0.1547745221157511
U991@DOM1,67,1.0,0.0,8,1.0,1.0,-0.1547745221157511
U825@DOM1,67,1.0,0.0,8,1.0,1.0,-0.1547745221157511
U5542@DOM1,67,1.0,0.0,8,1.0,1.0,-0.1547745221157511
U1386@DOM1,67,1.0,0.0,8,1.0,1.0,-0.1547745221157511
U3634@DOM1,67,1.0,0.0,8,1.0,1.0,-0.1547745221157511
U4530@DOM1,67,1.0,0.0,8,1.0,1.0,-0.1547745221157511
U2552@DOM1,66,1.0,0.0,8,1.0,1.0,-0.1547745221157511
U4333@DOM1,66,1.0,0.0,8,1.0,1.0,-0.1547745221157511
U4265@DOM1,67,1.0,0.0,8,1.0,1.0,-0.1547745221157511
U4511@DOM1,67,1.0,0.0,8,1.0,1.0,-0.1547745221157511
U2117@DOM1,66,1.0,0.0,8,1.0,1.0,-0.1547745221157511
U3030@DOM1,67,1.0,0.0,8,1.0,1.0,-0.1547745221157511
U647@DOM1,67,1.0,0.0,8,1.0,1.0,-0.1547745221157511
U774@DOM1,66,1.0,0.0,8,1.0,1.0,-0.1547745221157511
C9768$@DOM1,171,1.0,0.0,8,1.0,1.0,-0.1547973015641716
U8353@DOM1,171,1.0,0.0,8,1.0,1.0,-0.1547973015641716
U541@DOM1,68,1.0,0.0,8,1.0,1.0,-0.15480070886782515
U6324@DOM1,68,1.0,0.0,8,1.0,1.0,-0.15480070886782515
U2073@DOM1,68,1.0,0.0,8,1.0,1.0,-0.15480070886782515
U9983@DOM1,68,1.0,0.0,8,1.0,1.0,-0.15480070886782515
U3774@DOM1,68,1.0,0.0,8,1.0,1.0,-0.15480070886782515
U9046@DOM1,68,1.0,0.0,8,1.0,1.0,-0.15480070886782515
U4520@DOM1,68,1.0,0.0,8,1.0,1.0,-0.15480070886782515
U8744@DOM1,68,1.0,0.0,8,1.0,1.0,-0.15480070886782515
U1269@DOM1,68,1.0,0.0,8,1.0,1.0,-0.15480070886782515
U482@DOM1,68,1.0,0.0,8,1.0,1.0,-0.15480070886782515
U1011@DOM1,68,1.0,0.0,8,1.0,1.0,-0.15480070886782515
U3664@DOM1,68,1.0,0.0,8,1.0,1.0,-0.15480070886782515
U3232@DOM1,68,1.0,0.0,8,1.0,1.0,-0.15480070886782515
U5544@DOM1,68,1.0,0.0,8,1.0,1.0,-0.15480070886782515
U3843@DOM1,68,1.0,0.0,8,1.0,1.0,-0.15480070886782515
U3184@DOM1,68,1.0,0.0,8,1.0,1.0,-0.15480070886782515
U3933@DOM1,81,1.0,0.0,5,1.0,1.0,-0.15486352547757354
C5238$@DOM1,81,1.0,0.0,5,1.0,1.0,-0.15486352547757354
U1308@DOM1,81,1.0,0.0,5,1.0,1.0,-0.15486352547757354
U9107@DOM1,81,1.0,0.0,5,1.0,1.0,-0.15486352547757354
C4174$@DOM1,81,1.0,0.0,5,1.0,1.0,-0.15486352547757354
C18725$@DOM1,98,1.0,0.0,5,1.0,1.0,-0.15488039685482496
U762@DOM1,98,1.0,0.0,5,1.0,1.0,-0.15488039685482496
C2264$@DOM1,98,1.0,0.0,5,1.0,1.0,-0.15488039685482496
U1859@DOM1,92,1.0,0.0,8,1.0,1.0,-0.15488516209101366
U6080@DOM1,92,1.0,0.0,8,1.0,1.0,-0.15488516209101366
U6266@DOM1,92,1.0,0.0,8,1.0,1.0,-0.15488516209101366
C1811$@DOM1,92,1.0,0.0,8,1.0,1.0,-0.15488516209101366
U2797@DOM1,92,1.0,0.0,8,1.0,1.0,-0.15488516209101366
U9474@DOM1,92,1.0,0.0,8,1.0,1.0,-0.15488516209101366
U9172@DOM1,92,1.0,0.0,8,1.0,1.0,-0.15488516209101366
U6308@DOM1,92,1.0,0.0,8,1.0,1.0,-0.15488516209101366
U652@DOM1,92,1.0,0.0,8,1.0,1.0,-0.15488516209101366
U5513@DOM1,92,1.0,0.0,8,1.0,1.0,-0.15488516209101366
U4917@DOM1,86,1.0,0.0,8,1.0,1.0,-0.15489312047293458
U5668@DOM1,86,1.0,0.0,8,1.0,1.0,-0.15489312047293458
U3645@DOM1,86,1.0,0.0,8,1.0,1.0,-0.15489312047293458
U3317@DOM1,86,1.0,0.0,8,1.0,1.0,-0.15489312047293458
U5004@DOM1,86,1.0,0.0,8,1.0,1.0,-0.15489312047293458
U5204@DOM1,86,1.0,0.0,8,1.0,1.0,-0.15489312047293458
U5864@DOM1,86,1.0,0.0,8,1.0,1.0,-0.15489312047293458
U5458@DOM1,86,1.0,0.0,8,1.0,1.0,-0.15489312047293458
U4094@DOM1,86,1.0,0.0,8,1.0,1.0,-0.15489312047293458
U9034@DOM1,86,1.0,0.0,8,1.0,1.0,-0.15489312047293458
U2719@DOM1,86,1.0,0.0,8,1.0,1.0,-0.15489312047293458
U7613@DOM1,86,1.0,0.0,8,1.0,1.0,-0.15489312047293458
U9660@DOM1,86,1.0,0.0,8,1.0,1.0,-0.15489312047293458
U3128@DOM1,68,1.0,0.0,5,1.0,1.0,-0.15491530386928998
U6837@DOM1,68,1.0,0.0,5,1.0,1.0,-0.15491530386928998
U1856@DOM1,68,1.0,0.0,5,1.0,1.0,-0.15491530386928998
U8257@DOM1,68,1.0,0.0,5,1.0,1.0,-0.15491530386928998
U9285@DOM1,68,1.0,0.0,5,1.0,1.0,-0.15491530386928998
U3467@DOM1,68,1.0,0.0,5,1.0,1.0,-0.15491530386928998
U4031@DOM1,68,1.0,0.0,5,1.0,1.0,-0.15491530386928998
U5980@DOM1,68,1.0,0.0,5,1.0,1.0,-0.15491530386928998
U2622@DOM1,68,1.0,0.0,5,1.0,1.0,-0.15491530386928998
U5706@DOM1,69,1.0,0.0,5,1.0,1.0,-0.1549161440117393
U7445@DOM1,69,1.0,0.0,5,1.0,1.0,-0.1549161440117393
U8459@DOM1,69,1.0,0.0,5,1.0,1.0,-0.1549161440117393
U2668@DOM1,70,1.0,0.0,5,1.0,1.0,-0.1549161440117393
C906$@DOM1,70,1.0,0.0,5,1.0,1.0,-0.1549161440117393
U8307@DOM1,70,1.0,0.0,5,1.0,1.0,-0.1549161440117393
U9434@DOM1,69,1.0,0.0,5,1.0,1.0,-0.1549161440117393
C7454$@DOM1,70,1.0,0.0,5,1.0,1.0,-0.1549161440117393
U8198@DOM1,69,1.0,0.0,5,1.0,1.0,-0.1549161440117393
U575@DOM1,69,1.0,0.0,5,1.0,1.0,-0.1549161440117393
U7286@DOM1,69,1.0,0.0,5,1.0,1.0,-0.1549161440117393
U2666@DOM1,69,1.0,0.0,5,1.0,1.0,-0.1549161440117393
U1326@DOM1,70,1.0,0.0,5,1.0,1.0,-0.1549161440117393
U3926@DOM1,71,1.0,0.0,5,1.0,1.0,-0.15494877787760436
C1479$@DOM1,71,1.0,0.0,5,1.0,1.0,-0.15494877787760436
C2527$@DOM1,71,1.0,0.0,5,1.0,1.0,-0.15494877787760436
C21701$@DOM1,71,1.0,0.0,5,1.0,1.0,-0.15494877787760436
U4685@DOM1,71,1.0,0.0,5,1.0,1.0,-0.15494877787760436
U2113@DOM1,71,1.0,0.0,5,1.0,1.0,-0.15494877787760436
C6871$@DOM1,71,1.0,0.0,5,1.0,1.0,-0.15494877787760436
U1357@DOM1,46,1.0,0.0,6,1.0,1.0,-0.15495283335296645
U8824@DOM1,46,1.0,0.0,6,1.0,1.0,-0.15495283335296645
U5630@DOM1,46,1.0,0.0,6,1.0,1.0,-0.15495283335296645
U6157@DOM1,46,1.0,0.0,6,1.0,1.0,-0.15495283335296645
U7572@DOM1,46,1.0,0.0,6,1.0,1.0,-0.15495283335296645
U4376@DOM1,46,1.0,0.0,6,1.0,1.0,-0.15495283335296645
U9072@DOM1,46,1.0,0.0,6,1.0,1.0,-0.15495283335296645
U5487@DOM1,46,1.0,0.0,6,1.0,1.0,-0.15495283335296645
U4364@DOM1,46,1.0,0.0,6,1.0,1.0,-0.15495283335296645
U801@DOM1,46,1.0,0.0,6,1.0,1.0,-0.15495283335296645
U3993@DOM1,46,1.0,0.0,6,1.0,1.0,-0.15495283335296645
C3518$@DOM1,170,1.0,0.0,8,1.0,1.0,-0.15496750511545165
C16476$@DOM1,170,1.0,0.0,8,1.0,1.0,-0.15496750511545165
C10109$@DOM1,100,1.0,0.0,5,1.0,1.0,-0.1550074021027138
C6184$@DOM1,100,1.0,0.0,5,1.0,1.0,-0.1550074021027138
C5016$@DOM1,100,1.0,0.0,5,1.0,1.0,-0.1550074021027138
C15145$@DOM1,100,1.0,0.0,5,1.0,1.0,-0.1550074021027138
C14928$@DOM1,100,1.0,0.0,5,1.0,1.0,-0.1550074021027138
C14223$@DOM1,99,1.0,0.0,5,1.0,1.0,-0.15502268554897425
C2348$@DOM1,99,1.0,0.0,5,1.0,1.0,-0.15502268554897425
U1158@DOM1,99,1.0,0.0,5,1.0,1.0,-0.15502268554897425
C4523$@DOM1,99,1.0,0.0,5,1.0,1.0,-0.15502268554897425
C3990$@DOM1,99,1.0,0.0,5,1.0,1.0,-0.15502268554897425
U319@DOM1,74,1.0,0.0,5,1.0,1.0,-0.15503279507377538
U5215@DOM1,74,1.0,0.0,5,1.0,1.0,-0.15503279507377538
U5909@DOM1,74,1.0,0.0,5,1.0,1.0,-0.15503279507377538
U4473@DOM1,74,1.0,0.0,5,1.0,1.0,-0.15503279507377538
U3744@DOM1,74,1.0,0.0,5,1.0,1.0,-0.15503279507377538
U586@DOM1,74,1.0,0.0,5,1.0,1.0,-0.15503279507377538
C9939$@DOM1,74,1.0,0.0,5,1.0,1.0,-0.15503279507377538
U7716@DOM1,74,1.0,0.0,5,1.0,1.0,-0.15503279507377538
U4636@DOM1,47,1.0,0.0,6,1.0,1.0,-0.15503393808127464
U3995@DOM1,47,1.0,0.0,6,1.0,1.0,-0.15503393808127464
U4724@DOM1,47,1.0,0.0,6,1.0,1.0,-0.15503393808127464
U6039@DOM1,47,1.0,0.0,6,1.0,1.0,-0.15503393808127464
U60@DOM1,47,1.0,0.0,6,1.0,1.0,-0.15503393808127464
U7459@DOM1,47,1.0,0.0,6,1.0,1.0,-0.15503393808127464
U3159@DOM1,47,1.0,0.0,6,1.0,1.0,-0.15503393808127464
U3749@DOM1,47,1.0,0.0,6,1.0,1.0,-0.15503393808127464
U364@DOM1,47,1.0,0.0,6,1.0,1.0,-0.15503393808127464
U449@DOM1,47,1.0,0.0,6,1.0,1.0,-0.15503393808127464
U8714@DOM1,47,1.0,0.0,6,1.0,1.0,-0.15503393808127464
U2969@DOM1,47,1.0,0.0,6,1.0,1.0,-0.15503393808127464
U5410@DOM1,47,1.0,0.0,6,1.0,1.0,-0.15503393808127464
U1423@DOM1,72,1.0,0.0,5,1.0,1.0,-0.15505281263131054
U7608@DOM1,73,1.0,0.0,5,1.0,1.0,-0.15505281263131054
U9646@DOM1,72,1.0,0.0,5,1.0,1.0,-0.15505281263131054
U763@DOM1,72,1.0,0.0,5,1.0,1.0,-0.15505281263131054
U3215@DOM1,73,1.0,0.0,5,1.0,1.0,-0.15505281263131054
C15330$@DOM1,72,1.0,0.0,5,1.0,1.0,-0.15505281263131054
U8104@DOM1,72,1.0,0.0,5,1.0,1.0,-0.15505281263131054
U829@DOM1,73,1.0,0.0,5,1.0,1.0,-0.15505281263131054
U1681@DOM1,72,1.0,0.0,5,1.0,1.0,-0.15505281263131054
U6918@DOM1,73,1.0,0.0,5,1.0,1.0,-0.15505281263131054
U1309@DOM1,73,1.0,0.0,5,1.0,1.0,-0.15505281263131054
U8688@DOM1,72,1.0,0.0,5,1.0,1.0,-0.15505281263131054
C3868$@DOM1,72,1.0,0.0,5,1.0,1.0,-0.15505281263131054
U209@DOM1,73,1.0,0.0,5,1.0,1.0,-0.15505281263131054
U9272@DOM1,73,1.0,0.0,5,1.0,1.0,-0.15505281263131054
U3459@DOM1,96,1.0,0.0,8,1.0,1.0,-0.15506707382513213
U6845@DOM1,96,1.0,0.0,8,1.0,1.0,-0.15506707382513213
U6249@DOM1,96,1.0,0.0,8,1.0,1.0,-0.15506707382513213
U1372@DOM1,96,1.0,0.0,8,1.0,1.0,-0.15506707382513213
U1301@DOM1,96,1.0,0.0,8,1.0,1.0,-0.15506707382513213
U756@DOM1,96,1.0,0.0,8,1.0,1.0,-0.15506707382513213
U4953@DOM1,96,1.0,0.0,8,1.0,1.0,-0.15506707382513213
U3110@DOM1,81,1.0,0.0,8,1.0,1.0,-0.1550895523123596
U3111@DOM1,82,1.0,0.0,8,1.0,1.0,-0.1550895523123596
U1084@DOM1,82,1.0,0.0,8,1.0,1.0,-0.1550895523123596
U806@DOM1,81,1.0,0.0,8,1.0,1.0,-0.1550895523123596
U10286@DOM1,81,1.0,0.0,8,1.0,1.0,-0.1550895523123596
U370@DOM1,82,1.0,0.0,8,1.0,1.0,-0.1550895523123596
U6619@DOM1,81,1.0,0.0,8,1.0,1.0,-0.1550895523123596
U2413@DOM1,81,1.0,0.0,8,1.0,1.0,-0.1550895523123596
U3864@DOM1,82,1.0,0.0,8,1.0,1.0,-0.1550895523123596
U7512@DOM1,81,1.0,0.0,8,1.0,1.0,-0.1550895523123596
U6191@DOM1,82,1.0,0.0,8,1.0,1.0,-0.1550895523123596
U3793@DOM1,82,1.0,0.0,8,1.0,1.0,-0.1550895523123596
U7534@DOM1,81,1.0,0.0,8,1.0,1.0,-0.1550895523123596
U5586@DOM1,82,1.0,0.0,8,1.0,1.0,-0.1550895523123596
U2333@DOM1,81,1.0,0.0,8,1.0,1.0,-0.1550895523123596
U9468@DOM1,81,1.0,0.0,8,1.0,1.0,-0.1550895523123596
U2746@DOM1,82,1.0,0.0,8,1.0,1.0,-0.1550895523123596
C21800$@DOM1,81,1.0,0.0,8,1.0,1.0,-0.1550895523123596
U6063@DOM1,81,1.0,0.0,8,1.0,1.0,-0.1550895523123596
U9017@DOM1,82,1.0,0.0,8,1.0,1.0,-0.1550895523123596
U5008@DOM1,82,1.0,0.0,8,1.0,1.0,-0.1550895523123596
U9014@DOM1,81,1.0,0.0,8,1.0,1.0,-0.1550895523123596
U9478@DOM1,81,1.0,0.0,8,1.0,1.0,-0.1550895523123596
U855@DOM1,82,1.0,0.0,8,1.0,1.0,-0.1550895523123596
U4271@DOM1,82,1.0,0.0,8,1.0,1.0,-0.1550895523123596
U4028@DOM1,81,1.0,0.0,8,1.0,1.0,-0.1550895523123596
U2362@DOM1,82,1.0,0.0,8,1.0,1.0,-0.1550895523123596
U3063@DOM1,81,1.0,0.0,8,1.0,1.0,-0.1550895523123596
U2307@DOM1,82,1.0,0.0,8,1.0,1.0,-0.1550895523123596
U2383@DOM1,82,1.0,0.0,8,1.0,1.0,-0.1550895523123596
U800@DOM1,81,1.0,0.0,8,1.0,1.0,-0.1550895523123596
U4817@DOM1,82,1.0,0.0,8,1.0,1.0,-0.1550895523123596
U4796@DOM1,82,1.0,0.0,8,1.0,1.0,-0.1550895523123596
U1975@DOM1,82,1.0,0.0,8,1.0,1.0,-0.1550895523123596
U5755@DOM1,81,1.0,0.0,8,1.0,1.0,-0.1550895523123596
U6367@DOM1,70,1.0,0.0,8,1.0,1.0,-0.15509106457733468
U5311@DOM1,70,1.0,0.0,8,1.0,1.0,-0.15509106457733468
U7556@DOM1,70,1.0,0.0,8,1.0,1.0,-0.15509106457733468
U5940@DOM1,69,1.0,0.0,8,1.0,1.0,-0.15509106457733468
U5924@DOM1,70,1.0,0.0,8,1.0,1.0,-0.15509106457733468
U4998@DOM1,69,1.0,0.0,8,1.0,1.0,-0.15509106457733468
U9934@DOM1,69,1.0,0.0,8,1.0,1.0,-0.15509106457733468
U1380@DOM1,69,1.0,0.0,8,1.0,1.0,-0.15509106457733468
U2255@DOM1,69,1.0,0.0,8,1.0,1.0,-0.15509106457733468
U432@DOM1,69,1.0,0.0,8,1.0,1.0,-0.15509106457733468
U1284@DOM1,69,1.0,0.0,8,1.0,1.0,-0.15509106457733468
U1963@DOM1,69,1.0,0.0,8,1.0,1.0,-0.15509106457733468
U2428@DOM1,70,1.0,0.0,8,1.0,1.0,-0.15509106457733468
U2264@DOM1,70,1.0,0.0,8,1.0,1.0,-0.15509106457733468
U10107@DOM1,69,1.0,0.0,8,1.0,1.0,-0.15509106457733468
U2392@DOM1,70,1.0,0.0,8,1.0,1.0,-0.15509106457733468
U8827@DOM1,70,1.0,0.0,8,1.0,1.0,-0.15509106457733468
U5646@DOM1,70,1.0,0.0,8,1.0,1.0,-0.15509106457733468
U4551@DOM1,70,1.0,0.0,8,1.0,1.0,-0.15509106457733468
U958@DOM1,69,1.0,0.0,8,1.0,1.0,-0.15509106457733468
U8830@DOM1,69,1.0,0.0,8,1.0,1.0,-0.15509106457733468
U2957@DOM1,69,1.0,0.0,8,1.0,1.0,-0.15509106457733468
U5616@DOM1,69,1.0,0.0,8,1.0,1.0,-0.15509106457733468
U5996@DOM1,70,1.0,0.0,8,1.0,1.0,-0.15509106457733468
U7205@DOM1,69,1.0,0.0,8,1.0,1.0,-0.15509106457733468
U1460@DOM1,69,1.0,0.0,8,1.0,1.0,-0.15509106457733468
U8778@DOM1,70,1.0,0.0,8,1.0,1.0,-0.15509106457733468
U2647@DOM1,70,1.0,0.0,8,1.0,1.0,-0.15509106457733468
U10240@DOM1,70,1.0,0.0,8,1.0,1.0,-0.15509106457733468
U5877@DOM1,69,1.0,0.0,8,1.0,1.0,-0.15509106457733468
U3486@DOM1,69,1.0,0.0,8,1.0,1.0,-0.15509106457733468
U6842@DOM1,70,1.0,0.0,8,1.0,1.0,-0.15509106457733468
U1330@DOM1,70,1.0,0.0,8,1.0,1.0,-0.15509106457733468
U9637@DOM1,70,1.0,0.0,8,1.0,1.0,-0.15509106457733468
U1459@DOM1,70,1.0,0.0,8,1.0,1.0,-0.15509106457733468
U7549@DOM1,70,1.0,0.0,8,1.0,1.0,-0.15509106457733468
U2799@DOM1,70,1.0,0.0,8,1.0,1.0,-0.15509106457733468
U9509@DOM1,69,1.0,0.0,8,1.0,1.0,-0.15509106457733468
U4384@DOM1,70,1.0,0.0,8,1.0,1.0,-0.15509106457733468
U9942@DOM1,48,1.0,0.0,6,1.0,1.0,-0.1550922829758805
U7895@DOM1,48,1.0,0.0,6,1.0,1.0,-0.1550922829758805
U9396@DOM1,48,1.0,0.0,6,1.0,1.0,-0.1550922829758805
U5050@DOM1,48,1.0,0.0,6,1.0,1.0,-0.1550922829758805
U8069@DOM1,48,1.0,0.0,6,1.0,1.0,-0.1550922829758805
U4069@DOM1,48,1.0,0.0,6,1.0,1.0,-0.1550922829758805
U8614@DOM1,48,1.0,0.0,6,1.0,1.0,-0.1550922829758805
U8631@DOM1,48,1.0,0.0,6,1.0,1.0,-0.1550922829758805
C11908$@DOM1,103,1.0,0.0,5,1.0,1.0,-0.15514567625533432
C8145$@DOM1,103,1.0,0.0,5,1.0,1.0,-0.15514567625533432
C2567$@DOM1,103,1.0,0.0,5,1.0,1.0,-0.15514567625533432
C2597$@DOM1,103,1.0,0.0,5,1.0,1.0,-0.15514567625533432
C4548$@DOM1,103,1.0,0.0,5,1.0,1.0,-0.15514567625533432
U9163@DOM1,95,1.0,0.0,8,1.0,1.0,-0.15515107912980614
U9514@DOM1,95,1.0,0.0,8,1.0,1.0,-0.15515107912980614
U4190@DOM1,95,1.0,0.0,8,1.0,1.0,-0.15515107912980614
U3975@DOM1,95,1.0,0.0,8,1.0,1.0,-0.15515107912980614
U9069@DOM1,95,1.0,0.0,8,1.0,1.0,-0.15515107912980614
U2508@DOM1,95,1.0,0.0,8,1.0,1.0,-0.15515107912980614
U4046@DOM1,95,1.0,0.0,8,1.0,1.0,-0.15515107912980614
U5077@DOM1,95,1.0,0.0,8,1.0,1.0,-0.15515107912980614
U8960@DOM1,95,1.0,0.0,8,1.0,1.0,-0.15515107912980614
U3733@DOM1,95,1.0,0.0,8,1.0,1.0,-0.15515107912980614
U5582@DOM1,95,1.0,0.0,8,1.0,1.0,-0.15515107912980614
U4312@DOM1,95,1.0,0.0,8,1.0,1.0,-0.15515107912980614
U6378@DOM1,77,1.0,0.0,8,1.0,1.0,-0.15515331848847924
U5751@DOM1,77,1.0,0.0,8,1.0,1.0,-0.15515331848847924
U5971@DOM1,77,1.0,0.0,8,1.0,1.0,-0.15515331848847924
U9209@DOM1,77,1.0,0.0,8,1.0,1.0,-0.15515331848847924
U9101@DOM1,77,1.0,0.0,8,1.0,1.0,-0.15515331848847924
U2999@DOM1,77,1.0,0.0,8,1.0,1.0,-0.15515331848847924
U929@DOM1,77,1.0,0.0,8,1.0,1.0,-0.15515331848847924
U1103@DOM1,77,1.0,0.0,8,1.0,1.0,-0.15515331848847924
U4395@DOM1,77,1.0,0.0,8,1.0,1.0,-0.15515331848847924
U5018@DOM1,77,1.0,0.0,8,1.0,1.0,-0.15515331848847924
U2148@DOM1,77,1.0,0.0,8,1.0,1.0,-0.15515331848847924
U5353@DOM1,77,1.0,0.0,8,1.0,1.0,-0.15515331848847924
U1310@DOM1,77,1.0,0.0,8,1.0,1.0,-0.15515331848847924
U5486@DOM1,88,1.0,0.0,8,1.0,1.0,-0.1551605248502943
U1996@DOM1,88,1.0,0.0,8,1.0,1.0,-0.1551605248502943
U5194@DOM1,88,1.0,0.0,8,1.0,1.0,-0.1551605248502943
U290@DOM1,88,1.0,0.0,8,1.0,1.0,-0.1551605248502943
U8955@DOM1,88,1.0,0.0,8,1.0,1.0,-0.1551605248502943
U7769@DOM1,88,1.0,0.0,8,1.0,1.0,-0.1551605248502943
U533@DOM1,88,1.0,0.0,8,1.0,1.0,-0.1551605248502943
U3081@DOM1,88,1.0,0.0,8,1.0,1.0,-0.1551605248502943
U7443@DOM1,88,1.0,0.0,8,1.0,1.0,-0.1551605248502943
U2028@DOM1,88,1.0,0.0,8,1.0,1.0,-0.1551605248502943
U4447@DOM1,88,1.0,0.0,8,1.0,1.0,-0.1551605248502943
U7557@DOM1,88,1.0,0.0,8,1.0,1.0,-0.1551605248502943
U2009@DOM1,88,1.0,0.0,8,1.0,1.0,-0.1551605248502943
U560@DOM1,88,1.0,0.0,8,1.0,1.0,-0.1551605248502943
U1557@DOM1,88,1.0,0.0,8,1.0,1.0,-0.1551605248502943
U4362@DOM1,88,1.0,0.0,8,1.0,1.0,-0.1551605248502943
U3121@DOM1,88,1.0,0.0,8,1.0,1.0,-0.1551605248502943
U4145@DOM1,88,1.0,0.0,8,1.0,1.0,-0.1551605248502943
U6051@DOM1,98,1.0,0.0,8,1.0,1.0,-0.15517380627229116
U1694@DOM1,98,1.0,0.0,8,1.0,1.0,-0.15517380627229116
U7809@DOM1,98,1.0,0.0,8,1.0,1.0,-0.15517380627229116
U10177@DOM1,98,1.0,0.0,8,1.0,1.0,-0.15517380627229116
U6633@DOM1,98,1.0,0.0,8,1.0,1.0,-0.15517380627229116
U2288@DOM1,98,1.0,0.0,8,1.0,1.0,-0.15517380627229116
U6743@DOM1,98,1.0,0.0,8,1.0,1.0,-0.15517380627229116
U5265@DOM1,98,1.0,0.0,8,1.0,1.0,-0.15517380627229116
U1924@DOM1,98,1.0,0.0,8,1.0,1.0,-0.15517380627229116
U680@DOM1,98,1.0,0.0,8,1.0,1.0,-0.15517380627229116
U7790@DOM1,98,1.0,0.0,8,1.0,1.0,-0.15517380627229116
U5193@DOM1,98,1.0,0.0,8,1.0,1.0,-0.15517380627229116
U2212@DOM1,98,1.0,0.0,8,1.0,1.0,-0.15517380627229116
U7518@DOM1,98,1.0,0.0,8,1.0,1.0,-0.15517380627229116
U9687@DOM1,98,1.0,0.0,8,1.0,1.0,-0.15517380627229116
U2516@DOM1,98,1.0,0.0,8,1.0,1.0,-0.15517380627229116
U6178@DOM1,76,1.0,0.0,5,1.0,1.0,-0.15518282717369164
U3432@DOM1,76,1.0,0.0,5,1.0,1.0,-0.15518282717369164
U1268@DOM1,76,1.0,0.0,5,1.0,1.0,-0.15518282717369164
U10195@DOM1,76,1.0,0.0,5,1.0,1.0,-0.15518282717369164
U4272@DOM1,75,1.0,0.0,5,1.0,1.0,-0.15518282717369164
U1234@DOM1,75,1.0,0.0,5,1.0,1.0,-0.15518282717369164
U5156@DOM1,76,1.0,0.0,5,1.0,1.0,-0.15518282717369164
U4141@DOM1,75,1.0,0.0,5,1.0,1.0,-0.15518282717369164
U3724@DOM1,75,1.0,0.0,5,1.0,1.0,-0.15518282717369164
U5365@DOM1,75,1.0,0.0,5,1.0,1.0,-0.15518282717369164
C7182$@DOM1,75,1.0,0.0,5,1.0,1.0,-0.15518282717369164
U10180@DOM1,76,1.0,0.0,5,1.0,1.0,-0.15518282717369164
U881@DOM1,50,1.0,0.0,6,1.0,1.0,-0.15518747182722625
U5485@DOM1,50,1.0,0.0,6,1.0,1.0,-0.15518747182722625
U9204@DOM1,50,1.0,0.0,6,1.0,1.0,-0.15518747182722625
U5893@DOM1,50,1.0,0.0,6,1.0,1.0,-0.15518747182722625
U1841@DOM1,50,1.0,0.0,6,1.0,1.0,-0.15518747182722625
U4051@DOM1,50,1.0,0.0,6,1.0,1.0,-0.15518747182722625
U4567@DOM1,50,1.0,0.0,6,1.0,1.0,-0.15518747182722625
U4282@DOM1,50,1.0,0.0,6,1.0,1.0,-0.15518747182722625
U8313@DOM1,50,1.0,0.0,6,1.0,1.0,-0.15518747182722625
U3202@DOM1,87,1.0,0.0,8,1.0,1.0,-0.1551975488447238
U9328@DOM1,87,1.0,0.0,8,1.0,1.0,-0.1551975488447238
U8663@DOM1,87,1.0,0.0,8,1.0,1.0,-0.1551975488447238
U9195@DOM1,87,1.0,0.0,8,1.0,1.0,-0.1551975488447238
U9288@DOM1,87,1.0,0.0,8,1.0,1.0,-0.1551975488447238
U8760@DOM1,87,1.0,0.0,8,1.0,1.0,-0.1551975488447238
U5225@DOM1,87,1.0,0.0,8,1.0,1.0,-0.1551975488447238
U7746@DOM1,87,1.0,0.0,8,1.0,1.0,-0.1551975488447238
U5589@DOM1,87,1.0,0.0,8,1.0,1.0,-0.1551975488447238
U888@DOM1,87,1.0,0.0,8,1.0,1.0,-0.1551975488447238
U1100@DOM1,87,1.0,0.0,8,1.0,1.0,-0.1551975488447238
U462@DOM1,87,1.0,0.0,8,1.0,1.0,-0.1551975488447238
U4320@DOM1,87,1.0,0.0,8,1.0,1.0,-0.1551975488447238
U2616@DOM1,87,1.0,0.0,8,1.0,1.0,-0.1551975488447238
C19936$@DOM1,163,1.0,0.0,5,1.0,1.0,-0.15520317844358877
C5051$@DOM1,163,1.0,0.0,5,1.0,1.0,-0.15520317844358877
C15860$@DOM1,163,1.0,0.0,5,1.0,1.0,-0.15520317844358877
C10328$@DOM1,163,1.0,0.0,5,1.0,1.0,-0.15520317844358877
C19306$@DOM1,163,1.0,0.0,5,1.0,1.0,-0.15520317844358877
C5517$@DOM1,163,1.0,0.0,5,1.0,1.0,-0.15520317844358877
C18564$@DOM1,163,1.0,0.0,5,1.0,1.0,-0.15520317844358877
C3128$@DOM1,163,1.0,0.0,5,1.0,1.0,-0.15520317844358877
C16718$@DOM1,163,1.0,0.0,5,1.0,1.0,-0.15520317844358877
C10545$@DOM1,194,1.0,0.0,7,1.0,1.0,-0.15520803680481998
C13546$@DOM1,194,1.0,0.0,7,1.0,1.0,-0.15520803680481998
C11356$@DOM1,194,1.0,0.0,7,1.0,1.0,-0.15520803680481998
C3432$@DOM1,194,1.0,0.0,7,1.0,1.0,-0.15520803680481998
C11547$@DOM1,195,1.0,0.0,7,1.0,1.0,-0.15520803680481998
C16416$@DOM1,195,1.0,0.0,6,1.0,1.0,-0.1552182460819495
C11155$@DOM1,194,1.0,0.0,6,1.0,1.0,-0.1552182460819495
C18004$@DOM1,194,1.0,0.0,6,1.0,1.0,-0.1552182460819495
C16963$@DOM1,195,1.0,0.0,6,1.0,1.0,-0.1552182460819495
U7867@DOM1,79,1.0,0.0,8,1.0,1.0,-0.15525058165622996
U1454@DOM1,80,1.0,0.0,8,1.0,1.0,-0.15525058165622996
U6023@DOM1,79,1.0,0.0,8,1.0,1.0,-0.15525058165622996
U4318@DOM1,80,1.0,0.0,8,1.0,1.0,-0.15525058165622996
U3392@DOM1,79,1.0,0.0,8,1.0,1.0,-0.15525058165622996
U4218@DOM1,79,1.0,0.0,8,1.0,1.0,-0.15525058165622996
U8919@DOM1,79,1.0,0.0,8,1.0,1.0,-0.15525058165622996
U5520@DOM1,80,1.0,0.0,8,1.0,1.0,-0.15525058165622996
U1036@DOM1,80,1.0,0.0,8,1.0,1.0,-0.15525058165622996
U1317@DOM1,80,1.0,0.0,8,1.0,1.0,-0.15525058165622996
U2984@DOM1,79,1.0,0.0,8,1.0,1.0,-0.15525058165622996
U536@DOM1,79,1.0,0.0,8,1.0,1.0,-0.15525058165622996
U3937@DOM1,79,1.0,0.0,8,1.0,1.0,-0.15525058165622996
U8134@DOM1,80,1.0,0.0,8,1.0,1.0,-0.15525058165622996
U3173@DOM1,79,1.0,0.0,8,1.0,1.0,-0.15525058165622996
U6875@DOM1,79,1.0,0.0,8,1.0,1.0,-0.15525058165622996
U4085@DOM1,80,1.0,0.0,8,1.0,1.0,-0.15525058165622996
U4726@DOM1,80,1.0,0.0,8,1.0,1.0,-0.15525058165622996
U2415@DOM1,79,1.0,0.0,8,1.0,1.0,-0.15525058165622996
U1024@DOM1,79,1.0,0.0,8,1.0,1.0,-0.15525058165622996
U8772@DOM1,80,1.0,0.0,8,1.0,1.0,-0.15525058165622996
U8585@DOM1,80,1.0,0.0,8,1.0,1.0,-0.15525058165622996
U8599@DOM1,79,1.0,0.0,8,1.0,1.0,-0.15525058165622996
U8044@DOM1,80,1.0,0.0,8,1.0,1.0,-0.15525058165622996
U624@DOM1,79,1.0,0.0,8,1.0,1.0,-0.15525058165622996
U7553@DOM1,80,1.0,0.0,8,1.0,1.0,-0.15525058165622996
U483@DOM1,80,1.0,0.0,8,1.0,1.0,-0.15525058165622996
U519@DOM1,80,1.0,0.0,8,1.0,1.0,-0.15525058165622996
U1413@DOM1,80,1.0,0.0,8,1.0,1.0,-0.15525058165622996
U5043@DOM1,80,1.0,0.0,8,1.0,1.0,-0.15525058165622996
U3226@DOM1,80,1.0,0.0,8,1.0,1.0,-0.15525058165622996
U4359@DOM1,80,1.0,0.0,8,1.0,1.0,-0.15525058165622996
U6193@DOM1,80,1.0,0.0,8,1.0,1.0,-0.15525058165622996
U7159@DOM1,80,1.0,0.0,8,1.0,1.0,-0.15525058165622996
U9855@DOM1,79,1.0,0.0,8,1.0,1.0,-0.15525058165622996
U4380@DOM1,94,1.0,0.0,8,1.0,1.0,-0.15527195051112297
U230@DOM1,94,1.0,0.0,8,1.0,1.0,-0.15527195051112297
U1392@DOM1,94,1.0,0.0,8,1.0,1.0,-0.15527195051112297
U4757@DOM1,94,1.0,0.0,8,1.0,1.0,-0.15527195051112297
U2155@DOM1,94,1.0,0.0,8,1.0,1.0,-0.15527195051112297
U5998@DOM1,94,1.0,0.0,8,1.0,1.0,-0.15527195051112297
U9249@DOM1,94,1.0,0.0,8,1.0,1.0,-0.15527195051112297
U3480@DOM1,94,1.0,0.0,8,1.0,1.0,-0.15527195051112297
U5565@DOM1,94,1.0,0.0,8,1.0,1.0,-0.15527195051112297
C5513$@DOM1,101,1.0,0.0,5,1.0,1.0,-0.15527631888816723
C4414$@DOM1,101,1.0,0.0,5,1.0,1.0,-0.15527631888816723
C5125$@DOM1,101,1.0,0.0,5,1.0,1.0,-0.15527631888816723
C10951$@DOM1,101,1.0,0.0,5,1.0,1.0,-0.15527631888816723
U5001@DOM1,101,1.0,0.0,8,1.0,1.0,-0.15528642897976597
U1169@DOM1,100,1.0,0.0,8,1.0,1.0,-0.15528642897976597
U9558@DOM1,101,1.0,0.0,8,1.0,1.0,-0.15528642897976597
C1040$@DOM1,100,1.0,0.0,8,1.0,1.0,-0.15528642897976597
U7990@DOM1,100,1.0,0.0,8,1.0,1.0,-0.15528642897976597
U8805@DOM1,101,1.0,0.0,8,1.0,1.0,-0.15528642897976597
U6259@DOM1,101,1.0,0.0,8,1.0,1.0,-0.15528642897976597
U3482@DOM1,101,1.0,0.0,8,1.0,1.0,-0.15528642897976597
U1034@DOM1,100,1.0,0.0,8,1.0,1.0,-0.15528642897976597
U2427@DOM1,101,1.0,0.0,8,1.0,1.0,-0.15528642897976597
U112@DOM1,101,1.0,0.0,8,1.0,1.0,-0.15528642897976597
C941$@DOM1,169,1.0,0.0,8,1.0,1.0,-0.1553026090070725
C11486$@DOM1,169,1.0,0.0,8,1.0,1.0,-0.1553026090070725
C1679$@DOM1,169,1.0,0.0,8,1.0,1.0,-0.1553026090070725
U5504@DOM1,78,1.0,0.0,8,1.0,1.0,-0.15530888990941527
U7649@DOM1,78,1.0,0.0,8,1.0,1.0,-0.15530888990941527
U4065@DOM1,78,1.0,0.0,8,1.0,1.0,-0.15530888990941527
U9518@DOM1,78,1.0,0.0,8,1.0,1.0,-0.15530888990941527
U5232@DOM1,78,1.0,0.0,8,1.0,1.0,-0.15530888990941527
U9519@DOM1,78,1.0,0.0,8,1.0,1.0,-0.15530888990941527
U8700@DOM1,78,1.0,0.0,8,1.0,1.0,-0.15530888990941527
U6768@DOM1,78,1.0,0.0,8,1.0,1.0,-0.15530888990941527
U4747@DOM1,78,1.0,0.0,8,1.0,1.0,-0.15530888990941527
U1209@DOM1,78,1.0,0.0,8,1.0,1.0,-0.15530888990941527
U2789@DOM1,78,1.0,0.0,8,1.0,1.0,-0.15530888990941527
U9000@DOM1,78,1.0,0.0,8,1.0,1.0,-0.15530888990941527
U309@DOM1,78,1.0,0.0,8,1.0,1.0,-0.15530888990941527
C5570$@DOM1,78,1.0,0.0,8,1.0,1.0,-0.15530888990941527
U6568@DOM1,78,1.0,0.0,8,1.0,1.0,-0.15530888990941527
U6163@DOM1,97,1.0,0.0,8,1.0,1.0,-0.15535665920041564
U677@DOM1,97,1.0,0.0,8,1.0,1.0,-0.15535665920041564
U945@DOM1,97,1.0,0.0,8,1.0,1.0,-0.15535665920041564
U9877@DOM1,97,1.0,0.0,8,1.0,1.0,-0.15535665920041564
C598$@DOM1,97,1.0,0.0,8,1.0,1.0,-0.15535665920041564
U2029@DOM1,97,1.0,0.0,8,1.0,1.0,-0.15535665920041564
U6612@DOM1,97,1.0,0.0,8,1.0,1.0,-0.15535665920041564
U9311@DOM1,97,1.0,0.0,8,1.0,1.0,-0.15535665920041564
C4885$@DOM1,97,1.0,0.0,8,1.0,1.0,-0.15535665920041564
U3628@DOM1,97,1.0,0.0,8,1.0,1.0,-0.15535665920041564
U5106@DOM1,97,1.0,0.0,8,1.0,1.0,-0.15535665920041564
C5855$@DOM1,193,1.0,0.0,7,1.0,1.0,-0.15535970571568897
C21585$@DOM1,193,1.0,0.0,7,1.0,1.0,-0.15535970571568897
C21056$@DOM1,193,1.0,0.0,7,1.0,1.0,-0.15535970571568897
C20102$@DOM1,193,1.0,0.0,6,1.0,1.0,-0.15536991050190774
C12453$@DOM1,193,1.0,0.0,6,1.0,1.0,-0.15536991050190774
U9515@DOM1,49,1.0,0.0,6,1.0,1.0,-0.15537879993606735
U3015@DOM1,49,1.0,0.0,6,1.0,1.0,-0.15537879993606735
U7516@DOM1,49,1.0,0.0,6,1.0,1.0,-0.15537879993606735
U7540@DOM1,49,1.0,0.0,6,1.0,1.0,-0.15537879993606735
U5334@DOM1,49,1.0,0.0,6,1.0,1.0,-0.15537879993606735
U2451@DOM1,49,1.0,0.0,6,1.0,1.0,-0.15537879993606735
C5663$@DOM1,49,1.0,0.0,6,1.0,1.0,-0.15537879993606735
U5075@DOM1,49,1.0,0.0,6,1.0,1.0,-0.15537879993606735
U8804@DOM1,49,1.0,0.0,6,1.0,1.0,-0.15537879993606735
U5651@DOM1,49,1.0,0.0,6,1.0,1.0,-0.15537879993606735
U3986@DOM1,49,1.0,0.0,6,1.0,1.0,-0.15537879993606735
U485@DOM1,49,1.0,0.0,6,1.0,1.0,-0.15537879993606735
U7409@DOM1,76,1.0,0.0,8,1.0,1.0,-0.15538374499930657
U8153@DOM1,76,1.0,0.0,8,1.0,1.0,-0.15538374499930657
U7213@DOM1,76,1.0,0.0,8,1.0,1.0,-0.15538374499930657
U3527@DOM1,76,1.0,0.0,8,1.0,1.0,-0.15538374499930657
U9497@DOM1,76,1.0,0.0,8,1.0,1.0,-0.15538374499930657
U9967@DOM1,76,1.0,0.0,8,1.0,1.0,-0.15538374499930657
U7396@DOM1,76,1.0,0.0,8,1.0,1.0,-0.15538374499930657
U1953@DOM1,76,1.0,0.0,8,1.0,1.0,-0.15538374499930657
U4642@DOM1,76,1.0,0.0,8,1.0,1.0,-0.15538374499930657
U8265@DOM1,76,1.0,0.0,8,1.0,1.0,-0.15538374499930657
U6858@DOM1,76,1.0,0.0,8,1.0,1.0,-0.15538374499930657
U1929@DOM1,76,1.0,0.0,8,1.0,1.0,-0.15538374499930657
U4204@DOM1,76,1.0,0.0,8,1.0,1.0,-0.15538374499930657
U376@DOM1,71,1.0,0.0,8,1.0,1.0,-0.1553891393497261
U5471@DOM1,71,1.0,0.0,8,1.0,1.0,-0.1553891393497261
C4290$@DOM1,71,1.0,0.0,8,1.0,1.0,-0.1553891393497261
U2736@DOM1,71,1.0,0.0,8,1.0,1.0,-0.1553891393497261
U5992@DOM1,71,1.0,0.0,8,1.0,1.0,-0.1553891393497261
U4937@DOM1,71,1.0,0.0,8,1.0,1.0,-0.1553891393497261
U905@DOM1,71,1.0,0.0,8,1.0,1.0,-0.1553891393497261
U5605@DOM1,71,1.0,0.0,8,1.0,1.0,-0.1553891393497261
U8531@DOM1,71,1.0,0.0,8,1.0,1.0,-0.1553891393497261
U5631@DOM1,71,1.0,0.0,8,1.0,1.0,-0.1553891393497261
U4886@DOM1,71,1.0,0.0,8,1.0,1.0,-0.1553891393497261
U8826@DOM1,71,1.0,0.0,8,1.0,1.0,-0.1553891393497261
U5640@DOM1,71,1.0,0.0,8,1.0,1.0,-0.1553891393497261
U4280@DOM1,71,1.0,0.0,8,1.0,1.0,-0.1553891393497261
U740@DOM1,71,1.0,0.0,8,1.0,1.0,-0.1553891393497261
U9714@DOM1,71,1.0,0.0,8,1.0,1.0,-0.1553891393497261
U2397@DOM1,71,1.0,0.0,8,1.0,1.0,-0.1553891393497261
U780@DOM1,71,1.0,0.0,8,1.0,1.0,-0.1553891393497261
U5159@DOM1,71,1.0,0.0,8,1.0,1.0,-0.1553891393497261
U702@DOM1,71,1.0,0.0,8,1.0,1.0,-0.1553891393497261
U2258@DOM1,71,1.0,0.0,8,1.0,1.0,-0.1553891393497261
U9507@DOM1,71,1.0,0.0,8,1.0,1.0,-0.1553891393497261
U8968@DOM1,71,1.0,0.0,8,1.0,1.0,-0.1553891393497261
U4285@DOM1,99,1.0,0.0,8,1.0,1.0,-0.1554075807115035
U1351@DOM1,99,1.0,0.0,8,1.0,1.0,-0.1554075807115035
U1022@DOM1,99,1.0,0.0,8,1.0,1.0,-0.1554075807115035
U4883@DOM1,99,1.0,0.0,8,1.0,1.0,-0.1554075807115035
U57@DOM1,99,1.0,0.0,8,1.0,1.0,-0.1554075807115035
U2372@DOM1,99,1.0,0.0,8,1.0,1.0,-0.1554075807115035
U710@DOM1,99,1.0,0.0,8,1.0,1.0,-0.1554075807115035
U3504@DOM1,99,1.0,0.0,8,1.0,1.0,-0.1554075807115035
U5249@DOM1,99,1.0,0.0,8,1.0,1.0,-0.1554075807115035
U504@DOM1,103,1.0,0.0,8,1.0,1.0,-0.15540941047477907
U2469@DOM1,103,1.0,0.0,8,1.0,1.0,-0.15540941047477907
U9260@DOM1,103,1.0,0.0,8,1.0,1.0,-0.15540941047477907
C4700$@DOM1,103,1.0,0.0,8,1.0,1.0,-0.15540941047477907
C18680$@DOM1,166,1.0,0.0,8,1.0,1.0,-0.15541083392950017
C19877$@DOM1,166,1.0,0.0,8,1.0,1.0,-0.15541083392950017
C183$@DOM1,166,1.0,0.0,8,1.0,1.0,-0.15541083392950017
C12002$@DOM1,166,1.0,0.0,8,1.0,1.0,-0.15541083392950017
C2769$@DOM1,102,1.0,0.0,5,1.0,1.0,-0.15541204353428095
C21150$@DOM1,102,1.0,0.0,5,1.0,1.0,-0.15541204353428095
U3683@DOM1,53,1.0,0.0,7,1.0,1.0,-0.15541742612063908
U2861@DOM1,53,1.0,0.0,7,1.0,1.0,-0.15541742612063908
U6126@DOM1,53,1.0,0.0,7,1.0,1.0,-0.15541742612063908
U500@DOM1,53,1.0,0.0,7,1.0,1.0,-0.15541742612063908
U3667@DOM1,53,1.0,0.0,7,1.0,1.0,-0.15541742612063908
U6303@DOM1,53,1.0,0.0,7,1.0,1.0,-0.15541742612063908
U4084@DOM1,53,1.0,0.0,7,1.0,1.0,-0.15541742612063908
U6319@DOM1,53,1.0,0.0,7,1.0,1.0,-0.15541742612063908
C2710$@DOM1,53,1.0,0.0,7,1.0,1.0,-0.15541742612063908
U236@DOM1,53,1.0,0.0,7,1.0,1.0,-0.15541742612063908
U2130@DOM1,53,1.0,0.0,7,1.0,1.0,-0.15541742612063908
U6831@DOM1,53,1.0,0.0,7,1.0,1.0,-0.15541742612063908
U5892@DOM1,53,1.0,0.0,7,1.0,1.0,-0.15541742612063908
U977@DOM1,53,1.0,0.0,7,1.0,1.0,-0.15541742612063908
C2557$@DOM1,192,1.0,0.0,7,1.0,1.0,-0.15545708689894766
C11692$@DOM1,192,1.0,0.0,7,1.0,1.0,-0.15545708689894766
U2017@DOM1,54,1.0,0.0,7,1.0,1.0,-0.1554757061550407
U3089@DOM1,54,1.0,0.0,7,1.0,1.0,-0.1554757061550407
U1976@DOM1,54,1.0,0.0,7,1.0,1.0,-0.1554757061550407
U7687@DOM1,54,1.0,0.0,7,1.0,1.0,-0.1554757061550407
U9584@DOM1,54,1.0,0.0,7,1.0,1.0,-0.1554757061550407
U1931@DOM1,54,1.0,0.0,7,1.0,1.0,-0.1554757061550407
U716@DOM1,54,1.0,0.0,7,1.0,1.0,-0.1554757061550407
U5367@DOM1,54,1.0,0.0,7,1.0,1.0,-0.1554757061550407
U9243@DOM1,54,1.0,0.0,7,1.0,1.0,-0.1554757061550407
U7707@DOM1,54,1.0,0.0,7,1.0,1.0,-0.1554757061550407
U9466@DOM1,54,1.0,0.0,7,1.0,1.0,-0.1554757061550407
U3597@DOM1,54,1.0,0.0,7,1.0,1.0,-0.1554757061550407
U8386@DOM1,54,1.0,0.0,7,1.0,1.0,-0.1554757061550407
U7129@DOM1,54,1.0,0.0,7,1.0,1.0,-0.1554757061550407
U4429@DOM1,54,1.0,0.0,7,1.0,1.0,-0.1554757061550407
U9517@DOM1,54,1.0,0.0,7,1.0,1.0,-0.1554757061550407
U9091@DOM1,73,1.0,0.0,8,1.0,1.0,-0.1554930413321382
U3829@DOM1,73,1.0,0.0,8,1.0,1.0,-0.1554930413321382
U1166@DOM1,73,1.0,0.0,8,1.0,1.0,-0.1554930413321382
U1272@DOM1,72,1.0,0.0,8,1.0,1.0,-0.1554930413321382
U3476@DOM1,73,1.0,0.0,8,1.0,1.0,-0.1554930413321382
U626@DOM1,72,1.0,0.0,8,1.0,1.0,-0.1554930413321382
U6682@DOM1,73,1.0,0.0,8,1.0,1.0,-0.1554930413321382
U8759@DOM1,72,1.0,0.0,8,1.0,1.0,-0.1554930413321382
U249@DOM1,73,1.0,0.0,8,1.0,1.0,-0.1554930413321382
U4579@DOM1,72,1.0,0.0,8,1.0,1.0,-0.1554930413321382
U3803@DOM1,73,1.0,0.0,8,1.0,1.0,-0.1554930413321382
U3735@DOM1,72,1.0,0.0,8,1.0,1.0,-0.1554930413321382
U6870@DOM1,72,1.0,0.0,8,1.0,1.0,-0.1554930413321382
U6203@DOM1,73,1.0,0.0,8,1.0,1.0,-0.1554930413321382
U4868@DOM1,72,1.0,0.0,8,1.0,1.0,-0.1554930413321382
U821@DOM1,72,1.0,0.0,8,1.0,1.0,-0.1554930413321382
U3535@DOM1,73,1.0,0.0,8,1.0,1.0,-0.1554930413321382
U1985@DOM1,72,1.0,0.0,8,1.0,1.0,-0.1554930413321382
U2406@DOM1,72,1.0,0.0,8,1.0,1.0,-0.1554930413321382
U4200@DOM1,72,1.0,0.0,8,1.0,1.0,-0.1554930413321382
U5309@DOM1,73,1.0,0.0,8,1.0,1.0,-0.1554930413321382
U5351@DOM1,73,1.0,0.0,8,1.0,1.0,-0.1554930413321382
U4390@DOM1,72,1.0,0.0,8,1.0,1.0,-0.1554930413321382
U3979@DOM1,73,1.0,0.0,8,1.0,1.0,-0.1554930413321382
U9604@DOM1,72,1.0,0.0,8,1.0,1.0,-0.1554930413321382
U3393@DOM1,72,1.0,0.0,8,1.0,1.0,-0.1554930413321382
U2262@DOM1,72,1.0,0.0,8,1.0,1.0,-0.1554930413321382
U5032@DOM1,72,1.0,0.0,8,1.0,1.0,-0.1554930413321382
U5085@DOM1,73,1.0,0.0,8,1.0,1.0,-0.1554930413321382
U450@DOM1,73,1.0,0.0,8,1.0,1.0,-0.1554930413321382
U6448@DOM1,72,1.0,0.0,8,1.0,1.0,-0.1554930413321382
U6820@DOM1,72,1.0,0.0,8,1.0,1.0,-0.1554930413321382
U5178@DOM1,73,1.0,0.0,8,1.0,1.0,-0.1554930413321382
U9008@DOM1,72,1.0,0.0,8,1.0,1.0,-0.1554930413321382
U3221@DOM1,72,1.0,0.0,8,1.0,1.0,-0.1554930413321382
U658@DOM1,73,1.0,0.0,8,1.0,1.0,-0.1554930413321382
U6623@DOM1,73,1.0,0.0,8,1.0,1.0,-0.1554930413321382
U7463@DOM1,73,1.0,0.0,8,1.0,1.0,-0.1554930413321382
C19181$@DOM1,109,1.0,0.0,8,1.0,1.0,-0.15551439323536292
U1430@DOM1,109,1.0,0.0,8,1.0,1.0,-0.15551439323536292
U2997@DOM1,109,1.0,0.0,8,1.0,1.0,-0.15551439323536292
U7500@DOM1,109,1.0,0.0,8,1.0,1.0,-0.15551439323536292
U6590@DOM1,109,1.0,0.0,8,1.0,1.0,-0.15551439323536292
U5312@DOM1,109,1.0,0.0,8,1.0,1.0,-0.15551439323536292
C1748$@DOM1,189,1.0,0.0,7,1.0,1.0,-0.1555153602254316
C19664$@DOM1,189,1.0,0.0,7,1.0,1.0,-0.1555153602254316
C3374$@DOM1,190,1.0,0.0,7,1.0,1.0,-0.1555153602254316
C4501$@DOM1,191,1.0,0.0,7,1.0,1.0,-0.1555153602254316
C1857$@DOM1,190,1.0,0.0,7,1.0,1.0,-0.1555153602254316
C9685$@DOM1,191,1.0,0.0,7,1.0,1.0,-0.1555153602254316
C6495$@DOM1,190,1.0,0.0,7,1.0,1.0,-0.1555153602254316
C11537$@DOM1,190,1.0,0.0,7,1.0,1.0,-0.1555153602254316
C33$@DOM1,165,1.0,0.0,8,1.0,1.0,-0.15552139796873832
C3444$@DOM1,192,1.0,0.0,6,1.0,1.0,-0.15554144277846016
C2204$@DOM1,192,1.0,0.0,6,1.0,1.0,-0.15554144277846016
C7196$@DOM1,192,1.0,0.0,6,1.0,1.0,-0.15554144277846016
C8406$@DOM1,192,1.0,0.0,6,1.0,1.0,-0.15554144277846016
U593@DOM1,75,1.0,0.0,8,1.0,1.0,-0.15555130857756705
U2175@DOM1,74,1.0,0.0,8,1.0,1.0,-0.15555130857756705
U9754@DOM1,74,1.0,0.0,8,1.0,1.0,-0.15555130857756705
U1159@DOM1,75,1.0,0.0,8,1.0,1.0,-0.15555130857756705
U393@DOM1,75,1.0,0.0,8,1.0,1.0,-0.15555130857756705
U6053@DOM1,74,1.0,0.0,8,1.0,1.0,-0.15555130857756705
U9038@DOM1,75,1.0,0.0,8,1.0,1.0,-0.15555130857756705
U5856@DOM1,75,1.0,0.0,8,1.0,1.0,-0.15555130857756705
U6927@DOM1,74,1.0,0.0,8,1.0,1.0,-0.15555130857756705
U1529@DOM1,75,1.0,0.0,8,1.0,1.0,-0.15555130857756705
U43@DOM1,75,1.0,0.0,8,1.0,1.0,-0.15555130857756705
U5694@DOM1,74,1.0,0.0,8,1.0,1.0,-0.15555130857756705
U918@DOM1,74,1.0,0.0,8,1.0,1.0,-0.15555130857756705
U7171@DOM1,75,1.0,0.0,8,1.0,1.0,-0.15555130857756705
U9230@DOM1,74,1.0,0.0,8,1.0,1.0,-0.15555130857756705
U2038@DOM1,75,1.0,0.0,8,1.0,1.0,-0.15555130857756705
U769@DOM1,75,1.0,0.0,8,1.0,1.0,-0.15555130857756705
U478@DOM1,74,1.0,0.0,8,1.0,1.0,-0.15555130857756705
U1107@DOM1,74,1.0,0.0,8,1.0,1.0,-0.15555130857756705
U121@DOM1,74,1.0,0.0,8,1.0,1.0,-0.15555130857756705
U280@DOM1,74,1.0,0.0,8,1.0,1.0,-0.15555130857756705
U3126@DOM1,75,1.0,0.0,8,1.0,1.0,-0.15555130857756705
U9995@DOM1,75,1.0,0.0,8,1.0,1.0,-0.15555130857756705
U6899@DOM1,74,1.0,0.0,8,1.0,1.0,-0.15555130857756705
U1347@DOM1,74,1.0,0.0,8,1.0,1.0,-0.15555130857756705
U3994@DOM1,75,1.0,0.0,8,1.0,1.0,-0.15555130857756705
U3474@DOM1,74,1.0,0.0,8,1.0,1.0,-0.15555130857756705
U2487@DOM1,75,1.0,0.0,8,1.0,1.0,-0.15555130857756705
U6272@DOM1,74,1.0,0.0,8,1.0,1.0,-0.15555130857756705
U3484@DOM1,74,1.0,0.0,8,1.0,1.0,-0.15555130857756705
U5435@DOM1,74,1.0,0.0,8,1.0,1.0,-0.15555130857756705
U5609@DOM1,74,1.0,0.0,8,1.0,1.0,-0.15555130857756705
U363@DOM1,102,1.0,0.0,8,1.0,1.0,-0.15556732840184617
U375@DOM1,102,1.0,0.0,8,1.0,1.0,-0.15556732840184617
U1005@DOM1,102,1.0,0.0,8,1.0,1.0,-0.15556732840184617
U558@DOM1,102,1.0,0.0,8,1.0,1.0,-0.15556732840184617
U146@DOM1,102,1.0,0.0,8,1.0,1.0,-0.15556732840184617
U5428@DOM1,102,1.0,0.0,8,1.0,1.0,-0.15556732840184617
U4978@DOM1,102,1.0,0.0,8,1.0,1.0,-0.15556732840184617
U9025@DOM1,102,1.0,0.0,8,1.0,1.0,-0.15556732840184617
U5708@DOM1,102,1.0,0.0,8,1.0,1.0,-0.15556732840184617
U9287@DOM1,167,1.0,0.0,8,1.0,1.0,-0.15556963217283126
C237$@DOM1,167,1.0,0.0,8,1.0,1.0,-0.15556963217283126
C7392$@DOM1,167,1.0,0.0,8,1.0,1.0,-0.15556963217283126
C7873$@DOM1,168,1.0,0.0,8,1.0,1.0,-0.15556963217283126
C2007$@DOM1,168,1.0,0.0,8,1.0,1.0,-0.15556963217283126
U9883@DOM1,167,1.0,0.0,8,1.0,1.0,-0.15556963217283126
C18829$@DOM1,167,1.0,0.0,8,1.0,1.0,-0.15556963217283126
C9935$@DOM1,104,1.0,0.0,5,1.0,1.0,-0.15557507535473813
C882$@DOM1,104,1.0,0.0,5,1.0,1.0,-0.15557507535473813
C5375$@DOM1,104,1.0,0.0,5,1.0,1.0,-0.15557507535473813
C17295$@DOM1,104,1.0,0.0,5,1.0,1.0,-0.15557507535473813
U5164@DOM1,104,1.0,0.0,5,1.0,1.0,-0.15557507535473813
C4679$@DOM1,104,1.0,0.0,5,1.0,1.0,-0.15557507535473813
C14036$@DOM1,104,1.0,0.0,5,1.0,1.0,-0.15557507535473813
C5137$@DOM1,104,1.0,0.0,5,1.0,1.0,-0.15557507535473813
U3602@DOM1,112,1.0,0.0,8,1.0,1.0,-0.1555822193038987
C5198$@DOM1,112,1.0,0.0,8,1.0,1.0,-0.1555822193038987
C14418$@DOM1,191,1.0,0.0,6,1.0,1.0,-0.15559970183764232
C4303$@DOM1,191,1.0,0.0,6,1.0,1.0,-0.15559970183764232
C4257$@DOM1,189,1.0,0.0,6,1.0,1.0,-0.15559970183764232
C1281$@DOM1,190,1.0,0.0,6,1.0,1.0,-0.15559970183764232
C13849$@DOM1,190,1.0,0.0,6,1.0,1.0,-0.15559970183764232
C13713$@DOM1,191,1.0,0.0,6,1.0,1.0,-0.15559970183764232
C18670$@DOM1,190,1.0,0.0,6,1.0,1.0,-0.15559970183764232
U5342@DOM1,190,1.0,0.0,6,1.0,1.0,-0.15559970183764232
C11400$@DOM1,190,1.0,0.0,6,1.0,1.0,-0.15559970183764232
C10995$@DOM1,189,1.0,0.0,6,1.0,1.0,-0.15559970183764232
C1352$@DOM1,189,1.0,0.0,6,1.0,1.0,-0.15559970183764232
C21041$@DOM1,191,1.0,0.0,6,1.0,1.0,-0.15559970183764232
U4676@DOM1,190,1.0,0.0,6,1.0,1.0,-0.15559970183764232
C3827$@DOM1,189,1.0,0.0,6,1.0,1.0,-0.15559970183764232
U6211@DOM1,111,1.0,0.0,8,1.0,1.0,-0.1556318307246451
C18658$@DOM1,111,1.0,0.0,8,1.0,1.0,-0.1556318307246451
C404$@DOM1,111,1.0,0.0,8,1.0,1.0,-0.1556318307246451
U1452@DOM1,111,1.0,0.0,8,1.0,1.0,-0.1556318307246451
U871@DOM1,111,1.0,0.0,8,1.0,1.0,-0.1556318307246451
C1474$@DOM1,111,1.0,0.0,8,1.0,1.0,-0.1556318307246451
U2199@DOM1,110,1.0,0.0,8,1.0,1.0,-0.1556318307246451
U5684@DOM1,111,1.0,0.0,8,1.0,1.0,-0.1556318307246451
U5626@DOM1,110,1.0,0.0,8,1.0,1.0,-0.1556318307246451
U778@DOM1,55,1.0,0.0,7,1.0,1.0,-0.15566560777837707
U4825@DOM1,55,1.0,0.0,7,1.0,1.0,-0.15566560777837707
U8610@DOM1,55,1.0,0.0,7,1.0,1.0,-0.15566560777837707
U8733@DOM1,55,1.0,0.0,7,1.0,1.0,-0.15566560777837707
U5760@DOM1,55,1.0,0.0,7,1.0,1.0,-0.15566560777837707
U4693@DOM1,55,1.0,0.0,7,1.0,1.0,-0.15566560777837707
U664@DOM1,55,1.0,0.0,7,1.0,1.0,-0.15566560777837707
U1379@DOM1,55,1.0,0.0,7,1.0,1.0,-0.15566560777837707
U8141@DOM1,55,1.0,0.0,7,1.0,1.0,-0.15566560777837707
U2458@DOM1,55,1.0,0.0,7,1.0,1.0,-0.15566560777837707
U6122@DOM1,55,1.0,0.0,7,1.0,1.0,-0.15566560777837707
U3568@DOM1,55,1.0,0.0,7,1.0,1.0,-0.15566560777837707
U2641@DOM1,55,1.0,0.0,7,1.0,1.0,-0.15566560777837707
U3738@DOM1,55,1.0,0.0,7,1.0,1.0,-0.15566560777837707
U8639@DOM1,55,1.0,0.0,7,1.0,1.0,-0.15566560777837707
U7797@DOM1,55,1.0,0.0,7,1.0,1.0,-0.15566560777837707
U3700@DOM1,55,1.0,0.0,7,1.0,1.0,-0.15566560777837707
U5882@DOM1,55,1.0,0.0,7,1.0,1.0,-0.15566560777837707
U4252@DOM1,55,1.0,0.0,7,1.0,1.0,-0.15566560777837707
U3934@DOM1,55,1.0,0.0,7,1.0,1.0,-0.15566560777837707
U9891@DOM1,55,1.0,0.0,7,1.0,1.0,-0.15566560777837707
U6408@DOM1,55,1.0,0.0,7,1.0,1.0,-0.15566560777837707
C5573$@DOM1,55,1.0,0.0,7,1.0,1.0,-0.15566560777837707
U7640@DOM1,113,1.0,0.0,8,1.0,1.0,-0.15568399909686664
U8820@DOM1,113,1.0,0.0,8,1.0,1.0,-0.15568399909686664
U7780@DOM1,113,1.0,0.0,8,1.0,1.0,-0.15568399909686664
C16162$@DOM1,113,1.0,0.0,8,1.0,1.0,-0.15568399909686664
C19282$@DOM1,163,1.0,0.0,8,1.0,1.0,-0.15571154806263776
C6994$@DOM1,164,1.0,0.0,8,1.0,1.0,-0.15571154806263776
C21509$@DOM1,164,1.0,0.0,8,1.0,1.0,-0.15571154806263776
C6369$@DOM1,163,1.0,0.0,8,1.0,1.0,-0.15571154806263776
C67$@DOM1,164,1.0,0.0,8,1.0,1.0,-0.15571154806263776
C17624$@DOM1,163,1.0,0.0,8,1.0,1.0,-0.15571154806263776
C21076$@DOM1,164,1.0,0.0,8,1.0,1.0,-0.15571154806263776
C14276$@DOM1,164,1.0,0.0,8,1.0,1.0,-0.15571154806263776
C2855$@DOM1,164,1.0,0.0,8,1.0,1.0,-0.15571154806263776
C4040$@DOM1,164,1.0,0.0,8,1.0,1.0,-0.15571154806263776
C17605$@DOM1,164,1.0,0.0,8,1.0,1.0,-0.15571154806263776
C5121$@DOM1,114,1.0,0.0,8,1.0,1.0,-0.15577608456509962
U10162@DOM1,114,1.0,0.0,8,1.0,1.0,-0.15577608456509962
C18979$@DOM1,114,1.0,0.0,8,1.0,1.0,-0.15577608456509962
U2673@DOM1,107,1.0,0.0,8,1.0,1.0,-0.1557870872791275
U6685@DOM1,107,1.0,0.0,8,1.0,1.0,-0.1557870872791275
C13338$@DOM1,107,1.0,0.0,8,1.0,1.0,-0.1557870872791275
U417@DOM1,107,1.0,0.0,8,1.0,1.0,-0.1557870872791275
U7554@DOM1,107,1.0,0.0,8,1.0,1.0,-0.1557870872791275
C7650$@DOM1,107,1.0,0.0,8,1.0,1.0,-0.1557870872791275
U562@DOM1,104,1.0,0.0,8,1.0,1.0,-0.15583848118266075
U7128@DOM1,104,1.0,0.0,8,1.0,1.0,-0.15583848118266075
C12521$@DOM1,104,1.0,0.0,8,1.0,1.0,-0.15583848118266075
U524@DOM1,104,1.0,0.0,8,1.0,1.0,-0.15583848118266075
U9102@DOM1,51,1.0,0.0,6,1.0,1.0,-0.15596272800476635
U5984@DOM1,51,1.0,0.0,6,1.0,1.0,-0.15596272800476635
U979@DOM1,51,1.0,0.0,6,1.0,1.0,-0.15596272800476635
U5946@DOM1,51,1.0,0.0,6,1.0,1.0,-0.15596272800476635
U946@DOM1,51,1.0,0.0,6,1.0,1.0,-0.15596272800476635
U3193@DOM1,51,1.0,0.0,6,1.0,1.0,-0.15596272800476635
U7844@DOM1,51,1.0,0.0,6,1.0,1.0,-0.15596272800476635
U3990@DOM1,51,1.0,0.0,6,1.0,1.0,-0.15596272800476635
U391@DOM1,51,1.0,0.0,6,1.0,1.0,-0.15596272800476635
U2733@DOM1,51,1.0,0.0,6,1.0,1.0,-0.15596272800476635
U7974@DOM1,51,1.0,0.0,6,1.0,1.0,-0.15596272800476635
U5343@DOM1,51,1.0,0.0,6,1.0,1.0,-0.15596272800476635
U4779@DOM1,108,1.0,0.0,8,1.0,1.0,-0.1559778247367931
U1948@DOM1,108,1.0,0.0,8,1.0,1.0,-0.1559778247367931
U3958@DOM1,108,1.0,0.0,8,1.0,1.0,-0.1559778247367931
U5415@DOM1,108,1.0,0.0,8,1.0,1.0,-0.1559778247367931
U2266@DOM1,108,1.0,0.0,8,1.0,1.0,-0.1559778247367931
U7542@DOM1,108,1.0,0.0,8,1.0,1.0,-0.1559778247367931
U5216@DOM1,108,1.0,0.0,8,1.0,1.0,-0.1559778247367931
C14110$@DOM1,187,1.0,0.0,7,1.0,1.0,-0.15603104048873245
C18087$@DOM1,187,1.0,0.0,7,1.0,1.0,-0.15603104048873245
C14757$@DOM1,187,1.0,0.0,7,1.0,1.0,-0.15603104048873245
U1573@DOM1,106,1.0,0.0,8,1.0,1.0,-0.15603724171773709
U5780@DOM1,106,1.0,0.0,8,1.0,1.0,-0.15603724171773709
C16001$@DOM1,106,1.0,0.0,8,1.0,1.0,-0.15603724171773709
U1208@DOM1,105,1.0,0.0,8,1.0,1.0,-0.15604743350701505
U9330@DOM1,105,1.0,0.0,8,1.0,1.0,-0.15604743350701505
U6352@DOM1,105,1.0,0.0,8,1.0,1.0,-0.15604743350701505
U2074@DOM1,105,1.0,0.0,8,1.0,1.0,-0.15604743350701505
U9697@DOM1,105,1.0,0.0,8,1.0,1.0,-0.15604743350701505
U1270@DOM1,105,1.0,0.0,8,1.0,1.0,-0.15604743350701505
U4233@DOM1,105,1.0,0.0,8,1.0,1.0,-0.15604743350701505
C9165$@DOM1,105,1.0,0.0,5,1.0,1.0,-0.1561022902795154
C7652$@DOM1,105,1.0,0.0,5,1.0,1.0,-0.1561022902795154
C16561$@DOM1,105,1.0,0.0,5,1.0,1.0,-0.1561022902795154
C20019$@DOM1,162,1.0,0.0,5,1.0,1.0,-0.15611448888850354
C20817$@DOM1,162,1.0,0.0,5,1.0,1.0,-0.15611448888850354
C18063$@DOM1,162,1.0,0.0,5,1.0,1.0,-0.15611448888850354
C18684$@DOM1,162,1.0,0.0,5,1.0,1.0,-0.15611448888850354
C3959$@DOM1,162,1.0,0.0,5,1.0,1.0,-0.15611448888850354
C8685$@DOM1,162,1.0,0.0,5,1.0,1.0,-0.15611448888850354
C19601$@DOM1,162,1.0,0.0,5,1.0,1.0,-0.15611448888850354
C14025$@DOM1,162,1.0,0.0,5,1.0,1.0,-0.15611448888850354
C12929$@DOM1,162,1.0,0.0,5,1.0,1.0,-0.15611448888850354
U3024@DOM1,115,1.0,0.0,8,1.0,1.0,-0.15615727432078075
U3389@DOM1,115,1.0,0.0,8,1.0,1.0,-0.15615727432078075
U7751@DOM1,188,1.0,0.0,7,1.0,1.0,-0.15619691316617734
C20431$@DOM1,188,1.0,0.0,7,1.0,1.0,-0.15619691316617734
C19156$@DOM1,188,1.0,0.0,7,1.0,1.0,-0.15619691316617734
U8770@DOM1,56,1.0,0.0,7,1.0,1.0,-0.1562069538182399
U2694@DOM1,56,1.0,0.0,7,1.0,1.0,-0.1562069538182399
U1865@DOM1,56,1.0,0.0,7,1.0,1.0,-0.1562069538182399
U5921@DOM1,56,1.0,0.0,7,1.0,1.0,-0.1562069538182399
U2826@DOM1,56,1.0,0.0,7,1.0,1.0,-0.1562069538182399
U9963@DOM1,56,1.0,0.0,7,1.0,1.0,-0.1562069538182399
U6711@DOM1,56,1.0,0.0,7,1.0,1.0,-0.1562069538182399
U5442@DOM1,56,1.0,0.0,7,1.0,1.0,-0.1562069538182399
U8821@DOM1,56,1.0,0.0,7,1.0,1.0,-0.1562069538182399
U5667@DOM1,56,1.0,0.0,7,1.0,1.0,-0.1562069538182399
U7245@DOM1,56,1.0,0.0,7,1.0,1.0,-0.1562069538182399
U3944@DOM1,56,1.0,0.0,7,1.0,1.0,-0.1562069538182399
U4705@DOM1,56,1.0,0.0,7,1.0,1.0,-0.1562069538182399
U3662@DOM1,56,1.0,0.0,7,1.0,1.0,-0.1562069538182399
U4737@DOM1,56,1.0,0.0,7,1.0,1.0,-0.1562069538182399
C13948$@DOM1,107,1.0,0.0,5,1.0,1.0,-0.15622289318155297
C2313$@DOM1,107,1.0,0.0,5,1.0,1.0,-0.15622289318155297
C9520$@DOM1,107,1.0,0.0,5,1.0,1.0,-0.15622289318155297
C3239$@DOM1,107,1.0,0.0,5,1.0,1.0,-0.15622289318155297
C3242$@DOM1,187,1.0,0.0,6,1.0,1.0,-0.15622294411562576
C12228$@DOM1,187,1.0,0.0,6,1.0,1.0,-0.15622294411562576
C10518$@DOM1,187,1.0,0.0,6,1.0,1.0,-0.15622294411562576
C21522$@DOM1,160,1.0,0.0,5,1.0,1.0,-0.15623112329994726
C7612$@DOM1,160,1.0,0.0,5,1.0,1.0,-0.15623112329994726
C3599$@DOM1,160,1.0,0.0,5,1.0,1.0,-0.15623112329994726
C4297$@DOM1,160,1.0,0.0,5,1.0,1.0,-0.15623112329994726
C1952$@DOM1,160,1.0,0.0,5,1.0,1.0,-0.15623112329994726
C16510$@DOM1,106,1.0,0.0,5,1.0,1.0,-0.15624022640619295
C1940$@DOM1,106,1.0,0.0,5,1.0,1.0,-0.15624022640619295
C6499$@DOM1,106,1.0,0.0,5,1.0,1.0,-0.15624022640619295
C13494$@DOM1,106,1.0,0.0,5,1.0,1.0,-0.15624022640619295
C18026$@DOM1,106,1.0,0.0,5,1.0,1.0,-0.15624022640619295
C12850$@DOM1,106,1.0,0.0,5,1.0,1.0,-0.15624022640619295
C5384$@DOM1,106,1.0,0.0,5,1.0,1.0,-0.15624022640619295
U3167@DOM1,135,1.0,0.0,8,1.0,1.0,-0.15626642221719117
C1951$@DOM1,135,1.0,0.0,8,1.0,1.0,-0.15626642221719117
U3591@DOM1,135,1.0,0.0,8,1.0,1.0,-0.15626642221719117
C8878$@DOM1,135,1.0,0.0,8,1.0,1.0,-0.15626642221719117
U1366@DOM1,135,1.0,0.0,8,1.0,1.0,-0.15626642221719117
C5540$@DOM1,188,1.0,0.0,6,1.0,1.0,-0.15628108791093687
C3208$@DOM1,188,1.0,0.0,6,1.0,1.0,-0.15628108791093687
C17966$@DOM1,188,1.0,0.0,6,1.0,1.0,-0.15628108791093687
U10030@DOM1,188,1.0,0.0,6,1.0,1.0,-0.15628108791093687
C14818$@DOM1,188,1.0,0.0,6,1.0,1.0,-0.15628108791093687
C8540$@DOM1,188,1.0,0.0,6,1.0,1.0,-0.15628108791093687
U5843@DOM1,161,1.0,0.0,5,1.0,1.0,-0.15630100286650506
C18973$@DOM1,161,1.0,0.0,5,1.0,1.0,-0.15630100286650506
C7359$@DOM1,161,1.0,0.0,5,1.0,1.0,-0.15630100286650506
C1761$@DOM1,161,1.0,0.0,5,1.0,1.0,-0.15630100286650506
C13783$@DOM1,161,1.0,0.0,5,1.0,1.0,-0.15630100286650506
C3984$@DOM1,161,1.0,0.0,5,1.0,1.0,-0.15630100286650506
C20787$@DOM1,161,1.0,0.0,5,1.0,1.0,-0.15630100286650506
U3698@DOM1,52,1.0,0.0,6,1.0,1.0,-0.15631822894992792
U6844@DOM1,52,1.0,0.0,6,1.0,1.0,-0.15631822894992792
U6183@DOM1,52,1.0,0.0,6,1.0,1.0,-0.15631822894992792
U5456@DOM1,52,1.0,0.0,6,1.0,1.0,-0.15631822894992792
U776@DOM1,52,1.0,0.0,6,1.0,1.0,-0.15631822894992792
U1256@DOM1,52,1.0,0.0,6,1.0,1.0,-0.15631822894992792
U7267@DOM1,52,1.0,0.0,6,1.0,1.0,-0.15631822894992792
U3018@DOM1,52,1.0,0.0,6,1.0,1.0,-0.15631822894992792
U3093@DOM1,52,1.0,0.0,6,1.0,1.0,-0.15631822894992792
U2018@DOM1,52,1.0,0.0,6,1.0,1.0,-0.15631822894992792
U1442@DOM1,52,1.0,0.0,6,1.0,1.0,-0.15631822894992792
C18787$@DOM1,132,1.0,0.0,8,1.0,1.0,-0.15643304131115138
U321@DOM1,132,1.0,0.0,8,1.0,1.0,-0.15643304131115138
C4864$@DOM1,133,1.0,0.0,8,1.0,1.0,-0.15644517361217514
C10813$@DOM1,133,1.0,0.0,8,1.0,1.0,-0.15644517361217514
C3536$@DOM1,136,1.0,0.0,8,1.0,1.0,-0.15645546937854732
C4135$@DOM1,136,1.0,0.0,8,1.0,1.0,-0.15645546937854732
C861$@DOM1,136,1.0,0.0,8,1.0,1.0,-0.15645546937854732
C3008$@DOM1,134,1.0,0.0,8,1.0,1.0,-0.15657501460099155
C158$@DOM1,160,1.0,0.0,8,1.0,1.0,-0.1565900930000706
C3425$@DOM1,160,1.0,0.0,8,1.0,1.0,-0.1565900930000706
C18094$@DOM1,160,1.0,0.0,8,1.0,1.0,-0.1565900930000706
C1705$@DOM1,185,1.0,0.0,7,1.0,1.0,-0.15660684312487078
C704$@DOM1,185,1.0,0.0,7,1.0,1.0,-0.15660684312487078
U255@DOM1,186,1.0,0.0,7,1.0,1.0,-0.15665566151275895
C19638$@DOM1,186,1.0,0.0,7,1.0,1.0,-0.15665566151275895
C10349$@DOM1,186,1.0,0.0,7,1.0,1.0,-0.15665566151275895
C9627$@DOM1,161,1.0,0.0,8,1.0,1.0,-0.1566598995971168
C3758$@DOM1,162,1.0,0.0,8,1.0,1.0,-0.1566598995971168
C305$@DOM1,161,1.0,0.0,8,1.0,1.0,-0.1566598995971168
C19915$@DOM1,162,1.0,0.0,8,1.0,1.0,-0.1566598995971168
C2352$@DOM1,161,1.0,0.0,8,1.0,1.0,-0.1566598995971168
C1227$@DOM1,162,1.0,0.0,8,1.0,1.0,-0.1566598995971168
C13221$@DOM1,161,1.0,0.0,8,1.0,1.0,-0.1566598995971168
C8836$@DOM1,162,1.0,0.0,8,1.0,1.0,-0.1566598995971168
C4794$@DOM1,161,1.0,0.0,8,1.0,1.0,-0.1566598995971168
C16592$@DOM1,162,1.0,0.0,8,1.0,1.0,-0.1566598995971168
C13701$@DOM1,161,1.0,0.0,8,1.0,1.0,-0.1566598995971168
C19814$@DOM1,159,1.0,0.0,5,1.0,1.0,-0.15668269668774576
C9080$@DOM1,159,1.0,0.0,5,1.0,1.0,-0.15668269668774576
C16903$@DOM1,159,1.0,0.0,5,1.0,1.0,-0.15668269668774576
C8542$@DOM1,159,1.0,0.0,5,1.0,1.0,-0.15668269668774576
C18466$@DOM1,159,1.0,0.0,5,1.0,1.0,-0.15668269668774576
C8202$@DOM1,159,1.0,0.0,5,1.0,1.0,-0.15668269668774576
C11283$@DOM1,159,1.0,0.0,5,1.0,1.0,-0.15668269668774576
C3482$@DOM1,159,1.0,0.0,5,1.0,1.0,-0.15668269668774576
C18580$@DOM1,159,1.0,0.0,5,1.0,1.0,-0.15668269668774576
C13838$@DOM1,159,1.0,0.0,5,1.0,1.0,-0.15668269668774576
C3029$@DOM1,159,1.0,0.0,5,1.0,1.0,-0.15668269668774576
C15606$@DOM1,159,1.0,0.0,5,1.0,1.0,-0.15668269668774576
C1496$@DOM1,159,1.0,0.0,5,1.0,1.0,-0.15668269668774576
C9735$@DOM1,159,1.0,0.0,5,1.0,1.0,-0.15668269668774576
C10525$@DOM1,159,1.0,0.0,5,1.0,1.0,-0.15668269668774576
C58$@DOM1,159,1.0,0.0,5,1.0,1.0,-0.15668269668774576
C9382$@DOM1,159,1.0,0.0,5,1.0,1.0,-0.15668269668774576
C20345$@DOM1,159,1.0,0.0,5,1.0,1.0,-0.15668269668774576
C9776$@DOM1,116,1.0,0.0,8,1.0,1.0,-0.15668556036379322
U9664@DOM1,116,1.0,0.0,8,1.0,1.0,-0.15668556036379322
C850$@DOM1,159,1.0,0.0,8,1.0,1.0,-0.15671023303051634
C1111$@DOM1,159,1.0,0.0,8,1.0,1.0,-0.15671023303051634
C2747$@DOM1,159,1.0,0.0,8,1.0,1.0,-0.15671023303051634
C19741$@DOM1,159,1.0,0.0,8,1.0,1.0,-0.15671023303051634
C11833$@DOM1,139,1.0,0.0,8,1.0,1.0,-0.15671232687831355
C5377$@DOM1,158,1.0,0.0,5,1.0,1.0,-0.15676844801313228
C10181$@DOM1,158,1.0,0.0,5,1.0,1.0,-0.15676844801313228
C10129$@DOM1,158,1.0,0.0,5,1.0,1.0,-0.15676844801313228
C19566$@DOM1,158,1.0,0.0,5,1.0,1.0,-0.15676844801313228
C21545$@DOM1,158,1.0,0.0,5,1.0,1.0,-0.15676844801313228
C2600$@DOM1,158,1.0,0.0,5,1.0,1.0,-0.15676844801313228
C18055$@DOM1,158,1.0,0.0,5,1.0,1.0,-0.15676844801313228
C7011$@DOM1,158,1.0,0.0,5,1.0,1.0,-0.15676844801313228
C4960$@DOM1,158,1.0,0.0,5,1.0,1.0,-0.15676844801313228
C3193$@DOM1,158,1.0,0.0,5,1.0,1.0,-0.15676844801313228
C2956$@DOM1,158,1.0,0.0,5,1.0,1.0,-0.15676844801313228
C15224$@DOM1,158,1.0,0.0,5,1.0,1.0,-0.15676844801313228
C11571$@DOM1,158,1.0,0.0,5,1.0,1.0,-0.15676844801313228
C8078$@DOM1,158,1.0,0.0,5,1.0,1.0,-0.15676844801313228
C16691$@DOM1,158,1.0,0.0,5,1.0,1.0,-0.15676844801313228
C14633$@DOM1,158,1.0,0.0,5,1.0,1.0,-0.15676844801313228
C9526$@DOM1,158,1.0,0.0,5,1.0,1.0,-0.15676844801313228
C16343$@DOM1,158,1.0,0.0,5,1.0,1.0,-0.15676844801313228
C8998$@DOM1,141,1.0,0.0,8,1.0,1.0,-0.15677038790320497
C3611$@DOM1,141,1.0,0.0,8,1.0,1.0,-0.15677038790320497
C4254$@DOM1,141,1.0,0.0,8,1.0,1.0,-0.15677038790320497
C2064$@DOM1,140,1.0,0.0,8,1.0,1.0,-0.15677038790320497
C12465$@DOM1,141,1.0,0.0,8,1.0,1.0,-0.15677038790320497
C18831$@DOM1,113,1.0,0.0,5,1.0,1.0,-0.15677702455028375
C6777$@DOM1,113,1.0,0.0,5,1.0,1.0,-0.15677702455028375
C2183$@DOM1,113,1.0,0.0,5,1.0,1.0,-0.15677702455028375
C7497$@DOM1,113,1.0,0.0,5,1.0,1.0,-0.15677702455028375
C21504$@DOM1,142,1.0,0.0,8,1.0,1.0,-0.15678362154539716
C19067$@DOM1,142,1.0,0.0,8,1.0,1.0,-0.15678362154539716
U7021@DOM1,142,1.0,0.0,8,1.0,1.0,-0.15678362154539716
C2004$@DOM1,142,1.0,0.0,8,1.0,1.0,-0.15678362154539716
C9709$@DOM1,142,1.0,0.0,8,1.0,1.0,-0.15678362154539716
C13548$@DOM1,157,1.0,0.0,8,1.0,1.0,-0.1567959774780734
C879$@DOM1,157,1.0,0.0,8,1.0,1.0,-0.1567959774780734
C372$@DOM1,157,1.0,0.0,8,1.0,1.0,-0.1567959774780734
C4140$@DOM1,157,1.0,0.0,8,1.0,1.0,-0.1567959774780734
U4239@DOM1,157,1.0,0.0,8,1.0,1.0,-0.1567959774780734
C1870$@DOM1,158,1.0,0.0,8,1.0,1.0,-0.1567959774780734
C7065$@DOM1,157,1.0,0.0,8,1.0,1.0,-0.1567959774780734
C2849$@DOM1,157,1.0,0.0,8,1.0,1.0,-0.1567959774780734
C2962$@DOM1,185,1.0,0.0,6,1.0,1.0,-0.1568458501325216
C532$@DOM1,186,1.0,0.0,6,1.0,1.0,-0.15684721665750978
C2812$@DOM1,186,1.0,0.0,6,1.0,1.0,-0.15684721665750978
C3050$@DOM1,186,1.0,0.0,6,1.0,1.0,-0.15684721665750978
C4216$@DOM1,110,1.0,0.0,5,1.0,1.0,-0.15685126379454206
C7063$@DOM1,110,1.0,0.0,5,1.0,1.0,-0.15685126379454206
C19094$@DOM1,110,1.0,0.0,5,1.0,1.0,-0.15685126379454206
C13471$@DOM1,110,1.0,0.0,5,1.0,1.0,-0.15685126379454206
C3075$@DOM1,110,1.0,0.0,5,1.0,1.0,-0.15685126379454206
C14122$@DOM1,110,1.0,0.0,5,1.0,1.0,-0.15685126379454206
C15087$@DOM1,157,1.0,0.0,5,1.0,1.0,-0.1568595127590966
C6148$@DOM1,157,1.0,0.0,5,1.0,1.0,-0.1568595127590966
C15731$@DOM1,157,1.0,0.0,5,1.0,1.0,-0.1568595127590966
C9976$@DOM1,157,1.0,0.0,5,1.0,1.0,-0.1568595127590966
C17546$@DOM1,157,1.0,0.0,5,1.0,1.0,-0.1568595127590966
C7491$@DOM1,157,1.0,0.0,5,1.0,1.0,-0.1568595127590966
C1925$@DOM1,157,1.0,0.0,5,1.0,1.0,-0.1568595127590966
C3813$@DOM1,131,1.0,0.0,8,1.0,1.0,-0.15687119853653653
C1604$@DOM1,130,1.0,0.0,8,1.0,1.0,-0.15687119853653653
C10227$@DOM1,131,1.0,0.0,8,1.0,1.0,-0.15687119853653653
C4841$@DOM1,131,1.0,0.0,8,1.0,1.0,-0.15687119853653653
C4612$@DOM1,131,1.0,0.0,8,1.0,1.0,-0.15687119853653653
U7586@DOM1,130,1.0,0.0,8,1.0,1.0,-0.15687119853653653
U707@DOM1,130,1.0,0.0,8,1.0,1.0,-0.15687119853653653
U5824@DOM1,126,1.0,0.0,8,1.0,1.0,-0.1568810391276818
U268@DOM1,127,1.0,0.0,8,1.0,1.0,-0.1568810391276818
C4280$@DOM1,125,1.0,0.0,8,1.0,1.0,-0.1568810391276818
C8452$@DOM1,126,1.0,0.0,8,1.0,1.0,-0.1568810391276818
U7100@DOM1,125,1.0,0.0,8,1.0,1.0,-0.1568810391276818
C390$@DOM1,127,1.0,0.0,8,1.0,1.0,-0.1568810391276818
C1297$@DOM1,126,1.0,0.0,8,1.0,1.0,-0.1568810391276818
C7816$@DOM1,126,1.0,0.0,8,1.0,1.0,-0.1568810391276818
C17418$@DOM1,126,1.0,0.0,8,1.0,1.0,-0.1568810391276818
C2081$@DOM1,122,1.0,0.0,8,1.0,1.0,-0.15689171908024918
U5128@DOM1,122,1.0,0.0,8,1.0,1.0,-0.15689171908024918
C4921$@DOM1,138,1.0,0.0,8,1.0,1.0,-0.15689275299869415
U8324@DOM1,138,1.0,0.0,8,1.0,1.0,-0.15689275299869415
C2458$@DOM1,156,1.0,0.0,8,1.0,1.0,-0.15690521088712783
C18328$@DOM1,156,1.0,0.0,8,1.0,1.0,-0.15690521088712783
C19840$@DOM1,109,1.0,0.0,5,1.0,1.0,-0.15694048254004522
C16897$@DOM1,109,1.0,0.0,5,1.0,1.0,-0.15694048254004522
C5365$@DOM1,109,1.0,0.0,5,1.0,1.0,-0.15694048254004522
C5511$@DOM1,109,1.0,0.0,5,1.0,1.0,-0.15694048254004522
C10212$@DOM1,109,1.0,0.0,5,1.0,1.0,-0.15694048254004522
C18144$@DOM1,109,1.0,0.0,5,1.0,1.0,-0.15694048254004522
C18048$@DOM1,156,1.0,0.0,5,1.0,1.0,-0.1569672174212105
C19035$@DOM1,156,1.0,0.0,5,1.0,1.0,-0.1569672174212105
C11238$@DOM1,156,1.0,0.0,5,1.0,1.0,-0.1569672174212105
C10576$@DOM1,156,1.0,0.0,5,1.0,1.0,-0.1569672174212105
C2888$@DOM1,156,1.0,0.0,5,1.0,1.0,-0.1569672174212105
C17508$@DOM1,156,1.0,0.0,5,1.0,1.0,-0.1569672174212105
C5883$@DOM1,156,1.0,0.0,5,1.0,1.0,-0.1569672174212105
C4202$@DOM1,156,1.0,0.0,5,1.0,1.0,-0.1569672174212105
C8613$@DOM1,156,1.0,0.0,5,1.0,1.0,-0.1569672174212105
C20091$@DOM1,156,1.0,0.0,5,1.0,1.0,-0.1569672174212105
C3587$@DOM1,156,1.0,0.0,5,1.0,1.0,-0.1569672174212105
C6133$@DOM1,156,1.0,0.0,5,1.0,1.0,-0.1569672174212105
U8004@DOM1,54,1.0,0.0,6,1.0,1.0,-0.1569774744240754
U1128@DOM1,54,1.0,0.0,6,1.0,1.0,-0.1569774744240754
U9060@DOM1,53,1.0,0.0,6,1.0,1.0,-0.1569774744240754
U2831@DOM1,53,1.0,0.0,6,1.0,1.0,-0.1569774744240754
U3889@DOM1,53,1.0,0.0,6,1.0,1.0,-0.1569774744240754
U4568@DOM1,54,1.0,0.0,6,1.0,1.0,-0.1569774744240754
U3641@DOM1,53,1.0,0.0,6,1.0,1.0,-0.1569774744240754
U471@DOM1,53,1.0,0.0,6,1.0,1.0,-0.1569774744240754
U5711@DOM1,53,1.0,0.0,6,1.0,1.0,-0.1569774744240754
U830@DOM1,54,1.0,0.0,6,1.0,1.0,-0.1569774744240754
U4243@DOM1,53,1.0,0.0,6,1.0,1.0,-0.1569774744240754
U9097@DOM1,53,1.0,0.0,6,1.0,1.0,-0.1569774744240754
U2110@DOM1,53,1.0,0.0,6,1.0,1.0,-0.1569774744240754
U514@DOM1,54,1.0,0.0,6,1.0,1.0,-0.1569774744240754
U4138@DOM1,54,1.0,0.0,6,1.0,1.0,-0.1569774744240754
U3195@DOM1,54,1.0,0.0,6,1.0,1.0,-0.1569774744240754
U3493@DOM1,53,1.0,0.0,6,1.0,1.0,-0.1569774744240754
U5578@DOM1,53,1.0,0.0,6,1.0,1.0,-0.1569774744240754
U4026@DOM1,54,1.0,0.0,6,1.0,1.0,-0.1569774744240754
U1008@DOM1,54,1.0,0.0,6,1.0,1.0,-0.1569774744240754
U7788@DOM1,53,1.0,0.0,6,1.0,1.0,-0.1569774744240754
U439@DOM1,54,1.0,0.0,6,1.0,1.0,-0.1569774744240754
U148@DOM1,54,1.0,0.0,6,1.0,1.0,-0.1569774744240754
U3576@DOM1,54,1.0,0.0,6,1.0,1.0,-0.1569774744240754
U7690@DOM1,53,1.0,0.0,6,1.0,1.0,-0.1569774744240754
C3153$@DOM1,129,1.0,0.0,8,1.0,1.0,-0.15698129400674932
C17813$@DOM1,129,1.0,0.0,8,1.0,1.0,-0.15698129400674932
C4670$@DOM1,128,1.0,0.0,8,1.0,1.0,-0.15698129400674932
C414$@DOM1,128,1.0,0.0,8,1.0,1.0,-0.15698129400674932
C11251$@DOM1,129,1.0,0.0,8,1.0,1.0,-0.15698129400674932
C20536$@DOM1,128,1.0,0.0,8,1.0,1.0,-0.15698129400674932
C273$@DOM1,128,1.0,0.0,8,1.0,1.0,-0.15698129400674932
U9632@DOM1,137,1.0,0.0,8,1.0,1.0,-0.15698847757487033
U3754@DOM1,121,1.0,0.0,8,1.0,1.0,-0.1569926936767238
C2753$@DOM1,121,1.0,0.0,8,1.0,1.0,-0.1569926936767238
C3743$@DOM1,121,1.0,0.0,8,1.0,1.0,-0.1569926936767238
C982$@DOM1,121,1.0,0.0,8,1.0,1.0,-0.1569926936767238
U8343@DOM1,121,1.0,0.0,8,1.0,1.0,-0.1569926936767238
U587@DOM1,121,1.0,0.0,8,1.0,1.0,-0.1569926936767238
U3561@DOM1,121,1.0,0.0,8,1.0,1.0,-0.1569926936767238
C18381$@DOM1,108,1.0,0.0,5,1.0,1.0,-0.1570035245192598
C10727$@DOM1,108,1.0,0.0,5,1.0,1.0,-0.1570035245192598
C10593$@DOM1,108,1.0,0.0,5,1.0,1.0,-0.1570035245192598
C17994$@DOM1,108,1.0,0.0,5,1.0,1.0,-0.1570035245192598
U3959@DOM1,123,1.0,0.0,8,1.0,1.0,-0.15704414222727447
U7475@DOM1,123,1.0,0.0,8,1.0,1.0,-0.15704414222727447
U343@DOM1,123,1.0,0.0,8,1.0,1.0,-0.15704414222727447
C11605$@DOM1,155,1.0,0.0,8,1.0,1.0,-0.157046164613523
C2234$@DOM1,155,1.0,0.0,8,1.0,1.0,-0.157046164613523
C2662$@DOM1,155,1.0,0.0,8,1.0,1.0,-0.157046164613523
C19618$@DOM1,155,1.0,0.0,8,1.0,1.0,-0.157046164613523
C14151$@DOM1,111,1.0,0.0,5,1.0,1.0,-0.15704734766336076
C14660$@DOM1,112,1.0,0.0,5,1.0,1.0,-0.15704734766336076
C2989$@DOM1,111,1.0,0.0,5,1.0,1.0,-0.15704734766336076
C7932$@DOM1,112,1.0,0.0,5,1.0,1.0,-0.15704734766336076
C16230$@DOM1,112,1.0,0.0,5,1.0,1.0,-0.15704734766336076
C3530$@DOM1,111,1.0,0.0,5,1.0,1.0,-0.15704734766336076
C10225$@DOM1,112,1.0,0.0,5,1.0,1.0,-0.15704734766336076
C15701$@DOM1,112,1.0,0.0,5,1.0,1.0,-0.15704734766336076
C10193$@DOM1,111,1.0,0.0,5,1.0,1.0,-0.15704734766336076
C4879$@DOM1,111,1.0,0.0,5,1.0,1.0,-0.15704734766336076
C2770$@DOM1,112,1.0,0.0,5,1.0,1.0,-0.15704734766336076
C9017$@DOM1,111,1.0,0.0,5,1.0,1.0,-0.15704734766336076
C3776$@DOM1,149,1.0,0.0,8,1.0,1.0,-0.15707747653406579
C1949$@DOM1,149,1.0,0.0,8,1.0,1.0,-0.15707747653406579
C13252$@DOM1,149,1.0,0.0,8,1.0,1.0,-0.15707747653406579
U8833@DOM1,57,1.0,0.0,7,1.0,1.0,-0.15710196078706323
U539@DOM1,57,1.0,0.0,7,1.0,1.0,-0.15710196078706323
U1990@DOM1,57,1.0,0.0,7,1.0,1.0,-0.15710196078706323
U790@DOM1,57,1.0,0.0,7,1.0,1.0,-0.15710196078706323
U2127@DOM1,57,1.0,0.0,7,1.0,1.0,-0.15710196078706323
U5698@DOM1,57,1.0,0.0,7,1.0,1.0,-0.15710196078706323
U2753@DOM1,57,1.0,0.0,7,1.0,1.0,-0.15710196078706323
U6301@DOM1,57,1.0,0.0,7,1.0,1.0,-0.15710196078706323
U9636@DOM1,57,1.0,0.0,7,1.0,1.0,-0.15710196078706323
U7592@DOM1,57,1.0,0.0,7,1.0,1.0,-0.15710196078706323
U2846@DOM1,57,1.0,0.0,7,1.0,1.0,-0.15710196078706323
U1141@DOM1,57,1.0,0.0,7,1.0,1.0,-0.15710196078706323
U1432@DOM1,57,1.0,0.0,7,1.0,1.0,-0.15710196078706323
U2236@DOM1,57,1.0,0.0,7,1.0,1.0,-0.15710196078706323
U8961@DOM1,57,1.0,0.0,7,1.0,1.0,-0.15710196078706323
U436@DOM1,57,1.0,0.0,7,1.0,1.0,-0.15710196078706323
U2505@DOM1,57,1.0,0.0,7,1.0,1.0,-0.15710196078706323
C17973$@DOM1,146,1.0,0.0,8,1.0,1.0,-0.1571090074679456
C4306$@DOM1,146,1.0,0.0,8,1.0,1.0,-0.1571090074679456
U9186@DOM1,146,1.0,0.0,8,1.0,1.0,-0.1571090074679456
C11364$@DOM1,146,1.0,0.0,8,1.0,1.0,-0.1571090074679456
C1288$@DOM1,183,1.0,0.0,7,1.0,1.0,-0.15711740264944468
C4123$@DOM1,183,1.0,0.0,7,1.0,1.0,-0.15711740264944468
C8793$@DOM1,183,1.0,0.0,7,1.0,1.0,-0.15711740264944468
C20625$@DOM1,183,1.0,0.0,7,1.0,1.0,-0.15711740264944468
C5045$@DOM1,183,1.0,0.0,7,1.0,1.0,-0.15711740264944468
C8765$@DOM1,144,1.0,0.0,8,1.0,1.0,-0.15711936894653034
C15154$@DOM1,144,1.0,0.0,8,1.0,1.0,-0.15711936894653034
C13797$@DOM1,144,1.0,0.0,8,1.0,1.0,-0.15711936894653034
C5174$@DOM1,144,1.0,0.0,8,1.0,1.0,-0.15711936894653034
C17754$@DOM1,152,1.0,0.0,8,1.0,1.0,-0.15719273291149394
C17855$@DOM1,152,1.0,0.0,8,1.0,1.0,-0.15719273291149394
C17998$@DOM1,152,1.0,0.0,8,1.0,1.0,-0.15719273291149394
C5420$@DOM1,152,1.0,0.0,8,1.0,1.0,-0.15719273291149394
C8026$@DOM1,152,1.0,0.0,8,1.0,1.0,-0.15719273291149394
C4589$@DOM1,147,1.0,0.0,8,1.0,1.0,-0.15721433296565157
C5469$@DOM1,147,1.0,0.0,8,1.0,1.0,-0.15721433296565157
C3318$@DOM1,147,1.0,0.0,8,1.0,1.0,-0.15721433296565157
C15136$@DOM1,143,1.0,0.0,8,1.0,1.0,-0.15721951701481907
C13003$@DOM1,143,1.0,0.0,8,1.0,1.0,-0.15721951701481907
C42$@DOM1,143,1.0,0.0,8,1.0,1.0,-0.15721951701481907
C8175$@DOM1,155,1.0,0.0,5,1.0,1.0,-0.15726720402534355
C11315$@DOM1,155,1.0,0.0,5,1.0,1.0,-0.15726720402534355
C8639$@DOM1,155,1.0,0.0,5,1.0,1.0,-0.15726720402534355
C13617$@DOM1,155,1.0,0.0,5,1.0,1.0,-0.15726720402534355
C1803$@DOM1,155,1.0,0.0,5,1.0,1.0,-0.15726720402534355
C1630$@DOM1,155,1.0,0.0,5,1.0,1.0,-0.15726720402534355
C11823$@DOM1,155,1.0,0.0,5,1.0,1.0,-0.15726720402534355
C19881$@DOM1,155,1.0,0.0,5,1.0,1.0,-0.15726720402534355
C862$@DOM1,182,1.0,0.0,7,1.0,1.0,-0.15727117661911305
C1591$@DOM1,182,1.0,0.0,7,1.0,1.0,-0.15727117661911305
C17609$@DOM1,182,1.0,0.0,7,1.0,1.0,-0.15727117661911305
C13897$@DOM1,182,1.0,0.0,7,1.0,1.0,-0.15727117661911305
C4013$@DOM1,181,1.0,0.0,7,1.0,1.0,-0.15727117661911305
C9633$@DOM1,182,1.0,0.0,7,1.0,1.0,-0.15727117661911305
C11569$@DOM1,181,1.0,0.0,7,1.0,1.0,-0.15727117661911305
C7266$@DOM1,181,1.0,0.0,7,1.0,1.0,-0.15727117661911305
C20736$@DOM1,181,1.0,0.0,7,1.0,1.0,-0.15727117661911305
C6302$@DOM1,181,1.0,0.0,7,1.0,1.0,-0.15727117661911305
C2997$@DOM1,184,1.0,0.0,7,1.0,1.0,-0.15730852344918017
C399$@DOM1,184,1.0,0.0,7,1.0,1.0,-0.15730852344918017
C20039$@DOM1,184,1.0,0.0,7,1.0,1.0,-0.15730852344918017
C630$@DOM1,184,1.0,0.0,7,1.0,1.0,-0.15730852344918017
C19737$@DOM1,154,1.0,0.0,8,1.0,1.0,-0.15735726077698053
C15591$@DOM1,114,1.0,0.0,5,1.0,1.0,-0.15738665549162095
C5196$@DOM1,114,1.0,0.0,5,1.0,1.0,-0.15738665549162095
C3926$@DOM1,114,1.0,0.0,5,1.0,1.0,-0.15738665549162095
C3790$@DOM1,114,1.0,0.0,5,1.0,1.0,-0.15738665549162095
C21574$@DOM1,114,1.0,0.0,5,1.0,1.0,-0.15738665549162095
C11667$@DOM1,114,1.0,0.0,5,1.0,1.0,-0.15738665549162095
C5487$@DOM1,148,1.0,0.0,8,1.0,1.0,-0.15740023764739097
C19170$@DOM1,148,1.0,0.0,8,1.0,1.0,-0.15740023764739097
C8587$@DOM1,148,1.0,0.0,8,1.0,1.0,-0.15740023764739097
C1080$@DOM1,148,1.0,0.0,8,1.0,1.0,-0.15740023764739097
C5530$@DOM1,148,1.0,0.0,8,1.0,1.0,-0.15740023764739097
C20835$@DOM1,145,1.0,0.0,8,1.0,1.0,-0.15742063987463595
C14945$@DOM1,145,1.0,0.0,8,1.0,1.0,-0.15742063987463595
U3616@DOM1,145,1.0,0.0,8,1.0,1.0,-0.15742063987463595
C16702$@DOM1,151,1.0,0.0,8,1.0,1.0,-0.15743726310926703
C17139$@DOM1,151,1.0,0.0,8,1.0,1.0,-0.15743726310926703
C21655$@DOM1,151,1.0,0.0,8,1.0,1.0,-0.15743726310926703
C1564$@DOM1,151,1.0,0.0,8,1.0,1.0,-0.15743726310926703
U142@DOM1,55,1.0,0.0,6,1.0,1.0,-0.15749093561104877
U2327@DOM1,55,1.0,0.0,6,1.0,1.0,-0.15749093561104877
U2550@DOM1,55,1.0,0.0,6,1.0,1.0,-0.15749093561104877
U2220@DOM1,55,1.0,0.0,6,1.0,1.0,-0.15749093561104877
U7639@DOM1,55,1.0,0.0,6,1.0,1.0,-0.15749093561104877
U3767@DOM1,55,1.0,0.0,6,1.0,1.0,-0.15749093561104877
U2894@DOM1,55,1.0,0.0,6,1.0,1.0,-0.15749093561104877
U2842@DOM1,55,1.0,0.0,6,1.0,1.0,-0.15749093561104877
U8669@DOM1,55,1.0,0.0,6,1.0,1.0,-0.15749093561104877
C6462$@DOM1,153,1.0,0.0,8,1.0,1.0,-0.15756223855048396
C15232$@DOM1,153,1.0,0.0,8,1.0,1.0,-0.15756223855048396
C1905$@DOM1,154,1.0,0.0,5,1.0,1.0,-0.15757809968218517
C20188$@DOM1,154,1.0,0.0,5,1.0,1.0,-0.15757809968218517
C2554$@DOM1,154,1.0,0.0,5,1.0,1.0,-0.15757809968218517
C10799$@DOM1,154,1.0,0.0,5,1.0,1.0,-0.15757809968218517
C9128$@DOM1,154,1.0,0.0,5,1.0,1.0,-0.15757809968218517
C4089$@DOM1,154,1.0,0.0,5,1.0,1.0,-0.15757809968218517
C3736$@DOM1,154,1.0,0.0,5,1.0,1.0,-0.15757809968218517
C3653$@DOM1,154,1.0,0.0,5,1.0,1.0,-0.15757809968218517
C19299$@DOM1,154,1.0,0.0,5,1.0,1.0,-0.15757809968218517
C16449$@DOM1,154,1.0,0.0,5,1.0,1.0,-0.15757809968218517
C5367$@DOM1,154,1.0,0.0,5,1.0,1.0,-0.15757809968218517
C5506$@DOM1,154,1.0,0.0,5,1.0,1.0,-0.15757809968218517
U2698@DOM1,150,1.0,0.0,8,1.0,1.0,-0.1575895017184174
C1901$@DOM1,150,1.0,0.0,8,1.0,1.0,-0.1575895017184174
U4466@DOM1,150,1.0,0.0,8,1.0,1.0,-0.1575895017184174
C4180$@DOM1,153,1.0,0.0,5,1.0,1.0,-0.1575988392728354
C2798$@DOM1,153,1.0,0.0,5,1.0,1.0,-0.1575988392728354
C6721$@DOM1,153,1.0,0.0,5,1.0,1.0,-0.1575988392728354
C11648$@DOM1,153,1.0,0.0,5,1.0,1.0,-0.1575988392728354
C3595$@DOM1,153,1.0,0.0,5,1.0,1.0,-0.1575988392728354
C18080$@DOM1,153,1.0,0.0,5,1.0,1.0,-0.1575988392728354
C15482$@DOM1,153,1.0,0.0,5,1.0,1.0,-0.1575988392728354
C2422$@DOM1,153,1.0,0.0,5,1.0,1.0,-0.1575988392728354
C4581$@DOM1,153,1.0,0.0,5,1.0,1.0,-0.1575988392728354
C4314$@DOM1,153,1.0,0.0,5,1.0,1.0,-0.1575988392728354
C5461$@DOM1,153,1.0,0.0,5,1.0,1.0,-0.1575988392728354
C3988$@DOM1,153,1.0,0.0,5,1.0,1.0,-0.1575988392728354
C5099$@DOM1,153,1.0,0.0,5,1.0,1.0,-0.1575988392728354
C3315$@DOM1,153,1.0,0.0,5,1.0,1.0,-0.1575988392728354
C7043$@DOM1,153,1.0,0.0,5,1.0,1.0,-0.1575988392728354
C14296$@DOM1,153,1.0,0.0,5,1.0,1.0,-0.1575988392728354
C4571$@DOM1,153,1.0,0.0,5,1.0,1.0,-0.1575988392728354
C5292$@DOM1,153,1.0,0.0,5,1.0,1.0,-0.1575988392728354
C8583$@DOM1,153,1.0,0.0,5,1.0,1.0,-0.1575988392728354
C11213$@DOM1,153,1.0,0.0,5,1.0,1.0,-0.1575988392728354
C7922$@DOM1,153,1.0,0.0,5,1.0,1.0,-0.1575988392728354
U9650@DOM1,58,1.0,0.0,7,1.0,1.0,-0.15764071997088747
U3516@DOM1,58,1.0,0.0,7,1.0,1.0,-0.15764071997088747
U3536@DOM1,58,1.0,0.0,7,1.0,1.0,-0.15764071997088747
U9327@DOM1,58,1.0,0.0,7,1.0,1.0,-0.15764071997088747
U3067@DOM1,58,1.0,0.0,7,1.0,1.0,-0.15764071997088747
U9337@DOM1,58,1.0,0.0,7,1.0,1.0,-0.15764071997088747
U2280@DOM1,58,1.0,0.0,7,1.0,1.0,-0.15764071997088747
U4873@DOM1,58,1.0,0.0,7,1.0,1.0,-0.15764071997088747
U5020@DOM1,58,1.0,0.0,7,1.0,1.0,-0.15764071997088747
U5272@DOM1,58,1.0,0.0,7,1.0,1.0,-0.15764071997088747
U4241@DOM1,58,1.0,0.0,7,1.0,1.0,-0.15764071997088747
U2361@DOM1,58,1.0,0.0,7,1.0,1.0,-0.15764071997088747
U1609@DOM1,58,1.0,0.0,7,1.0,1.0,-0.15764071997088747
U9639@DOM1,58,1.0,0.0,7,1.0,1.0,-0.15764071997088747
U4644@DOM1,58,1.0,0.0,7,1.0,1.0,-0.15764071997088747
U9598@DOM1,58,1.0,0.0,7,1.0,1.0,-0.15764071997088747
U2928@DOM1,58,1.0,0.0,7,1.0,1.0,-0.15764071997088747
C3767$@DOM1,177,1.0,0.0,7,1.0,1.0,-0.15765184160876006
C1061$@DOM1,177,1.0,0.0,7,1.0,1.0,-0.15765184160876006
C5474$@DOM1,178,1.0,0.0,7,1.0,1.0,-0.15765184160876006
C8949$@DOM1,177,1.0,0.0,7,1.0,1.0,-0.15765184160876006
C4753$@DOM1,177,1.0,0.0,7,1.0,1.0,-0.15765184160876006
C4210$@DOM1,178,1.0,0.0,7,1.0,1.0,-0.15765184160876006
C12226$@DOM1,177,1.0,0.0,7,1.0,1.0,-0.15765184160876006
C595$@DOM1,177,1.0,0.0,7,1.0,1.0,-0.15765184160876006
C7411$@DOM1,178,1.0,0.0,7,1.0,1.0,-0.15765184160876006
C4874$@DOM1,177,1.0,0.0,7,1.0,1.0,-0.15765184160876006
C369$@DOM1,178,1.0,0.0,7,1.0,1.0,-0.15765184160876006
C8928$@DOM1,177,1.0,0.0,7,1.0,1.0,-0.15765184160876006
C6723$@DOM1,115,1.0,0.0,5,1.0,1.0,-0.15770232985193777
C20518$@DOM1,115,1.0,0.0,5,1.0,1.0,-0.15770232985193777
C2238$@DOM1,115,1.0,0.0,5,1.0,1.0,-0.15770232985193777
C8899$@DOM1,115,1.0,0.0,5,1.0,1.0,-0.15770232985193777
C2433$@DOM1,115,1.0,0.0,5,1.0,1.0,-0.15770232985193777
U1662@DOM1,117,1.0,0.0,8,1.0,1.0,-0.157703147369871
C14157$@DOM1,117,1.0,0.0,8,1.0,1.0,-0.157703147369871
C19647$@DOM1,183,1.0,0.0,6,1.0,1.0,-0.15771331020671236
C13346$@DOM1,183,1.0,0.0,6,1.0,1.0,-0.15771331020671236
C1691$@DOM1,183,1.0,0.0,6,1.0,1.0,-0.15771331020671236
C8670$@DOM1,183,1.0,0.0,6,1.0,1.0,-0.15771331020671236
C2922$@DOM1,183,1.0,0.0,6,1.0,1.0,-0.15771331020671236
C263$@DOM1,183,1.0,0.0,6,1.0,1.0,-0.15771331020671236
C19679$@DOM1,152,1.0,0.0,5,1.0,1.0,-0.1577495955499995
C7125$@DOM1,152,1.0,0.0,5,1.0,1.0,-0.1577495955499995
C8353$@DOM1,152,1.0,0.0,5,1.0,1.0,-0.1577495955499995
C3462$@DOM1,152,1.0,0.0,5,1.0,1.0,-0.1577495955499995
C4446$@DOM1,152,1.0,0.0,5,1.0,1.0,-0.1577495955499995
C4310$@DOM1,152,1.0,0.0,5,1.0,1.0,-0.1577495955499995
C21357$@DOM1,152,1.0,0.0,5,1.0,1.0,-0.1577495955499995
C20427$@DOM1,152,1.0,0.0,5,1.0,1.0,-0.1577495955499995
C17078$@DOM1,152,1.0,0.0,5,1.0,1.0,-0.1577495955499995
C2005$@DOM1,152,1.0,0.0,5,1.0,1.0,-0.1577495955499995
C17843$@DOM1,152,1.0,0.0,5,1.0,1.0,-0.1577495955499995
C10730$@DOM1,152,1.0,0.0,5,1.0,1.0,-0.1577495955499995
C14283$@DOM1,176,1.0,0.0,7,1.0,1.0,-0.15775227391834012
C3650$@DOM1,176,1.0,0.0,7,1.0,1.0,-0.15775227391834012
C3006$@DOM1,176,1.0,0.0,7,1.0,1.0,-0.15775227391834012
C511$@DOM1,176,1.0,0.0,7,1.0,1.0,-0.15775227391834012
C21863$@DOM1,179,1.0,0.0,7,1.0,1.0,-0.15776846211119527
C5453$@DOM1,179,1.0,0.0,7,1.0,1.0,-0.15776846211119527
C15871$@DOM1,179,1.0,0.0,7,1.0,1.0,-0.15776846211119527
C19703$@DOM1,179,1.0,0.0,7,1.0,1.0,-0.15776846211119527
C2644$@DOM1,179,1.0,0.0,7,1.0,1.0,-0.15776846211119527
C3451$@DOM1,179,1.0,0.0,7,1.0,1.0,-0.15776846211119527
C3417$@DOM1,119,1.0,0.0,8,1.0,1.0,-0.15777305683168014
C3391$@DOM1,119,1.0,0.0,8,1.0,1.0,-0.15777305683168014
U1418@DOM1,118,1.0,0.0,8,1.0,1.0,-0.15777305683168014
U5738@DOM1,119,1.0,0.0,8,1.0,1.0,-0.15777305683168014
U2601@DOM1,118,1.0,0.0,8,1.0,1.0,-0.15777305683168014
C14825$@DOM1,119,1.0,0.0,8,1.0,1.0,-0.15777305683168014
C4986$@DOM1,184,1.0,0.0,6,1.0,1.0,-0.1577969372023973
C11484$@DOM1,184,1.0,0.0,6,1.0,1.0,-0.1577969372023973
C9880$@DOM1,184,1.0,0.0,6,1.0,1.0,-0.1577969372023973
C11163$@DOM1,180,1.0,0.0,7,1.0,1.0,-0.1578394253909316
C5069$@DOM1,180,1.0,0.0,7,1.0,1.0,-0.1578394253909316
C20789$@DOM1,180,1.0,0.0,7,1.0,1.0,-0.1578394253909316
C12981$@DOM1,180,1.0,0.0,7,1.0,1.0,-0.1578394253909316
C323$@DOM1,180,1.0,0.0,7,1.0,1.0,-0.1578394253909316
C4235$@DOM1,149,1.0,0.0,5,1.0,1.0,-0.15786433055102267
C3902$@DOM1,149,1.0,0.0,5,1.0,1.0,-0.15786433055102267
C20549$@DOM1,149,1.0,0.0,5,1.0,1.0,-0.15786433055102267
C8230$@DOM1,149,1.0,0.0,5,1.0,1.0,-0.15786433055102267
C9279$@DOM1,149,1.0,0.0,5,1.0,1.0,-0.15786433055102267
C17063$@DOM1,149,1.0,0.0,5,1.0,1.0,-0.15786433055102267
C20391$@DOM1,149,1.0,0.0,5,1.0,1.0,-0.15786433055102267
C5262$@DOM1,149,1.0,0.0,5,1.0,1.0,-0.15786433055102267
C4085$@DOM1,149,1.0,0.0,5,1.0,1.0,-0.15786433055102267
C21460$@DOM1,149,1.0,0.0,5,1.0,1.0,-0.15786433055102267
C233$@DOM1,149,1.0,0.0,5,1.0,1.0,-0.15786433055102267
C2722$@DOM1,149,1.0,0.0,5,1.0,1.0,-0.15786433055102267
C7164$@DOM1,149,1.0,0.0,5,1.0,1.0,-0.15786433055102267
C12318$@DOM1,149,1.0,0.0,5,1.0,1.0,-0.15786433055102267
C3286$@DOM1,149,1.0,0.0,5,1.0,1.0,-0.15786433055102267
C2891$@DOM1,149,1.0,0.0,5,1.0,1.0,-0.15786433055102267
C19903$@DOM1,149,1.0,0.0,5,1.0,1.0,-0.15786433055102267
C11627$@DOM1,149,1.0,0.0,5,1.0,1.0,-0.15786433055102267
C16635$@DOM1,182,1.0,0.0,6,1.0,1.0,-0.1578668169272659
C4032$@DOM1,182,1.0,0.0,6,1.0,1.0,-0.1578668169272659
C14040$@DOM1,182,1.0,0.0,6,1.0,1.0,-0.1578668169272659
C14099$@DOM1,182,1.0,0.0,6,1.0,1.0,-0.1578668169272659
C212$@DOM1,181,1.0,0.0,6,1.0,1.0,-0.1578668169272659
C3471$@DOM1,181,1.0,0.0,6,1.0,1.0,-0.1578668169272659
C4942$@DOM1,182,1.0,0.0,6,1.0,1.0,-0.1578668169272659
C13074$@DOM1,182,1.0,0.0,6,1.0,1.0,-0.1578668169272659
C1711$@DOM1,182,1.0,0.0,6,1.0,1.0,-0.1578668169272659
C4895$@DOM1,182,1.0,0.0,6,1.0,1.0,-0.1578668169272659
C148$@DOM1,181,1.0,0.0,6,1.0,1.0,-0.1578668169272659
C11143$@DOM1,181,1.0,0.0,6,1.0,1.0,-0.1578668169272659
U11@DOM1,59,1.0,0.0,7,1.0,1.0,-0.1579250032433353
U6866@DOM1,59,1.0,0.0,7,1.0,1.0,-0.1579250032433353
U1443@DOM1,59,1.0,0.0,7,1.0,1.0,-0.1579250032433353
U356@DOM1,59,1.0,0.0,7,1.0,1.0,-0.1579250032433353
U7692@DOM1,59,1.0,0.0,7,1.0,1.0,-0.1579250032433353
U4080@DOM1,59,1.0,0.0,7,1.0,1.0,-0.1579250032433353
U709@DOM1,59,1.0,0.0,7,1.0,1.0,-0.1579250032433353
U9894@DOM1,59,1.0,0.0,7,1.0,1.0,-0.1579250032433353
U215@DOM1,59,1.0,0.0,7,1.0,1.0,-0.1579250032433353
U632@DOM1,59,1.0,0.0,7,1.0,1.0,-0.1579250032433353
U3483@DOM1,59,1.0,0.0,7,1.0,1.0,-0.1579250032433353
U4506@DOM1,59,1.0,0.0,7,1.0,1.0,-0.1579250032433353
U2670@DOM1,59,1.0,0.0,7,1.0,1.0,-0.1579250032433353
U2579@DOM1,59,1.0,0.0,7,1.0,1.0,-0.1579250032433353
C3897$@DOM1,178,1.0,0.0,6,1.0,1.0,-0.15795554893261426
C2817$@DOM1,178,1.0,0.0,6,1.0,1.0,-0.15795554893261426
C6517$@DOM1,178,1.0,0.0,6,1.0,1.0,-0.15795554893261426
C313$@DOM1,178,1.0,0.0,6,1.0,1.0,-0.15795554893261426
C19259$@DOM1,178,1.0,0.0,6,1.0,1.0,-0.15795554893261426
C3486$@DOM1,178,1.0,0.0,6,1.0,1.0,-0.15795554893261426
C18793$@DOM1,178,1.0,0.0,6,1.0,1.0,-0.15795554893261426
C19746$@DOM1,177,1.0,0.0,6,1.0,1.0,-0.15806266091158339
C20248$@DOM1,177,1.0,0.0,6,1.0,1.0,-0.15806266091158339
C14676$@DOM1,177,1.0,0.0,6,1.0,1.0,-0.15806266091158339
C196$@DOM1,177,1.0,0.0,6,1.0,1.0,-0.15806266091158339
C16312$@DOM1,177,1.0,0.0,6,1.0,1.0,-0.15806266091158339
C3408$@DOM1,177,1.0,0.0,6,1.0,1.0,-0.15806266091158339
C13185$@DOM1,177,1.0,0.0,6,1.0,1.0,-0.15806266091158339
C14564$@DOM1,177,1.0,0.0,6,1.0,1.0,-0.15806266091158339
C13335$@DOM1,177,1.0,0.0,6,1.0,1.0,-0.15806266091158339
C4651$@DOM1,151,1.0,0.0,5,1.0,1.0,-0.15810272759553545
C13823$@DOM1,151,1.0,0.0,5,1.0,1.0,-0.15810272759553545
C11952$@DOM1,151,1.0,0.0,5,1.0,1.0,-0.15810272759553545
C13776$@DOM1,151,1.0,0.0,5,1.0,1.0,-0.15810272759553545
C21564$@DOM1,151,1.0,0.0,5,1.0,1.0,-0.15810272759553545
C3145$@DOM1,151,1.0,0.0,5,1.0,1.0,-0.15810272759553545
C2981$@DOM1,151,1.0,0.0,5,1.0,1.0,-0.15810272759553545
C9793$@DOM1,151,1.0,0.0,5,1.0,1.0,-0.15810272759553545
C4319$@DOM1,151,1.0,0.0,5,1.0,1.0,-0.15810272759553545
C4230$@DOM1,151,1.0,0.0,5,1.0,1.0,-0.15810272759553545
C4587$@DOM1,151,1.0,0.0,5,1.0,1.0,-0.15810272759553545
C17151$@DOM1,151,1.0,0.0,5,1.0,1.0,-0.15810272759553545
C2857$@DOM1,151,1.0,0.0,5,1.0,1.0,-0.15810272759553545
C21603$@DOM1,151,1.0,0.0,5,1.0,1.0,-0.15810272759553545
C1652$@DOM1,175,1.0,0.0,7,1.0,1.0,-0.15811801026716216
C16565$@DOM1,175,1.0,0.0,7,1.0,1.0,-0.15811801026716216
C13623$@DOM1,175,1.0,0.0,7,1.0,1.0,-0.15811801026716216
C16352$@DOM1,175,1.0,0.0,7,1.0,1.0,-0.15811801026716216
C4156$@DOM1,175,1.0,0.0,7,1.0,1.0,-0.15811801026716216
U2845@DOM1,175,1.0,0.0,7,1.0,1.0,-0.15811801026716216
C18795$@DOM1,175,1.0,0.0,7,1.0,1.0,-0.15811801026716216
C19972$@DOM1,175,1.0,0.0,7,1.0,1.0,-0.15811801026716216
C12448$@DOM1,175,1.0,0.0,7,1.0,1.0,-0.15811801026716216
C4704$@DOM1,175,1.0,0.0,7,1.0,1.0,-0.15811801026716216
C15348$@DOM1,116,1.0,0.0,5,1.0,1.0,-0.1581203850211268
C17608$@DOM1,116,1.0,0.0,5,1.0,1.0,-0.1581203850211268
C3063$@DOM1,116,1.0,0.0,5,1.0,1.0,-0.1581203850211268
C15634$@DOM1,116,1.0,0.0,5,1.0,1.0,-0.1581203850211268
C15040$@DOM1,116,1.0,0.0,5,1.0,1.0,-0.1581203850211268
C16724$@DOM1,116,1.0,0.0,5,1.0,1.0,-0.1581203850211268
C12947$@DOM1,116,1.0,0.0,5,1.0,1.0,-0.1581203850211268
C14736$@DOM1,116,1.0,0.0,5,1.0,1.0,-0.1581203850211268
C5925$@DOM1,116,1.0,0.0,5,1.0,1.0,-0.1581203850211268
C14806$@DOM1,116,1.0,0.0,5,1.0,1.0,-0.1581203850211268
C10338$@DOM1,116,1.0,0.0,5,1.0,1.0,-0.1581203850211268
U5577@DOM1,60,1.0,0.0,7,1.0,1.0,-0.15814850167473693
U5827@DOM1,60,1.0,0.0,7,1.0,1.0,-0.15814850167473693
U3902@DOM1,60,1.0,0.0,7,1.0,1.0,-0.15814850167473693
C5684$@DOM1,60,1.0,0.0,7,1.0,1.0,-0.15814850167473693
U4748@DOM1,60,1.0,0.0,7,1.0,1.0,-0.15814850167473693
U6995@DOM1,60,1.0,0.0,7,1.0,1.0,-0.15814850167473693
U9389@DOM1,60,1.0,0.0,7,1.0,1.0,-0.15814850167473693
U6974@DOM1,60,1.0,0.0,7,1.0,1.0,-0.15814850167473693
U9207@DOM1,60,1.0,0.0,7,1.0,1.0,-0.15814850167473693
U3853@DOM1,60,1.0,0.0,7,1.0,1.0,-0.15814850167473693
C6578$@DOM1,176,1.0,0.0,6,1.0,1.0,-0.1581524500002
C2372$@DOM1,176,1.0,0.0,6,1.0,1.0,-0.1581524500002
C18246$@DOM1,176,1.0,0.0,6,1.0,1.0,-0.1581524500002
C12369$@DOM1,176,1.0,0.0,6,1.0,1.0,-0.1581524500002
C8297$@DOM1,150,1.0,0.0,5,1.0,1.0,-0.15821835092007003
C10811$@DOM1,150,1.0,0.0,5,1.0,1.0,-0.15821835092007003
C9518$@DOM1,150,1.0,0.0,5,1.0,1.0,-0.15821835092007003
C12729$@DOM1,150,1.0,0.0,5,1.0,1.0,-0.15821835092007003
C19002$@DOM1,150,1.0,0.0,5,1.0,1.0,-0.15821835092007003
C4243$@DOM1,150,1.0,0.0,5,1.0,1.0,-0.15821835092007003
C7810$@DOM1,150,1.0,0.0,5,1.0,1.0,-0.15821835092007003
C4372$@DOM1,150,1.0,0.0,5,1.0,1.0,-0.15821835092007003
C4377$@DOM1,150,1.0,0.0,5,1.0,1.0,-0.15821835092007003
C9897$@DOM1,150,1.0,0.0,5,1.0,1.0,-0.15821835092007003
C8395$@DOM1,150,1.0,0.0,5,1.0,1.0,-0.15821835092007003
C5481$@DOM1,150,1.0,0.0,5,1.0,1.0,-0.15821835092007003
U9850@DOM1,56,1.0,0.0,6,1.0,1.0,-0.1582350217187911
U3077@DOM1,56,1.0,0.0,6,1.0,1.0,-0.1582350217187911
U1243@DOM1,56,1.0,0.0,6,1.0,1.0,-0.1582350217187911
U618@DOM1,56,1.0,0.0,6,1.0,1.0,-0.1582350217187911
U5013@DOM1,56,1.0,0.0,6,1.0,1.0,-0.1582350217187911
U7827@DOM1,56,1.0,0.0,6,1.0,1.0,-0.1582350217187911
U823@DOM1,56,1.0,0.0,6,1.0,1.0,-0.1582350217187911
U6580@DOM1,56,1.0,0.0,6,1.0,1.0,-0.1582350217187911
U7600@DOM1,56,1.0,0.0,6,1.0,1.0,-0.1582350217187911
U5287@DOM1,56,1.0,0.0,6,1.0,1.0,-0.1582350217187911
U4018@DOM1,56,1.0,0.0,6,1.0,1.0,-0.1582350217187911
U2041@DOM1,56,1.0,0.0,6,1.0,1.0,-0.1582350217187911
U2094@DOM1,56,1.0,0.0,6,1.0,1.0,-0.1582350217187911
U5196@DOM1,56,1.0,0.0,6,1.0,1.0,-0.1582350217187911
U5411@DOM1,56,1.0,0.0,6,1.0,1.0,-0.1582350217187911
U2407@DOM1,56,1.0,0.0,6,1.0,1.0,-0.1582350217187911
U6994@DOM1,56,1.0,0.0,6,1.0,1.0,-0.1582350217187911
U4645@DOM1,56,1.0,0.0,6,1.0,1.0,-0.1582350217187911
U9392@DOM1,56,1.0,0.0,6,1.0,1.0,-0.1582350217187911
U1999@DOM1,56,1.0,0.0,6,1.0,1.0,-0.1582350217187911
U9300@DOM1,56,1.0,0.0,6,1.0,1.0,-0.1582350217187911
U1998@DOM1,56,1.0,0.0,6,1.0,1.0,-0.1582350217187911
C20401$@DOM1,148,1.0,0.0,5,1.0,1.0,-0.1582615400279661
C5504$@DOM1,148,1.0,0.0,5,1.0,1.0,-0.1582615400279661
C11360$@DOM1,148,1.0,0.0,5,1.0,1.0,-0.1582615400279661
C19967$@DOM1,148,1.0,0.0,5,1.0,1.0,-0.1582615400279661
C12330$@DOM1,148,1.0,0.0,5,1.0,1.0,-0.1582615400279661
C7213$@DOM1,148,1.0,0.0,5,1.0,1.0,-0.1582615400279661
C3476$@DOM1,148,1.0,0.0,5,1.0,1.0,-0.1582615400279661
C12931$@DOM1,148,1.0,0.0,5,1.0,1.0,-0.1582615400279661
C430$@DOM1,148,1.0,0.0,5,1.0,1.0,-0.1582615400279661
C12044$@DOM1,148,1.0,0.0,5,1.0,1.0,-0.1582615400279661
C13598$@DOM1,148,1.0,0.0,5,1.0,1.0,-0.1582615400279661
C5319$@DOM1,148,1.0,0.0,5,1.0,1.0,-0.1582615400279661
C5508$@DOM1,148,1.0,0.0,5,1.0,1.0,-0.1582615400279661
C5279$@DOM1,148,1.0,0.0,5,1.0,1.0,-0.1582615400279661
C6804$@DOM1,148,1.0,0.0,5,1.0,1.0,-0.1582615400279661
C10175$@DOM1,148,1.0,0.0,5,1.0,1.0,-0.1582615400279661
C16559$@DOM1,179,1.0,0.0,6,1.0,1.0,-0.15829994572192801
C6867$@DOM1,179,1.0,0.0,6,1.0,1.0,-0.15829994572192801
C5065$@DOM1,179,1.0,0.0,6,1.0,1.0,-0.15829994572192801
C1329$@DOM1,179,1.0,0.0,6,1.0,1.0,-0.15829994572192801
C1979$@DOM1,174,1.0,0.0,7,1.0,1.0,-0.15833566884182454
C1076$@DOM1,174,1.0,0.0,7,1.0,1.0,-0.15833566884182454
C4425$@DOM1,174,1.0,0.0,7,1.0,1.0,-0.15833566884182454
C14364$@DOM1,174,1.0,0.0,7,1.0,1.0,-0.15833566884182454
C2931$@DOM1,135,1.0,0.0,5,1.0,1.0,-0.15843811760345294
C3331$@DOM1,135,1.0,0.0,5,1.0,1.0,-0.15843811760345294
C7184$@DOM1,135,1.0,0.0,5,1.0,1.0,-0.15843811760345294
C11868$@DOM1,135,1.0,0.0,5,1.0,1.0,-0.15843811760345294
C10041$@DOM1,135,1.0,0.0,5,1.0,1.0,-0.15843811760345294
U6214@DOM1,135,1.0,0.0,5,1.0,1.0,-0.15843811760345294
C15656$@DOM1,135,1.0,0.0,5,1.0,1.0,-0.15843811760345294
C4847$@DOM1,135,1.0,0.0,5,1.0,1.0,-0.15843811760345294
C11402$@DOM1,135,1.0,0.0,5,1.0,1.0,-0.15843811760345294
C4812$@DOM1,135,1.0,0.0,5,1.0,1.0,-0.15843811760345294
C14156$@DOM1,135,1.0,0.0,5,1.0,1.0,-0.15843811760345294
C3833$@DOM1,135,1.0,0.0,5,1.0,1.0,-0.15843811760345294
C14917$@DOM1,135,1.0,0.0,5,1.0,1.0,-0.15843811760345294
C5331$@DOM1,135,1.0,0.0,5,1.0,1.0,-0.15843811760345294
C6947$@DOM1,135,1.0,0.0,5,1.0,1.0,-0.15843811760345294
C4730$@DOM1,135,1.0,0.0,5,1.0,1.0,-0.15843811760345294
C4163$@DOM1,180,1.0,0.0,6,1.0,1.0,-0.1584832530077283
C3898$@DOM1,180,1.0,0.0,6,1.0,1.0,-0.1584832530077283
C2244$@DOM1,180,1.0,0.0,6,1.0,1.0,-0.1584832530077283
C8416$@DOM1,180,1.0,0.0,6,1.0,1.0,-0.1584832530077283
C5057$@DOM1,117,1.0,0.0,5,1.0,1.0,-0.15853812362057929
C15609$@DOM1,117,1.0,0.0,5,1.0,1.0,-0.15853812362057929
C2001$@DOM1,117,1.0,0.0,5,1.0,1.0,-0.15853812362057929
C14891$@DOM1,117,1.0,0.0,5,1.0,1.0,-0.15853812362057929
C2635$@DOM1,117,1.0,0.0,5,1.0,1.0,-0.15853812362057929
C4527$@DOM1,117,1.0,0.0,5,1.0,1.0,-0.15853812362057929
C11114$@DOM1,117,1.0,0.0,5,1.0,1.0,-0.15853812362057929
C7707$@DOM1,117,1.0,0.0,5,1.0,1.0,-0.15853812362057929
C10183$@DOM1,117,1.0,0.0,5,1.0,1.0,-0.15853812362057929
C18607$@DOM1,122,1.0,0.0,5,1.0,1.0,-0.15860264333625662
C14640$@DOM1,122,1.0,0.0,5,1.0,1.0,-0.15860264333625662
C3824$@DOM1,122,1.0,0.0,5,1.0,1.0,-0.15860264333625662
C5360$@DOM1,121,1.0,0.0,5,1.0,1.0,-0.15860264333625662
C20501$@DOM1,122,1.0,0.0,5,1.0,1.0,-0.15860264333625662
C4955$@DOM1,122,1.0,0.0,5,1.0,1.0,-0.15860264333625662
C2712$@DOM1,122,1.0,0.0,5,1.0,1.0,-0.15860264333625662
C14905$@DOM1,121,1.0,0.0,5,1.0,1.0,-0.15860264333625662
C4664$@DOM1,121,1.0,0.0,5,1.0,1.0,-0.15860264333625662
C3753$@DOM1,121,1.0,0.0,5,1.0,1.0,-0.15860264333625662
C10472$@DOM1,122,1.0,0.0,5,1.0,1.0,-0.15860264333625662
C5242$@DOM1,121,1.0,0.0,5,1.0,1.0,-0.15860264333625662
C18718$@DOM1,121,1.0,0.0,5,1.0,1.0,-0.15860264333625662
C10821$@DOM1,121,1.0,0.0,5,1.0,1.0,-0.15860264333625662
C3880$@DOM1,121,1.0,0.0,5,1.0,1.0,-0.15860264333625662
C5467$@DOM1,122,1.0,0.0,5,1.0,1.0,-0.15860264333625662
C17448$@DOM1,121,1.0,0.0,5,1.0,1.0,-0.15860264333625662
C3945$@DOM1,122,1.0,0.0,5,1.0,1.0,-0.15860264333625662
C11812$@DOM1,121,1.0,0.0,5,1.0,1.0,-0.15860264333625662
C14794$@DOM1,121,1.0,0.0,5,1.0,1.0,-0.15860264333625662
C4649$@DOM1,122,1.0,0.0,5,1.0,1.0,-0.15860264333625662
C3167$@DOM1,122,1.0,0.0,5,1.0,1.0,-0.15860264333625662
C16015$@DOM1,122,1.0,0.0,5,1.0,1.0,-0.15860264333625662
C4578$@DOM1,122,1.0,0.0,5,1.0,1.0,-0.15860264333625662
C9886$@DOM1,133,1.0,0.0,5,1.0,1.0,-0.15862581575664492
C15104$@DOM1,133,1.0,0.0,5,1.0,1.0,-0.15862581575664492
C3732$@DOM1,133,1.0,0.0,5,1.0,1.0,-0.15862581575664492
C10734$@DOM1,133,1.0,0.0,5,1.0,1.0,-0.15862581575664492
C8503$@DOM1,133,1.0,0.0,5,1.0,1.0,-0.15862581575664492
C3003$@DOM1,133,1.0,0.0,5,1.0,1.0,-0.15862581575664492
C8204$@DOM1,133,1.0,0.0,5,1.0,1.0,-0.15862581575664492
C10563$@DOM1,133,1.0,0.0,5,1.0,1.0,-0.15862581575664492
C12818$@DOM1,133,1.0,0.0,5,1.0,1.0,-0.15862581575664492
C4640$@DOM1,133,1.0,0.0,5,1.0,1.0,-0.15862581575664492
C7593$@DOM1,133,1.0,0.0,5,1.0,1.0,-0.15862581575664492
C14081$@DOM1,133,1.0,0.0,5,1.0,1.0,-0.15862581575664492
C17950$@DOM1,133,1.0,0.0,5,1.0,1.0,-0.15862581575664492
C2609$@DOM1,133,1.0,0.0,5,1.0,1.0,-0.15862581575664492
C2944$@DOM1,133,1.0,0.0,5,1.0,1.0,-0.15862581575664492
C21830$@DOM1,133,1.0,0.0,5,1.0,1.0,-0.15862581575664492
C21258$@DOM1,133,1.0,0.0,5,1.0,1.0,-0.15862581575664492
C16621$@DOM1,133,1.0,0.0,5,1.0,1.0,-0.15862581575664492
C16247$@DOM1,133,1.0,0.0,5,1.0,1.0,-0.15862581575664492
C7471$@DOM1,133,1.0,0.0,5,1.0,1.0,-0.15862581575664492
C13642$@DOM1,133,1.0,0.0,5,1.0,1.0,-0.15862581575664492
C4110$@DOM1,136,1.0,0.0,5,1.0,1.0,-0.1586259703721904
C8538$@DOM1,136,1.0,0.0,5,1.0,1.0,-0.1586259703721904
C418$@DOM1,136,1.0,0.0,5,1.0,1.0,-0.1586259703721904
C16409$@DOM1,136,1.0,0.0,5,1.0,1.0,-0.1586259703721904
C7102$@DOM1,136,1.0,0.0,5,1.0,1.0,-0.1586259703721904
C8573$@DOM1,136,1.0,0.0,5,1.0,1.0,-0.1586259703721904
C2058$@DOM1,136,1.0,0.0,5,1.0,1.0,-0.1586259703721904
C7732$@DOM1,136,1.0,0.0,5,1.0,1.0,-0.1586259703721904
C19728$@DOM1,136,1.0,0.0,5,1.0,1.0,-0.1586259703721904
C16212$@DOM1,136,1.0,0.0,5,1.0,1.0,-0.1586259703721904
C3799$@DOM1,136,1.0,0.0,5,1.0,1.0,-0.1586259703721904
C851$@DOM1,136,1.0,0.0,5,1.0,1.0,-0.1586259703721904
C2107$@DOM1,136,1.0,0.0,5,1.0,1.0,-0.1586259703721904
C9603$@DOM1,136,1.0,0.0,5,1.0,1.0,-0.1586259703721904
C3826$@DOM1,136,1.0,0.0,5,1.0,1.0,-0.1586259703721904
C14242$@DOM1,136,1.0,0.0,5,1.0,1.0,-0.1586259703721904
C9608$@DOM1,136,1.0,0.0,5,1.0,1.0,-0.1586259703721904
C7223$@DOM1,136,1.0,0.0,5,1.0,1.0,-0.1586259703721904
C9860$@DOM1,136,1.0,0.0,5,1.0,1.0,-0.1586259703721904
C21626$@DOM1,136,1.0,0.0,5,1.0,1.0,-0.1586259703721904
C6351$@DOM1,134,1.0,0.0,5,1.0,1.0,-0.15863523084545572
C17206$@DOM1,134,1.0,0.0,5,1.0,1.0,-0.15863523084545572
C3156$@DOM1,134,1.0,0.0,5,1.0,1.0,-0.15863523084545572
C19547$@DOM1,134,1.0,0.0,5,1.0,1.0,-0.15863523084545572
C1695$@DOM1,134,1.0,0.0,5,1.0,1.0,-0.15863523084545572
C1790$@DOM1,134,1.0,0.0,5,1.0,1.0,-0.15863523084545572
C19955$@DOM1,134,1.0,0.0,5,1.0,1.0,-0.15863523084545572
C3919$@DOM1,134,1.0,0.0,5,1.0,1.0,-0.15863523084545572
C7586$@DOM1,134,1.0,0.0,5,1.0,1.0,-0.15863523084545572
C9978$@DOM1,134,1.0,0.0,5,1.0,1.0,-0.15863523084545572
C18405$@DOM1,134,1.0,0.0,5,1.0,1.0,-0.15863523084545572
C21596$@DOM1,134,1.0,0.0,5,1.0,1.0,-0.15863523084545572
C18554$@DOM1,134,1.0,0.0,5,1.0,1.0,-0.15863523084545572
C20738$@DOM1,134,1.0,0.0,5,1.0,1.0,-0.15863523084545572
C5422$@DOM1,134,1.0,0.0,5,1.0,1.0,-0.15863523084545572
C5010$@DOM1,134,1.0,0.0,5,1.0,1.0,-0.15863523084545572
C5965$@DOM1,134,1.0,0.0,5,1.0,1.0,-0.15863523084545572
C4176$@DOM1,134,1.0,0.0,5,1.0,1.0,-0.15863523084545572
C3802$@DOM1,134,1.0,0.0,5,1.0,1.0,-0.15863523084545572
U5514@DOM1,58,1.0,0.0,6,1.0,1.0,-0.15865077026596164
U5570@DOM1,58,1.0,0.0,6,1.0,1.0,-0.15865077026596164
U2248@DOM1,58,1.0,0.0,6,1.0,1.0,-0.15865077026596164
U2410@DOM1,58,1.0,0.0,6,1.0,1.0,-0.15865077026596164
U3200@DOM1,58,1.0,0.0,6,1.0,1.0,-0.15865077026596164
U6482@DOM1,58,1.0,0.0,6,1.0,1.0,-0.15865077026596164
U4807@DOM1,58,1.0,0.0,6,1.0,1.0,-0.15865077026596164
U4537@DOM1,58,1.0,0.0,6,1.0,1.0,-0.15865077026596164
U4242@DOM1,58,1.0,0.0,6,1.0,1.0,-0.15865077026596164
U7489@DOM1,58,1.0,0.0,6,1.0,1.0,-0.15865077026596164
C3340$@DOM1,144,1.0,0.0,5,1.0,1.0,-0.1586766993428882
C15604$@DOM1,144,1.0,0.0,5,1.0,1.0,-0.1586766993428882
C12102$@DOM1,144,1.0,0.0,5,1.0,1.0,-0.1586766993428882
C13004$@DOM1,144,1.0,0.0,5,1.0,1.0,-0.1586766993428882
C4803$@DOM1,144,1.0,0.0,5,1.0,1.0,-0.1586766993428882
C12367$@DOM1,144,1.0,0.0,5,1.0,1.0,-0.1586766993428882
C20112$@DOM1,144,1.0,0.0,5,1.0,1.0,-0.1586766993428882
C3662$@DOM1,144,1.0,0.0,5,1.0,1.0,-0.1586766993428882
C3284$@DOM1,144,1.0,0.0,5,1.0,1.0,-0.1586766993428882
C18458$@DOM1,144,1.0,0.0,5,1.0,1.0,-0.1586766993428882
C5325$@DOM1,144,1.0,0.0,5,1.0,1.0,-0.1586766993428882
C541$@DOM1,144,1.0,0.0,5,1.0,1.0,-0.1586766993428882
C7758$@DOM1,144,1.0,0.0,5,1.0,1.0,-0.1586766993428882
C5884$@DOM1,144,1.0,0.0,5,1.0,1.0,-0.1586766993428882
C3756$@DOM1,144,1.0,0.0,5,1.0,1.0,-0.1586766993428882
C17696$@DOM1,144,1.0,0.0,5,1.0,1.0,-0.1586766993428882
C13433$@DOM1,144,1.0,0.0,5,1.0,1.0,-0.1586766993428882
C7344$@DOM1,144,1.0,0.0,5,1.0,1.0,-0.1586766993428882
C13454$@DOM1,144,1.0,0.0,5,1.0,1.0,-0.1586766993428882
C13859$@DOM1,144,1.0,0.0,5,1.0,1.0,-0.1586766993428882
C3273$@DOM1,144,1.0,0.0,5,1.0,1.0,-0.1586766993428882
C4627$@DOM1,144,1.0,0.0,5,1.0,1.0,-0.1586766993428882
U7562@DOM1,61,1.0,0.0,7,1.0,1.0,-0.15875183285329092
U5016@DOM1,61,1.0,0.0,7,1.0,1.0,-0.15875183285329092
U4249@DOM1,61,1.0,0.0,7,1.0,1.0,-0.15875183285329092
U1184@DOM1,61,1.0,0.0,7,1.0,1.0,-0.15875183285329092
U5386@DOM1,61,1.0,0.0,7,1.0,1.0,-0.15875183285329092
U2279@DOM1,61,1.0,0.0,7,1.0,1.0,-0.15875183285329092
U6558@DOM1,61,1.0,0.0,7,1.0,1.0,-0.15875183285329092
U3490@DOM1,61,1.0,0.0,7,1.0,1.0,-0.15875183285329092
U7400@DOM1,61,1.0,0.0,7,1.0,1.0,-0.15875183285329092
U5091@DOM1,61,1.0,0.0,7,1.0,1.0,-0.15875183285329092
U5600@DOM1,61,1.0,0.0,7,1.0,1.0,-0.15875183285329092
U7699@DOM1,61,1.0,0.0,7,1.0,1.0,-0.15875183285329092
U9108@DOM1,61,1.0,0.0,7,1.0,1.0,-0.15875183285329092
U8633@DOM1,61,1.0,0.0,7,1.0,1.0,-0.15875183285329092
U6607@DOM1,61,1.0,0.0,7,1.0,1.0,-0.15875183285329092
U3037@DOM1,61,1.0,0.0,7,1.0,1.0,-0.15875183285329092
U5381@DOM1,61,1.0,0.0,7,1.0,1.0,-0.15875183285329092
U2235@DOM1,61,1.0,0.0,7,1.0,1.0,-0.15875183285329092
C2116$@DOM1,132,1.0,0.0,5,1.0,1.0,-0.15876427813532396
C9375$@DOM1,132,1.0,0.0,5,1.0,1.0,-0.15876427813532396
C4359$@DOM1,132,1.0,0.0,5,1.0,1.0,-0.15876427813532396
C2135$@DOM1,132,1.0,0.0,5,1.0,1.0,-0.15876427813532396
C2825$@DOM1,132,1.0,0.0,5,1.0,1.0,-0.15876427813532396
C15678$@DOM1,132,1.0,0.0,5,1.0,1.0,-0.15876427813532396
C14366$@DOM1,132,1.0,0.0,5,1.0,1.0,-0.15876427813532396
C5410$@DOM1,132,1.0,0.0,5,1.0,1.0,-0.15876427813532396
C13273$@DOM1,132,1.0,0.0,5,1.0,1.0,-0.15876427813532396
C4051$@DOM1,132,1.0,0.0,5,1.0,1.0,-0.15876427813532396
C11274$@DOM1,132,1.0,0.0,5,1.0,1.0,-0.15876427813532396
C16678$@DOM1,132,1.0,0.0,5,1.0,1.0,-0.15876427813532396
C19942$@DOM1,132,1.0,0.0,5,1.0,1.0,-0.15876427813532396
C3923$@DOM1,132,1.0,0.0,5,1.0,1.0,-0.15876427813532396
C8593$@DOM1,132,1.0,0.0,5,1.0,1.0,-0.15876427813532396
C20153$@DOM1,132,1.0,0.0,5,1.0,1.0,-0.15876427813532396
C3375$@DOM1,172,1.0,0.0,7,1.0,1.0,-0.15877907488844406
U6813@DOM1,173,1.0,0.0,7,1.0,1.0,-0.15877907488844406
C21558$@DOM1,172,1.0,0.0,7,1.0,1.0,-0.15877907488844406
C4929$@DOM1,172,1.0,0.0,7,1.0,1.0,-0.15877907488844406
C11457$@DOM1,173,1.0,0.0,7,1.0,1.0,-0.15877907488844406
C423$@DOM1,172,1.0,0.0,7,1.0,1.0,-0.15877907488844406
C14647$@DOM1,173,1.0,0.0,7,1.0,1.0,-0.15877907488844406
C15018$@DOM1,172,1.0,0.0,7,1.0,1.0,-0.15877907488844406
C21429$@DOM1,172,1.0,0.0,7,1.0,1.0,-0.15877907488844406
C1355$@DOM1,172,1.0,0.0,7,1.0,1.0,-0.15877907488844406
U7762@DOM1,57,1.0,0.0,6,1.0,1.0,-0.15878510143764596
U4134@DOM1,57,1.0,0.0,6,1.0,1.0,-0.15878510143764596
U7361@DOM1,57,1.0,0.0,6,1.0,1.0,-0.15878510143764596
U7391@DOM1,57,1.0,0.0,6,1.0,1.0,-0.15878510143764596
U222@DOM1,57,1.0,0.0,6,1.0,1.0,-0.15878510143764596
U7771@DOM1,57,1.0,0.0,6,1.0,1.0,-0.15878510143764596
U2546@DOM1,57,1.0,0.0,6,1.0,1.0,-0.15878510143764596
U3134@DOM1,57,1.0,0.0,6,1.0,1.0,-0.15878510143764596
U2904@DOM1,57,1.0,0.0,6,1.0,1.0,-0.15878510143764596
U6601@DOM1,57,1.0,0.0,6,1.0,1.0,-0.15878510143764596
U8654@DOM1,57,1.0,0.0,6,1.0,1.0,-0.15878510143764596
U7411@DOM1,57,1.0,0.0,6,1.0,1.0,-0.15878510143764596
U9167@DOM1,57,1.0,0.0,6,1.0,1.0,-0.15878510143764596
U5617@DOM1,57,1.0,0.0,6,1.0,1.0,-0.15878510143764596
U9003@DOM1,57,1.0,0.0,6,1.0,1.0,-0.15878510143764596
U3364@DOM1,57,1.0,0.0,6,1.0,1.0,-0.15878510143764596
U7169@DOM1,57,1.0,0.0,6,1.0,1.0,-0.15878510143764596
C4792$@DOM1,175,1.0,0.0,6,1.0,1.0,-0.15878755698678365
C3830$@DOM1,175,1.0,0.0,6,1.0,1.0,-0.15878755698678365
C18495$@DOM1,175,1.0,0.0,6,1.0,1.0,-0.15878755698678365
C12741$@DOM1,175,1.0,0.0,6,1.0,1.0,-0.15878755698678365
C6996$@DOM1,175,1.0,0.0,6,1.0,1.0,-0.15878755698678365
C12574$@DOM1,175,1.0,0.0,6,1.0,1.0,-0.15878755698678365
C1819$@DOM1,143,1.0,0.0,5,1.0,1.0,-0.15880964461836028
C3232$@DOM1,143,1.0,0.0,5,1.0,1.0,-0.15880964461836028
C21566$@DOM1,143,1.0,0.0,5,1.0,1.0,-0.15880964461836028
C5092$@DOM1,143,1.0,0.0,5,1.0,1.0,-0.15880964461836028
C7204$@DOM1,143,1.0,0.0,5,1.0,1.0,-0.15880964461836028
C19246$@DOM1,143,1.0,0.0,5,1.0,1.0,-0.15880964461836028
C12254$@DOM1,143,1.0,0.0,5,1.0,1.0,-0.15880964461836028
C6963$@DOM1,143,1.0,0.0,5,1.0,1.0,-0.15880964461836028
C9409$@DOM1,143,1.0,0.0,5,1.0,1.0,-0.15880964461836028
C2538$@DOM1,143,1.0,0.0,5,1.0,1.0,-0.15880964461836028
C20053$@DOM1,143,1.0,0.0,5,1.0,1.0,-0.15880964461836028
C7828$@DOM1,143,1.0,0.0,5,1.0,1.0,-0.15880964461836028
C9797$@DOM1,143,1.0,0.0,5,1.0,1.0,-0.15880964461836028
C5396$@DOM1,143,1.0,0.0,5,1.0,1.0,-0.15880964461836028
C9224$@DOM1,143,1.0,0.0,5,1.0,1.0,-0.15880964461836028
C14284$@DOM1,143,1.0,0.0,5,1.0,1.0,-0.15880964461836028
C3274$@DOM1,143,1.0,0.0,5,1.0,1.0,-0.15880964461836028
C3305$@DOM1,143,1.0,0.0,5,1.0,1.0,-0.15880964461836028
C9888$@DOM1,143,1.0,0.0,5,1.0,1.0,-0.15880964461836028
C14496$@DOM1,143,1.0,0.0,5,1.0,1.0,-0.15880964461836028
C4867$@DOM1,143,1.0,0.0,5,1.0,1.0,-0.15880964461836028
C3916$@DOM1,143,1.0,0.0,5,1.0,1.0,-0.15880964461836028
C732$@DOM1,143,1.0,0.0,5,1.0,1.0,-0.15880964461836028
C1533$@DOM1,143,1.0,0.0,5,1.0,1.0,-0.15880964461836028
U5488@DOM1,62,1.0,0.0,7,1.0,1.0,-0.15881596228891942
U3285@DOM1,62,1.0,0.0,7,1.0,1.0,-0.15881596228891942
U4400@DOM1,62,1.0,0.0,7,1.0,1.0,-0.15881596228891942
U3508@DOM1,62,1.0,0.0,7,1.0,1.0,-0.15881596228891942
U6271@DOM1,62,1.0,0.0,7,1.0,1.0,-0.15881596228891942
U5076@DOM1,62,1.0,0.0,7,1.0,1.0,-0.15881596228891942
U9903@DOM1,62,1.0,0.0,7,1.0,1.0,-0.15881596228891942
U3239@DOM1,62,1.0,0.0,7,1.0,1.0,-0.15881596228891942
U300@DOM1,62,1.0,0.0,7,1.0,1.0,-0.15881596228891942
U8642@DOM1,62,1.0,0.0,7,1.0,1.0,-0.15881596228891942
U2822@DOM1,62,1.0,0.0,7,1.0,1.0,-0.15881596228891942
U5409@DOM1,62,1.0,0.0,7,1.0,1.0,-0.15881596228891942
U2853@DOM1,62,1.0,0.0,7,1.0,1.0,-0.15881596228891942
U6145@DOM1,62,1.0,0.0,7,1.0,1.0,-0.15881596228891942
U1064@DOM1,62,1.0,0.0,7,1.0,1.0,-0.15881596228891942
U3016@DOM1,62,1.0,0.0,7,1.0,1.0,-0.15881596228891942
U4910@DOM1,62,1.0,0.0,7,1.0,1.0,-0.15881596228891942
U8231@DOM1,62,1.0,0.0,7,1.0,1.0,-0.15881596228891942
C7850$@DOM1,147,1.0,0.0,5,1.0,1.0,-0.15881856569403002
C17877$@DOM1,147,1.0,0.0,5,1.0,1.0,-0.15881856569403002
C3504$@DOM1,147,1.0,0.0,5,1.0,1.0,-0.15881856569403002
C4116$@DOM1,147,1.0,0.0,5,1.0,1.0,-0.15881856569403002
C3842$@DOM1,147,1.0,0.0,5,1.0,1.0,-0.15881856569403002
C19530$@DOM1,147,1.0,0.0,5,1.0,1.0,-0.15881856569403002
U7367@DOM1,147,1.0,0.0,5,1.0,1.0,-0.15881856569403002
C3644$@DOM1,147,1.0,0.0,5,1.0,1.0,-0.15881856569403002
C2562$@DOM1,147,1.0,0.0,5,1.0,1.0,-0.15881856569403002
C5258$@DOM1,147,1.0,0.0,5,1.0,1.0,-0.15881856569403002
C4363$@DOM1,147,1.0,0.0,5,1.0,1.0,-0.15881856569403002
C8371$@DOM1,147,1.0,0.0,5,1.0,1.0,-0.15881856569403002
C11370$@DOM1,147,1.0,0.0,5,1.0,1.0,-0.15881856569403002
C11015$@DOM1,147,1.0,0.0,5,1.0,1.0,-0.15881856569403002
C17111$@DOM1,147,1.0,0.0,5,1.0,1.0,-0.15881856569403002
C20486$@DOM1,147,1.0,0.0,5,1.0,1.0,-0.15881856569403002
C4408$@DOM1,120,1.0,0.0,5,1.0,1.0,-0.15883937848019808
C5086$@DOM1,120,1.0,0.0,5,1.0,1.0,-0.15883937848019808
C18000$@DOM1,120,1.0,0.0,5,1.0,1.0,-0.15883937848019808
C14402$@DOM1,120,1.0,0.0,5,1.0,1.0,-0.15883937848019808
C3017$@DOM1,120,1.0,0.0,5,1.0,1.0,-0.15883937848019808
U711@DOM1,120,1.0,0.0,5,1.0,1.0,-0.15883937848019808
C12063$@DOM1,120,1.0,0.0,5,1.0,1.0,-0.15883937848019808
C4996$@DOM1,120,1.0,0.0,5,1.0,1.0,-0.15883937848019808
C10261$@DOM1,120,1.0,0.0,5,1.0,1.0,-0.15883937848019808
C238$@DOM1,120,1.0,0.0,5,1.0,1.0,-0.15883937848019808
C19366$@DOM1,120,1.0,0.0,5,1.0,1.0,-0.15883937848019808
C3722$@DOM1,120,1.0,0.0,5,1.0,1.0,-0.15883937848019808
C14019$@DOM1,120,1.0,0.0,5,1.0,1.0,-0.15883937848019808
C4212$@DOM1,123,1.0,0.0,5,1.0,1.0,-0.15884122396048517
C1954$@DOM1,123,1.0,0.0,5,1.0,1.0,-0.15884122396048517
C15642$@DOM1,123,1.0,0.0,5,1.0,1.0,-0.15884122396048517
C5008$@DOM1,123,1.0,0.0,5,1.0,1.0,-0.15884122396048517
C4325$@DOM1,123,1.0,0.0,5,1.0,1.0,-0.15884122396048517
C1957$@DOM1,123,1.0,0.0,5,1.0,1.0,-0.15884122396048517
C4396$@DOM1,123,1.0,0.0,5,1.0,1.0,-0.15884122396048517
C8914$@DOM1,123,1.0,0.0,5,1.0,1.0,-0.15884122396048517
C15034$@DOM1,123,1.0,0.0,5,1.0,1.0,-0.15884122396048517
U644@DOM1,123,1.0,0.0,5,1.0,1.0,-0.15884122396048517
C9762$@DOM1,123,1.0,0.0,5,1.0,1.0,-0.15884122396048517
C8688$@DOM1,123,1.0,0.0,5,1.0,1.0,-0.15884122396048517
C3068$@DOM1,123,1.0,0.0,5,1.0,1.0,-0.15884122396048517
C19019$@DOM1,123,1.0,0.0,5,1.0,1.0,-0.15884122396048517
C300$@DOM1,123,1.0,0.0,5,1.0,1.0,-0.15884122396048517
C2790$@DOM1,142,1.0,0.0,5,1.0,1.0,-0.15890042201414373
C3797$@DOM1,142,1.0,0.0,5,1.0,1.0,-0.15890042201414373
C7004$@DOM1,142,1.0,0.0,5,1.0,1.0,-0.15890042201414373
C1056$@DOM1,142,1.0,0.0,5,1.0,1.0,-0.15890042201414373
C8068$@DOM1,142,1.0,0.0,5,1.0,1.0,-0.15890042201414373
C10605$@DOM1,142,1.0,0.0,5,1.0,1.0,-0.15890042201414373
C12212$@DOM1,142,1.0,0.0,5,1.0,1.0,-0.15890042201414373
C52$@DOM1,142,1.0,0.0,5,1.0,1.0,-0.15890042201414373
C949$@DOM1,142,1.0,0.0,5,1.0,1.0,-0.15890042201414373
C7229$@DOM1,142,1.0,0.0,5,1.0,1.0,-0.15890042201414373
C7884$@DOM1,142,1.0,0.0,5,1.0,1.0,-0.15890042201414373
C2121$@DOM1,142,1.0,0.0,5,1.0,1.0,-0.15890042201414373
C16459$@DOM1,142,1.0,0.0,5,1.0,1.0,-0.15890042201414373
C17313$@DOM1,142,1.0,0.0,5,1.0,1.0,-0.15890042201414373
C9964$@DOM1,142,1.0,0.0,5,1.0,1.0,-0.15890042201414373
C15636$@DOM1,142,1.0,0.0,5,1.0,1.0,-0.15890042201414373
C16453$@DOM1,142,1.0,0.0,5,1.0,1.0,-0.15890042201414373
C16433$@DOM1,142,1.0,0.0,5,1.0,1.0,-0.15890042201414373
C5528$@DOM1,145,1.0,0.0,5,1.0,1.0,-0.15893396551814798
C3103$@DOM1,146,1.0,0.0,5,1.0,1.0,-0.15893396551814798
C3100$@DOM1,146,1.0,0.0,5,1.0,1.0,-0.15893396551814798
C474$@DOM1,146,1.0,0.0,5,1.0,1.0,-0.15893396551814798
C8875$@DOM1,145,1.0,0.0,5,1.0,1.0,-0.15893396551814798
C9287$@DOM1,145,1.0,0.0,5,1.0,1.0,-0.15893396551814798
C11985$@DOM1,146,1.0,0.0,5,1.0,1.0,-0.15893396551814798
C5139$@DOM1,146,1.0,0.0,5,1.0,1.0,-0.15893396551814798
C9610$@DOM1,146,1.0,0.0,5,1.0,1.0,-0.15893396551814798
C3845$@DOM1,145,1.0,0.0,5,1.0,1.0,-0.15893396551814798
C3359$@DOM1,145,1.0,0.0,5,1.0,1.0,-0.15893396551814798
C9202$@DOM1,145,1.0,0.0,5,1.0,1.0,-0.15893396551814798
C4352$@DOM1,146,1.0,0.0,5,1.0,1.0,-0.15893396551814798
C2646$@DOM1,146,1.0,0.0,5,1.0,1.0,-0.15893396551814798
C2018$@DOM1,146,1.0,0.0,5,1.0,1.0,-0.15893396551814798
C18902$@DOM1,146,1.0,0.0,5,1.0,1.0,-0.15893396551814798
C3226$@DOM1,146,1.0,0.0,5,1.0,1.0,-0.15893396551814798
C3381$@DOM1,146,1.0,0.0,5,1.0,1.0,-0.15893396551814798
C12059$@DOM1,146,1.0,0.0,5,1.0,1.0,-0.15893396551814798
C3620$@DOM1,145,1.0,0.0,5,1.0,1.0,-0.15893396551814798
C4957$@DOM1,145,1.0,0.0,5,1.0,1.0,-0.15893396551814798
C8049$@DOM1,145,1.0,0.0,5,1.0,1.0,-0.15893396551814798
C3322$@DOM1,145,1.0,0.0,5,1.0,1.0,-0.15893396551814798
C20795$@DOM1,146,1.0,0.0,5,1.0,1.0,-0.15893396551814798
C10721$@DOM1,145,1.0,0.0,5,1.0,1.0,-0.15893396551814798
C16574$@DOM1,146,1.0,0.0,5,1.0,1.0,-0.15893396551814798
C3361$@DOM1,145,1.0,0.0,5,1.0,1.0,-0.15893396551814798
C18708$@DOM1,145,1.0,0.0,5,1.0,1.0,-0.15893396551814798
C4550$@DOM1,145,1.0,0.0,5,1.0,1.0,-0.15893396551814798
C2091$@DOM1,146,1.0,0.0,5,1.0,1.0,-0.15893396551814798
C20906$@DOM1,146,1.0,0.0,5,1.0,1.0,-0.15893396551814798
C1681$@DOM1,146,1.0,0.0,5,1.0,1.0,-0.15893396551814798
C4529$@DOM1,146,1.0,0.0,5,1.0,1.0,-0.15893396551814798
C492$@DOM1,146,1.0,0.0,5,1.0,1.0,-0.15893396551814798
C7581$@DOM1,146,1.0,0.0,5,1.0,1.0,-0.15893396551814798
C18916$@DOM1,145,1.0,0.0,5,1.0,1.0,-0.15893396551814798
C3171$@DOM1,146,1.0,0.0,5,1.0,1.0,-0.15893396551814798
C8743$@DOM1,146,1.0,0.0,5,1.0,1.0,-0.15893396551814798
C18931$@DOM1,146,1.0,0.0,5,1.0,1.0,-0.15893396551814798
C2895$@DOM1,146,1.0,0.0,5,1.0,1.0,-0.15893396551814798
C6242$@DOM1,146,1.0,0.0,5,1.0,1.0,-0.15893396551814798
C8704$@DOM1,145,1.0,0.0,5,1.0,1.0,-0.15893396551814798
C2591$@DOM1,145,1.0,0.0,5,1.0,1.0,-0.15893396551814798
C9613$@DOM1,119,1.0,0.0,5,1.0,1.0,-0.15897947509814292
C14097$@DOM1,119,1.0,0.0,5,1.0,1.0,-0.15897947509814292
C20542$@DOM1,118,1.0,0.0,5,1.0,1.0,-0.15897947509814292
C18918$@DOM1,119,1.0,0.0,5,1.0,1.0,-0.15897947509814292
C2303$@DOM1,118,1.0,0.0,5,1.0,1.0,-0.15897947509814292
C18574$@DOM1,118,1.0,0.0,5,1.0,1.0,-0.15897947509814292
C10616$@DOM1,119,1.0,0.0,5,1.0,1.0,-0.15897947509814292
C15374$@DOM1,119,1.0,0.0,5,1.0,1.0,-0.15897947509814292
C17050$@DOM1,118,1.0,0.0,5,1.0,1.0,-0.15897947509814292
C2714$@DOM1,119,1.0,0.0,5,1.0,1.0,-0.15897947509814292
C4808$@DOM1,119,1.0,0.0,5,1.0,1.0,-0.15897947509814292
C7531$@DOM1,119,1.0,0.0,5,1.0,1.0,-0.15897947509814292
C20080$@DOM1,118,1.0,0.0,5,1.0,1.0,-0.15897947509814292
C3200$@DOM1,118,1.0,0.0,5,1.0,1.0,-0.15897947509814292
C7568$@DOM1,119,1.0,0.0,5,1.0,1.0,-0.15897947509814292
C17479$@DOM1,119,1.0,0.0,5,1.0,1.0,-0.15897947509814292
C7337$@DOM1,118,1.0,0.0,5,1.0,1.0,-0.15897947509814292
C14483$@DOM1,118,1.0,0.0,5,1.0,1.0,-0.15897947509814292
C12547$@DOM1,118,1.0,0.0,5,1.0,1.0,-0.15897947509814292
C16993$@DOM1,118,1.0,0.0,5,1.0,1.0,-0.15897947509814292
C11794$@DOM1,118,1.0,0.0,5,1.0,1.0,-0.15897947509814292
C14045$@DOM1,140,1.0,0.0,5,1.0,1.0,-0.15898041166707516
C15303$@DOM1,141,1.0,0.0,5,1.0,1.0,-0.15898041166707516
C3312$@DOM1,141,1.0,0.0,5,1.0,1.0,-0.15898041166707516
C9729$@DOM1,140,1.0,0.0,5,1.0,1.0,-0.15898041166707516
C19730$@DOM1,140,1.0,0.0,5,1.0,1.0,-0.15898041166707516
C5218$@DOM1,139,1.0,0.0,5,1.0,1.0,-0.15898041166707516
C4743$@DOM1,139,1.0,0.0,5,1.0,1.0,-0.15898041166707516
C16455$@DOM1,140,1.0,0.0,5,1.0,1.0,-0.15898041166707516
C20159$@DOM1,139,1.0,0.0,5,1.0,1.0,-0.15898041166707516
C21139$@DOM1,141,1.0,0.0,5,1.0,1.0,-0.15898041166707516
C3924$@DOM1,140,1.0,0.0,5,1.0,1.0,-0.15898041166707516
C3163$@DOM1,140,1.0,0.0,5,1.0,1.0,-0.15898041166707516
C758$@DOM1,141,1.0,0.0,5,1.0,1.0,-0.15898041166707516
C8675$@DOM1,140,1.0,0.0,5,1.0,1.0,-0.15898041166707516
C15093$@DOM1,141,1.0,0.0,5,1.0,1.0,-0.15898041166707516
C4185$@DOM1,141,1.0,0.0,5,1.0,1.0,-0.15898041166707516
C2219$@DOM1,141,1.0,0.0,5,1.0,1.0,-0.15898041166707516
C17542$@DOM1,141,1.0,0.0,5,1.0,1.0,-0.15898041166707516
C20900$@DOM1,139,1.0,0.0,5,1.0,1.0,-0.15898041166707516
C15615$@DOM1,141,1.0,0.0,5,1.0,1.0,-0.15898041166707516
C6083$@DOM1,140,1.0,0.0,5,1.0,1.0,-0.15898041166707516
C6100$@DOM1,139,1.0,0.0,5,1.0,1.0,-0.15898041166707516
C7814$@DOM1,140,1.0,0.0,5,1.0,1.0,-0.15898041166707516
C3965$@DOM1,141,1.0,0.0,5,1.0,1.0,-0.15898041166707516
C2143$@DOM1,139,1.0,0.0,5,1.0,1.0,-0.15898041166707516
C1010$@DOM1,141,1.0,0.0,5,1.0,1.0,-0.15898041166707516
C9378$@DOM1,141,1.0,0.0,5,1.0,1.0,-0.15898041166707516
C8865$@DOM1,140,1.0,0.0,5,1.0,1.0,-0.15898041166707516
C15756$@DOM1,140,1.0,0.0,5,1.0,1.0,-0.15898041166707516
C7882$@DOM1,140,1.0,0.0,5,1.0,1.0,-0.15898041166707516
C5281$@DOM1,141,1.0,0.0,5,1.0,1.0,-0.15898041166707516
C21723$@DOM1,139,1.0,0.0,5,1.0,1.0,-0.15898041166707516
C4614$@DOM1,140,1.0,0.0,5,1.0,1.0,-0.15898041166707516
C3652$@DOM1,140,1.0,0.0,5,1.0,1.0,-0.15898041166707516
C19090$@DOM1,139,1.0,0.0,5,1.0,1.0,-0.15898041166707516
C1421$@DOM1,140,1.0,0.0,5,1.0,1.0,-0.15898041166707516
C21841$@DOM1,139,1.0,0.0,5,1.0,1.0,-0.15898041166707516
C10101$@DOM1,139,1.0,0.0,5,1.0,1.0,-0.15898041166707516
C12360$@DOM1,140,1.0,0.0,5,1.0,1.0,-0.15898041166707516
C14095$@DOM1,139,1.0,0.0,5,1.0,1.0,-0.15898041166707516
C7210$@DOM1,140,1.0,0.0,5,1.0,1.0,-0.15898041166707516
C4698$@DOM1,139,1.0,0.0,5,1.0,1.0,-0.15898041166707516
C4693$@DOM1,139,1.0,0.0,5,1.0,1.0,-0.15898041166707516
C16583$@DOM1,139,1.0,0.0,5,1.0,1.0,-0.15898041166707516
C14104$@DOM1,140,1.0,0.0,5,1.0,1.0,-0.15898041166707516
C3185$@DOM1,139,1.0,0.0,5,1.0,1.0,-0.15898041166707516
C4233$@DOM1,140,1.0,0.0,5,1.0,1.0,-0.15898041166707516
U9052@DOM1,59,1.0,0.0,6,1.0,1.0,-0.15899190005960423
U8870@DOM1,59,1.0,0.0,6,1.0,1.0,-0.15899190005960423
U5333@DOM1,59,1.0,0.0,6,1.0,1.0,-0.15899190005960423
U10189@DOM1,59,1.0,0.0,6,1.0,1.0,-0.15899190005960423
U4425@DOM1,59,1.0,0.0,6,1.0,1.0,-0.15899190005960423
U8731@DOM1,59,1.0,0.0,6,1.0,1.0,-0.15899190005960423
U7222@DOM1,59,1.0,0.0,6,1.0,1.0,-0.15899190005960423
U7275@DOM1,59,1.0,0.0,6,1.0,1.0,-0.15899190005960423
U2625@DOM1,59,1.0,0.0,6,1.0,1.0,-0.15899190005960423
U7629@DOM1,59,1.0,0.0,6,1.0,1.0,-0.15899190005960423
U2558@DOM1,59,1.0,0.0,6,1.0,1.0,-0.15899190005960423
U4663@DOM1,59,1.0,0.0,6,1.0,1.0,-0.15899190005960423
U9570@DOM1,59,1.0,0.0,6,1.0,1.0,-0.15899190005960423
U6716@DOM1,59,1.0,0.0,6,1.0,1.0,-0.15899190005960423
U662@DOM1,59,1.0,0.0,6,1.0,1.0,-0.15899190005960423
U8964@DOM1,59,1.0,0.0,6,1.0,1.0,-0.15899190005960423
U8954@DOM1,59,1.0,0.0,6,1.0,1.0,-0.15899190005960423
U5612@DOM1,59,1.0,0.0,6,1.0,1.0,-0.15899190005960423
U1121@DOM1,59,1.0,0.0,6,1.0,1.0,-0.15899190005960423
U2384@DOM1,59,1.0,0.0,6,1.0,1.0,-0.15899190005960423
U4987@DOM1,59,1.0,0.0,6,1.0,1.0,-0.15899190005960423
U9405@DOM1,59,1.0,0.0,6,1.0,1.0,-0.15899190005960423
U3711@DOM1,63,1.0,0.0,7,1.0,1.0,-0.15905158306290007
U2025@DOM1,63,1.0,0.0,7,1.0,1.0,-0.15905158306290007
U8587@DOM1,63,1.0,0.0,7,1.0,1.0,-0.15905158306290007
U2915@DOM1,63,1.0,0.0,7,1.0,1.0,-0.15905158306290007
U7726@DOM1,63,1.0,0.0,7,1.0,1.0,-0.15905158306290007
U3311@DOM1,63,1.0,0.0,7,1.0,1.0,-0.15905158306290007
U2930@DOM1,63,1.0,0.0,7,1.0,1.0,-0.15905158306290007
U4605@DOM1,63,1.0,0.0,7,1.0,1.0,-0.15905158306290007
U8385@DOM1,63,1.0,0.0,7,1.0,1.0,-0.15905158306290007
U990@DOM1,63,1.0,0.0,7,1.0,1.0,-0.15905158306290007
U9387@DOM1,63,1.0,0.0,7,1.0,1.0,-0.15905158306290007
U6298@DOM1,63,1.0,0.0,7,1.0,1.0,-0.15905158306290007
U1053@DOM1,63,1.0,0.0,7,1.0,1.0,-0.15905158306290007
U5180@DOM1,63,1.0,0.0,7,1.0,1.0,-0.15905158306290007
U3569@DOM1,63,1.0,0.0,7,1.0,1.0,-0.15905158306290007
C11806$@DOM1,127,1.0,0.0,5,1.0,1.0,-0.15906328524011282
C19522$@DOM1,127,1.0,0.0,5,1.0,1.0,-0.15906328524011282
C7095$@DOM1,127,1.0,0.0,5,1.0,1.0,-0.15906328524011282
C2803$@DOM1,127,1.0,0.0,5,1.0,1.0,-0.15906328524011282
C13500$@DOM1,127,1.0,0.0,5,1.0,1.0,-0.15906328524011282
C4559$@DOM1,127,1.0,0.0,5,1.0,1.0,-0.15906328524011282
C14449$@DOM1,127,1.0,0.0,5,1.0,1.0,-0.15906328524011282
C12080$@DOM1,127,1.0,0.0,5,1.0,1.0,-0.15906328524011282
C15725$@DOM1,127,1.0,0.0,5,1.0,1.0,-0.15906328524011282
C7$@DOM1,127,1.0,0.0,5,1.0,1.0,-0.15906328524011282
C2652$@DOM1,127,1.0,0.0,5,1.0,1.0,-0.15906328524011282
C6231$@DOM1,127,1.0,0.0,5,1.0,1.0,-0.15906328524011282
C346$@DOM1,127,1.0,0.0,5,1.0,1.0,-0.15906328524011282
C20177$@DOM1,174,1.0,0.0,6,1.0,1.0,-0.1591513461847393
C2951$@DOM1,174,1.0,0.0,6,1.0,1.0,-0.1591513461847393
C2542$@DOM1,174,1.0,0.0,6,1.0,1.0,-0.1591513461847393
C1505$@DOM1,174,1.0,0.0,6,1.0,1.0,-0.1591513461847393
C16175$@DOM1,174,1.0,0.0,6,1.0,1.0,-0.1591513461847393
C18977$@DOM1,174,1.0,0.0,6,1.0,1.0,-0.1591513461847393
C190$@DOM1,174,1.0,0.0,6,1.0,1.0,-0.1591513461847393
C5476$@DOM1,174,1.0,0.0,6,1.0,1.0,-0.1591513461847393
C4248$@DOM1,174,1.0,0.0,6,1.0,1.0,-0.1591513461847393
C18865$@DOM1,129,1.0,0.0,5,1.0,1.0,-0.1591629024953673
C5853$@DOM1,128,1.0,0.0,5,1.0,1.0,-0.1591629024953673
C11082$@DOM1,129,1.0,0.0,5,1.0,1.0,-0.1591629024953673
C2807$@DOM1,129,1.0,0.0,5,1.0,1.0,-0.1591629024953673
C2153$@DOM1,128,1.0,0.0,5,1.0,1.0,-0.1591629024953673
C2468$@DOM1,128,1.0,0.0,5,1.0,1.0,-0.1591629024953673
C2638$@DOM1,129,1.0,0.0,5,1.0,1.0,-0.1591629024953673
C2399$@DOM1,129,1.0,0.0,5,1.0,1.0,-0.1591629024953673
C4438$@DOM1,129,1.0,0.0,5,1.0,1.0,-0.1591629024953673
C5339$@DOM1,128,1.0,0.0,5,1.0,1.0,-0.1591629024953673
C16389$@DOM1,128,1.0,0.0,5,1.0,1.0,-0.1591629024953673
C6623$@DOM1,128,1.0,0.0,5,1.0,1.0,-0.1591629024953673
C1863$@DOM1,129,1.0,0.0,5,1.0,1.0,-0.1591629024953673
C10029$@DOM1,128,1.0,0.0,5,1.0,1.0,-0.1591629024953673
C17200$@DOM1,128,1.0,0.0,5,1.0,1.0,-0.1591629024953673
C2568$@DOM1,129,1.0,0.0,5,1.0,1.0,-0.1591629024953673
C11851$@DOM1,129,1.0,0.0,5,1.0,1.0,-0.1591629024953673
C10718$@DOM1,128,1.0,0.0,5,1.0,1.0,-0.1591629024953673
C1613$@DOM1,129,1.0,0.0,5,1.0,1.0,-0.1591629024953673
C6711$@DOM1,129,1.0,0.0,5,1.0,1.0,-0.1591629024953673
C4851$@DOM1,128,1.0,0.0,5,1.0,1.0,-0.1591629024953673
C4225$@DOM1,128,1.0,0.0,5,1.0,1.0,-0.1591629024953673
C15914$@DOM1,129,1.0,0.0,5,1.0,1.0,-0.1591629024953673
C3199$@DOM1,128,1.0,0.0,5,1.0,1.0,-0.1591629024953673
C7244$@DOM1,128,1.0,0.0,5,1.0,1.0,-0.1591629024953673
C2077$@DOM1,126,1.0,0.0,5,1.0,1.0,-0.1591665146244557
C18427$@DOM1,126,1.0,0.0,5,1.0,1.0,-0.1591665146244557
C1312$@DOM1,126,1.0,0.0,5,1.0,1.0,-0.1591665146244557
C19850$@DOM1,126,1.0,0.0,5,1.0,1.0,-0.1591665146244557
C2731$@DOM1,126,1.0,0.0,5,1.0,1.0,-0.1591665146244557
C9670$@DOM1,126,1.0,0.0,5,1.0,1.0,-0.1591665146244557
C9898$@DOM1,126,1.0,0.0,5,1.0,1.0,-0.1591665146244557
C20887$@DOM1,126,1.0,0.0,5,1.0,1.0,-0.1591665146244557
C19438$@DOM1,126,1.0,0.0,5,1.0,1.0,-0.1591665146244557
C10230$@DOM1,126,1.0,0.0,5,1.0,1.0,-0.1591665146244557
C17789$@DOM1,126,1.0,0.0,5,1.0,1.0,-0.1591665146244557
C13376$@DOM1,126,1.0,0.0,5,1.0,1.0,-0.1591665146244557
C19472$@DOM1,126,1.0,0.0,5,1.0,1.0,-0.1591665146244557
C17937$@DOM1,138,1.0,0.0,5,1.0,1.0,-0.15917804240662986
C10430$@DOM1,138,1.0,0.0,5,1.0,1.0,-0.15917804240662986
C4751$@DOM1,138,1.0,0.0,5,1.0,1.0,-0.15917804240662986
C2708$@DOM1,138,1.0,0.0,5,1.0,1.0,-0.15917804240662986
C14540$@DOM1,138,1.0,0.0,5,1.0,1.0,-0.15917804240662986
C5313$@DOM1,138,1.0,0.0,5,1.0,1.0,-0.15917804240662986
C18252$@DOM1,138,1.0,0.0,5,1.0,1.0,-0.15917804240662986
C10494$@DOM1,138,1.0,0.0,5,1.0,1.0,-0.15917804240662986
C3614$@DOM1,138,1.0,0.0,5,1.0,1.0,-0.15917804240662986
C12029$@DOM1,138,1.0,0.0,5,1.0,1.0,-0.15917804240662986
C3176$@DOM1,138,1.0,0.0,5,1.0,1.0,-0.15917804240662986
C11748$@DOM1,138,1.0,0.0,5,1.0,1.0,-0.15917804240662986
C15403$@DOM1,138,1.0,0.0,5,1.0,1.0,-0.15917804240662986
C3141$@DOM1,138,1.0,0.0,5,1.0,1.0,-0.15917804240662986
C13183$@DOM1,138,1.0,0.0,5,1.0,1.0,-0.15917804240662986
C3137$@DOM1,138,1.0,0.0,5,1.0,1.0,-0.15917804240662986
C6190$@DOM1,138,1.0,0.0,5,1.0,1.0,-0.15917804240662986
C1661$@DOM1,138,1.0,0.0,5,1.0,1.0,-0.15917804240662986
C20170$@DOM1,138,1.0,0.0,5,1.0,1.0,-0.15917804240662986
C1665$@DOM1,138,1.0,0.0,5,1.0,1.0,-0.15917804240662986
C3117$@DOM1,138,1.0,0.0,5,1.0,1.0,-0.15917804240662986
C20149$@DOM1,138,1.0,0.0,5,1.0,1.0,-0.15917804240662986
C7430$@DOM1,138,1.0,0.0,5,1.0,1.0,-0.15917804240662986
C6146$@DOM1,138,1.0,0.0,5,1.0,1.0,-0.15917804240662986
C3701$@DOM1,138,1.0,0.0,5,1.0,1.0,-0.15917804240662986
C11142$@DOM1,131,1.0,0.0,5,1.0,1.0,-0.15926963638888875
C6781$@DOM1,130,1.0,0.0,5,1.0,1.0,-0.15926963638888875
C13779$@DOM1,131,1.0,0.0,5,1.0,1.0,-0.15926963638888875
C4007$@DOM1,130,1.0,0.0,5,1.0,1.0,-0.15926963638888875
C4305$@DOM1,131,1.0,0.0,5,1.0,1.0,-0.15926963638888875
C1881$@DOM1,130,1.0,0.0,5,1.0,1.0,-0.15926963638888875
C7426$@DOM1,131,1.0,0.0,5,1.0,1.0,-0.15926963638888875
C3230$@DOM1,131,1.0,0.0,5,1.0,1.0,-0.15926963638888875
C16334$@DOM1,131,1.0,0.0,5,1.0,1.0,-0.15926963638888875
C13994$@DOM1,130,1.0,0.0,5,1.0,1.0,-0.15926963638888875
C20285$@DOM1,130,1.0,0.0,5,1.0,1.0,-0.15926963638888875
C5290$@DOM1,131,1.0,0.0,5,1.0,1.0,-0.15926963638888875
C5382$@DOM1,130,1.0,0.0,5,1.0,1.0,-0.15926963638888875
C11809$@DOM1,131,1.0,0.0,5,1.0,1.0,-0.15926963638888875
C7592$@DOM1,131,1.0,0.0,5,1.0,1.0,-0.15926963638888875
C15285$@DOM1,130,1.0,0.0,5,1.0,1.0,-0.15926963638888875
C3077$@DOM1,131,1.0,0.0,5,1.0,1.0,-0.15926963638888875
C20867$@DOM1,131,1.0,0.0,5,1.0,1.0,-0.15926963638888875
C18548$@DOM1,131,1.0,0.0,5,1.0,1.0,-0.15926963638888875
C3794$@DOM1,130,1.0,0.0,5,1.0,1.0,-0.15926963638888875
C1615$@DOM1,131,1.0,0.0,5,1.0,1.0,-0.15926963638888875
C20059$@DOM1,130,1.0,0.0,5,1.0,1.0,-0.15926963638888875
C18033$@DOM1,131,1.0,0.0,5,1.0,1.0,-0.15926963638888875
C9127$@DOM1,131,1.0,0.0,5,1.0,1.0,-0.15926963638888875
C17705$@DOM1,131,1.0,0.0,5,1.0,1.0,-0.15926963638888875
C4381$@DOM1,130,1.0,0.0,5,1.0,1.0,-0.15926963638888875
C2902$@DOM1,130,1.0,0.0,5,1.0,1.0,-0.15926963638888875
C20507$@DOM1,130,1.0,0.0,5,1.0,1.0,-0.15926963638888875
C642$@DOM1,130,1.0,0.0,5,1.0,1.0,-0.15926963638888875
C6404$@DOM1,131,1.0,0.0,5,1.0,1.0,-0.15926963638888875
C19408$@DOM1,124,1.0,0.0,5,1.0,1.0,-0.15931176851609297
C17905$@DOM1,124,1.0,0.0,5,1.0,1.0,-0.15931176851609297
C21497$@DOM1,124,1.0,0.0,5,1.0,1.0,-0.15931176851609297
C20453$@DOM1,124,1.0,0.0,5,1.0,1.0,-0.15931176851609297
C21570$@DOM1,124,1.0,0.0,5,1.0,1.0,-0.15931176851609297
C18172$@DOM1,124,1.0,0.0,5,1.0,1.0,-0.15931176851609297
C11242$@DOM1,124,1.0,0.0,5,1.0,1.0,-0.15931176851609297
C4483$@DOM1,124,1.0,0.0,5,1.0,1.0,-0.15931176851609297
C17493$@DOM1,124,1.0,0.0,5,1.0,1.0,-0.15931176851609297
C3094$@DOM1,124,1.0,0.0,5,1.0,1.0,-0.15931176851609297
C4563$@DOM1,124,1.0,0.0,5,1.0,1.0,-0.15931176851609297
C9829$@DOM1,124,1.0,0.0,5,1.0,1.0,-0.15931176851609297
U5828@DOM1,61,1.0,0.0,6,1.0,1.0,-0.15934191765468486
U1945@DOM1,61,1.0,0.0,6,1.0,1.0,-0.15934191765468486
U9679@DOM1,61,1.0,0.0,6,1.0,1.0,-0.15934191765468486
U5880@DOM1,61,1.0,0.0,6,1.0,1.0,-0.15934191765468486
U2549@DOM1,61,1.0,0.0,6,1.0,1.0,-0.15934191765468486
U786@DOM1,61,1.0,0.0,6,1.0,1.0,-0.15934191765468486
U8508@DOM1,61,1.0,0.0,6,1.0,1.0,-0.15934191765468486
U2485@DOM1,61,1.0,0.0,6,1.0,1.0,-0.15934191765468486
U2777@DOM1,61,1.0,0.0,6,1.0,1.0,-0.15934191765468486
U9001@DOM1,61,1.0,0.0,6,1.0,1.0,-0.15934191765468486
U7419@DOM1,61,1.0,0.0,6,1.0,1.0,-0.15934191765468486
U4176@DOM1,61,1.0,0.0,6,1.0,1.0,-0.15934191765468486
U7271@DOM1,61,1.0,0.0,6,1.0,1.0,-0.15934191765468486
U99@DOM1,61,1.0,0.0,6,1.0,1.0,-0.15934191765468486
U6514@DOM1,61,1.0,0.0,6,1.0,1.0,-0.15934191765468486
U7876@DOM1,61,1.0,0.0,6,1.0,1.0,-0.15934191765468486
U2272@DOM1,61,1.0,0.0,6,1.0,1.0,-0.15934191765468486
U4727@DOM1,60,1.0,0.0,6,1.0,1.0,-0.1593538676310537
U2443@DOM1,60,1.0,0.0,6,1.0,1.0,-0.1593538676310537
U3505@DOM1,60,1.0,0.0,6,1.0,1.0,-0.1593538676310537
U4739@DOM1,60,1.0,0.0,6,1.0,1.0,-0.1593538676310537
U4725@DOM1,60,1.0,0.0,6,1.0,1.0,-0.1593538676310537
U4344@DOM1,60,1.0,0.0,6,1.0,1.0,-0.1593538676310537
U4184@DOM1,60,1.0,0.0,6,1.0,1.0,-0.1593538676310537
U4523@DOM1,60,1.0,0.0,6,1.0,1.0,-0.1593538676310537
U2509@DOM1,60,1.0,0.0,6,1.0,1.0,-0.1593538676310537
U8947@DOM1,60,1.0,0.0,6,1.0,1.0,-0.1593538676310537
U2283@DOM1,60,1.0,0.0,6,1.0,1.0,-0.1593538676310537
U7666@DOM1,60,1.0,0.0,6,1.0,1.0,-0.1593538676310537
U1535@DOM1,60,1.0,0.0,6,1.0,1.0,-0.1593538676310537
C21394$@DOM1,137,1.0,0.0,5,1.0,1.0,-0.1593550742538371
C4102$@DOM1,137,1.0,0.0,5,1.0,1.0,-0.1593550742538371
C4077$@DOM1,137,1.0,0.0,5,1.0,1.0,-0.1593550742538371
C20783$@DOM1,137,1.0,0.0,5,1.0,1.0,-0.1593550742538371
C10497$@DOM1,137,1.0,0.0,5,1.0,1.0,-0.1593550742538371
C6131$@DOM1,137,1.0,0.0,5,1.0,1.0,-0.1593550742538371
C11276$@DOM1,137,1.0,0.0,5,1.0,1.0,-0.1593550742538371
C3576$@DOM1,137,1.0,0.0,5,1.0,1.0,-0.1593550742538371
C3377$@DOM1,137,1.0,0.0,5,1.0,1.0,-0.1593550742538371
C12004$@DOM1,137,1.0,0.0,5,1.0,1.0,-0.1593550742538371
C3632$@DOM1,137,1.0,0.0,5,1.0,1.0,-0.1593550742538371
C6920$@DOM1,137,1.0,0.0,5,1.0,1.0,-0.1593550742538371
C8912$@DOM1,137,1.0,0.0,5,1.0,1.0,-0.1593550742538371
C17372$@DOM1,137,1.0,0.0,5,1.0,1.0,-0.1593550742538371
C2229$@DOM1,137,1.0,0.0,5,1.0,1.0,-0.1593550742538371
C9788$@DOM1,137,1.0,0.0,5,1.0,1.0,-0.1593550742538371
C12232$@DOM1,137,1.0,0.0,5,1.0,1.0,-0.1593550742538371
C8814$@DOM1,125,1.0,0.0,5,1.0,1.0,-0.1593818026530865
U1919@DOM1,125,1.0,0.0,5,1.0,1.0,-0.1593818026530865
C4833$@DOM1,125,1.0,0.0,5,1.0,1.0,-0.1593818026530865
C4790$@DOM1,125,1.0,0.0,5,1.0,1.0,-0.1593818026530865
C19894$@DOM1,125,1.0,0.0,5,1.0,1.0,-0.1593818026530865
C9355$@DOM1,125,1.0,0.0,5,1.0,1.0,-0.1593818026530865
C8976$@DOM1,125,1.0,0.0,5,1.0,1.0,-0.1593818026530865
C9099$@DOM1,125,1.0,0.0,5,1.0,1.0,-0.1593818026530865
C5534$@DOM1,125,1.0,0.0,5,1.0,1.0,-0.1593818026530865
C4091$@DOM1,125,1.0,0.0,5,1.0,1.0,-0.1593818026530865
C8631$@DOM1,125,1.0,0.0,5,1.0,1.0,-0.1593818026530865
C8599$@DOM1,125,1.0,0.0,5,1.0,1.0,-0.1593818026530865
C27$@DOM1,125,1.0,0.0,5,1.0,1.0,-0.1593818026530865
C20161$@DOM1,125,1.0,0.0,5,1.0,1.0,-0.1593818026530865
C5358$@DOM1,125,1.0,0.0,5,1.0,1.0,-0.1593818026530865
C10570$@DOM1,125,1.0,0.0,5,1.0,1.0,-0.1593818026530865
C11210$@DOM1,125,1.0,0.0,5,1.0,1.0,-0.1593818026530865
C20829$@DOM1,171,1.0,0.0,7,1.0,1.0,-0.15947773317659375
C11598$@DOM1,171,1.0,0.0,7,1.0,1.0,-0.15947773317659375
C10026$@DOM1,171,1.0,0.0,7,1.0,1.0,-0.15947773317659375
C4249$@DOM1,170,1.0,0.0,7,1.0,1.0,-0.1596456290226167
C20600$@DOM1,170,1.0,0.0,7,1.0,1.0,-0.1596456290226167
C18971$@DOM1,170,1.0,0.0,7,1.0,1.0,-0.1596456290226167
C3214$@DOM1,170,1.0,0.0,7,1.0,1.0,-0.1596456290226167
C19762$@DOM1,170,1.0,0.0,7,1.0,1.0,-0.1596456290226167
C7861$@DOM1,170,1.0,0.0,7,1.0,1.0,-0.1596456290226167
C11587$@DOM1,170,1.0,0.0,7,1.0,1.0,-0.1596456290226167
U9241@DOM1,64,1.0,0.0,7,1.0,1.0,-0.15964845241423642
U9180@DOM1,65,1.0,0.0,7,1.0,1.0,-0.15964845241423642
U9428@DOM1,65,1.0,0.0,7,1.0,1.0,-0.15964845241423642
U963@DOM1,64,1.0,0.0,7,1.0,1.0,-0.15964845241423642
U1020@DOM1,65,1.0,0.0,7,1.0,1.0,-0.15964845241423642
U9490@DOM1,65,1.0,0.0,7,1.0,1.0,-0.15964845241423642
U9105@DOM1,65,1.0,0.0,7,1.0,1.0,-0.15964845241423642
U3783@DOM1,65,1.0,0.0,7,1.0,1.0,-0.15964845241423642
U7591@DOM1,65,1.0,0.0,7,1.0,1.0,-0.15964845241423642
U777@DOM1,65,1.0,0.0,7,1.0,1.0,-0.15964845241423642
U7712@DOM1,65,1.0,0.0,7,1.0,1.0,-0.15964845241423642
U7822@DOM1,64,1.0,0.0,7,1.0,1.0,-0.15964845241423642
U327@DOM1,65,1.0,0.0,7,1.0,1.0,-0.15964845241423642
U8040@DOM1,65,1.0,0.0,7,1.0,1.0,-0.15964845241423642
U8019@DOM1,64,1.0,0.0,7,1.0,1.0,-0.15964845241423642
U827@DOM1,64,1.0,0.0,7,1.0,1.0,-0.15964845241423642
U8245@DOM1,65,1.0,0.0,7,1.0,1.0,-0.15964845241423642
U2273@DOM1,64,1.0,0.0,7,1.0,1.0,-0.15964845241423642
U5867@DOM1,65,1.0,0.0,7,1.0,1.0,-0.15964845241423642
U2576@DOM1,64,1.0,0.0,7,1.0,1.0,-0.15964845241423642
U2477@DOM1,64,1.0,0.0,7,1.0,1.0,-0.15964845241423642
U2486@DOM1,64,1.0,0.0,7,1.0,1.0,-0.15964845241423642
U8564@DOM1,65,1.0,0.0,7,1.0,1.0,-0.15964845241423642
U2309@DOM1,64,1.0,0.0,7,1.0,1.0,-0.15964845241423642
U4298@DOM1,65,1.0,0.0,7,1.0,1.0,-0.15964845241423642
U4270@DOM1,65,1.0,0.0,7,1.0,1.0,-0.15964845241423642
U7405@DOM1,64,1.0,0.0,7,1.0,1.0,-0.15964845241423642
U7404@DOM1,65,1.0,0.0,7,1.0,1.0,-0.15964845241423642
U5746@DOM1,64,1.0,0.0,7,1.0,1.0,-0.15964845241423642
U4103@DOM1,65,1.0,0.0,7,1.0,1.0,-0.15964845241423642
U4115@DOM1,64,1.0,0.0,7,1.0,1.0,-0.15964845241423642
U7012@DOM1,65,1.0,0.0,7,1.0,1.0,-0.15964845241423642
U4577@DOM1,65,1.0,0.0,7,1.0,1.0,-0.15964845241423642
U4632@DOM1,65,1.0,0.0,7,1.0,1.0,-0.15964845241423642
U5197@DOM1,65,1.0,0.0,7,1.0,1.0,-0.15964845241423642
U5161@DOM1,64,1.0,0.0,7,1.0,1.0,-0.15964845241423642
U6475@DOM1,64,1.0,0.0,7,1.0,1.0,-0.15964845241423642
U5532@DOM1,65,1.0,0.0,7,1.0,1.0,-0.15964845241423642
U6235@DOM1,65,1.0,0.0,7,1.0,1.0,-0.15964845241423642
U4215@DOM1,93,1.0,0.0,7,1.0,1.0,-0.15965626397422678
U6092@DOM1,93,1.0,0.0,7,1.0,1.0,-0.15965626397422678
U4470@DOM1,93,1.0,0.0,7,1.0,1.0,-0.15965626397422678
U28@DOM1,93,1.0,0.0,7,1.0,1.0,-0.15965626397422678
U4634@DOM1,93,1.0,0.0,7,1.0,1.0,-0.15965626397422678
U9534@DOM1,93,1.0,0.0,7,1.0,1.0,-0.15965626397422678
U7798@DOM1,93,1.0,0.0,7,1.0,1.0,-0.15965626397422678
U7577@DOM1,93,1.0,0.0,7,1.0,1.0,-0.15965626397422678
U755@DOM1,93,1.0,0.0,7,1.0,1.0,-0.15965626397422678
U4279@DOM1,93,1.0,0.0,7,1.0,1.0,-0.15965626397422678
U8634@DOM1,93,1.0,0.0,7,1.0,1.0,-0.15965626397422678
U2718@DOM1,93,1.0,0.0,7,1.0,1.0,-0.15965626397422678
U1885@DOM1,93,1.0,0.0,7,1.0,1.0,-0.15965626397422678
U5103@DOM1,93,1.0,0.0,7,1.0,1.0,-0.15965626397422678
U510@DOM1,93,1.0,0.0,7,1.0,1.0,-0.15965626397422678
U3114@DOM1,93,1.0,0.0,7,1.0,1.0,-0.15965626397422678
U8237@DOM1,93,1.0,0.0,7,1.0,1.0,-0.15965626397422678
U4870@DOM1,93,1.0,0.0,7,1.0,1.0,-0.15965626397422678
U8809@DOM1,93,1.0,0.0,7,1.0,1.0,-0.15965626397422678
U8841@DOM1,93,1.0,0.0,7,1.0,1.0,-0.15965626397422678
C3256$@DOM1,173,1.0,0.0,6,1.0,1.0,-0.1597399974423218
C7869$@DOM1,173,1.0,0.0,6,1.0,1.0,-0.1597399974423218
C4200$@DOM1,172,1.0,0.0,6,1.0,1.0,-0.1597399974423218
C5244$@DOM1,172,1.0,0.0,6,1.0,1.0,-0.1597399974423218
C5255$@DOM1,172,1.0,0.0,6,1.0,1.0,-0.1597399974423218
C10279$@DOM1,172,1.0,0.0,6,1.0,1.0,-0.1597399974423218
C3627$@DOM1,173,1.0,0.0,6,1.0,1.0,-0.1597399974423218
C4466$@DOM1,172,1.0,0.0,6,1.0,1.0,-0.1597399974423218
C15211$@DOM1,172,1.0,0.0,6,1.0,1.0,-0.1597399974423218
C8702$@DOM1,173,1.0,0.0,6,1.0,1.0,-0.1597399974423218
C8386$@DOM1,173,1.0,0.0,6,1.0,1.0,-0.1597399974423218
C12856$@DOM1,173,1.0,0.0,6,1.0,1.0,-0.1597399974423218
U4168@DOM1,66,1.0,0.0,7,1.0,1.0,-0.15986462290611297
U3910@DOM1,66,1.0,0.0,7,1.0,1.0,-0.15986462290611297
U336@DOM1,66,1.0,0.0,7,1.0,1.0,-0.15986462290611297
U3449@DOM1,67,1.0,0.0,7,1.0,1.0,-0.15986462290611297
U955@DOM1,66,1.0,0.0,7,1.0,1.0,-0.15986462290611297
U783@DOM1,66,1.0,0.0,7,1.0,1.0,-0.15986462290611297
U9602@DOM1,67,1.0,0.0,7,1.0,1.0,-0.15986462290611297
U3668@DOM1,67,1.0,0.0,7,1.0,1.0,-0.15986462290611297
U3824@DOM1,67,1.0,0.0,7,1.0,1.0,-0.15986462290611297
U6659@DOM1,66,1.0,0.0,7,1.0,1.0,-0.15986462290611297
U4893@DOM1,67,1.0,0.0,7,1.0,1.0,-0.15986462290611297
U6686@DOM1,67,1.0,0.0,7,1.0,1.0,-0.15986462290611297
U8082@DOM1,67,1.0,0.0,7,1.0,1.0,-0.15986462290611297
U8032@DOM1,66,1.0,0.0,7,1.0,1.0,-0.15986462290611297
U3120@DOM1,67,1.0,0.0,7,1.0,1.0,-0.15986462290611297
U2936@DOM1,67,1.0,0.0,7,1.0,1.0,-0.15986462290611297
U2937@DOM1,67,1.0,0.0,7,1.0,1.0,-0.15986462290611297
U4581@DOM1,66,1.0,0.0,7,1.0,1.0,-0.15986462290611297
U3469@DOM1,66,1.0,0.0,7,1.0,1.0,-0.15986462290611297
U5797@DOM1,66,1.0,0.0,7,1.0,1.0,-0.15986462290611297
U8753@DOM1,66,1.0,0.0,7,1.0,1.0,-0.15986462290611297
U2543@DOM1,67,1.0,0.0,7,1.0,1.0,-0.15986462290611297
U2588@DOM1,67,1.0,0.0,7,1.0,1.0,-0.15986462290611297
U8811@DOM1,67,1.0,0.0,7,1.0,1.0,-0.15986462290611297
U2700@DOM1,66,1.0,0.0,7,1.0,1.0,-0.15986462290611297
U231@DOM1,66,1.0,0.0,7,1.0,1.0,-0.15986462290611297
U2352@DOM1,67,1.0,0.0,7,1.0,1.0,-0.15986462290611297
U8957@DOM1,66,1.0,0.0,7,1.0,1.0,-0.15986462290611297
U246@DOM1,66,1.0,0.0,7,1.0,1.0,-0.15986462290611297
U2531@DOM1,67,1.0,0.0,7,1.0,1.0,-0.15986462290611297
U2116@DOM1,67,1.0,0.0,7,1.0,1.0,-0.15986462290611297
U9112@DOM1,66,1.0,0.0,7,1.0,1.0,-0.15986462290611297
U9106@DOM1,67,1.0,0.0,7,1.0,1.0,-0.15986462290611297
U9205@DOM1,67,1.0,0.0,7,1.0,1.0,-0.15986462290611297
U9171@DOM1,66,1.0,0.0,7,1.0,1.0,-0.15986462290611297
U2080@DOM1,66,1.0,0.0,7,1.0,1.0,-0.15986462290611297
U6373@DOM1,66,1.0,0.0,7,1.0,1.0,-0.15986462290611297
U9309@DOM1,67,1.0,0.0,7,1.0,1.0,-0.15986462290611297
U9267@DOM1,66,1.0,0.0,7,1.0,1.0,-0.15986462290611297
U1813@DOM1,67,1.0,0.0,7,1.0,1.0,-0.15986462290611297
U7198@DOM1,67,1.0,0.0,7,1.0,1.0,-0.15986462290611297
U1937@DOM1,68,1.0,0.0,7,1.0,1.0,-0.15989042355340632
U9246@DOM1,68,1.0,0.0,7,1.0,1.0,-0.15989042355340632
U3914@DOM1,68,1.0,0.0,7,1.0,1.0,-0.15989042355340632
U6984@DOM1,68,1.0,0.0,7,1.0,1.0,-0.15989042355340632
U4603@DOM1,68,1.0,0.0,7,1.0,1.0,-0.15989042355340632
U7654@DOM1,68,1.0,0.0,7,1.0,1.0,-0.15989042355340632
U5424@DOM1,68,1.0,0.0,7,1.0,1.0,-0.15989042355340632
U9597@DOM1,68,1.0,0.0,7,1.0,1.0,-0.15989042355340632
U9437@DOM1,68,1.0,0.0,7,1.0,1.0,-0.15989042355340632
U8415@DOM1,68,1.0,0.0,7,1.0,1.0,-0.15989042355340632
U2221@DOM1,68,1.0,0.0,7,1.0,1.0,-0.15989042355340632
U2114@DOM1,68,1.0,0.0,7,1.0,1.0,-0.15989042355340632
U8638@DOM1,68,1.0,0.0,7,1.0,1.0,-0.15989042355340632
U3064@DOM1,68,1.0,0.0,7,1.0,1.0,-0.15989042355340632
U3013@DOM1,68,1.0,0.0,7,1.0,1.0,-0.15989042355340632
U5474@DOM1,68,1.0,0.0,7,1.0,1.0,-0.15989042355340632
U5546@DOM1,68,1.0,0.0,7,1.0,1.0,-0.15989042355340632
U278@DOM1,68,1.0,0.0,7,1.0,1.0,-0.15989042355340632
U6508@DOM1,68,1.0,0.0,7,1.0,1.0,-0.15989042355340632
U8829@DOM1,68,1.0,0.0,7,1.0,1.0,-0.15989042355340632
U3673@DOM1,62,1.0,0.0,6,1.0,1.0,-0.15990438296869736
U6815@DOM1,62,1.0,0.0,6,1.0,1.0,-0.15990438296869736
U5284@DOM1,62,1.0,0.0,6,1.0,1.0,-0.15990438296869736
U2991@DOM1,62,1.0,0.0,6,1.0,1.0,-0.15990438296869736
U4431@DOM1,62,1.0,0.0,6,1.0,1.0,-0.15990438296869736
U7701@DOM1,62,1.0,0.0,6,1.0,1.0,-0.15990438296869736
U2054@DOM1,62,1.0,0.0,6,1.0,1.0,-0.15990438296869736
U4142@DOM1,62,1.0,0.0,6,1.0,1.0,-0.15990438296869736
U8115@DOM1,62,1.0,0.0,6,1.0,1.0,-0.15990438296869736
U9422@DOM1,62,1.0,0.0,6,1.0,1.0,-0.15990438296869736
U2908@DOM1,62,1.0,0.0,6,1.0,1.0,-0.15990438296869736
U578@DOM1,62,1.0,0.0,6,1.0,1.0,-0.15990438296869736
U911@DOM1,62,1.0,0.0,6,1.0,1.0,-0.15990438296869736
U2241@DOM1,62,1.0,0.0,6,1.0,1.0,-0.15990438296869736
U2659@DOM1,62,1.0,0.0,6,1.0,1.0,-0.15990438296869736
U2775@DOM1,62,1.0,0.0,6,1.0,1.0,-0.15990438296869736
U8757@DOM1,91,1.0,0.0,7,1.0,1.0,-0.15991434548043876
U2688@DOM1,91,1.0,0.0,7,1.0,1.0,-0.15991434548043876
U6616@DOM1,91,1.0,0.0,7,1.0,1.0,-0.15991434548043876
U8404@DOM1,91,1.0,0.0,7,1.0,1.0,-0.15991434548043876
U9412@DOM1,91,1.0,0.0,7,1.0,1.0,-0.15991434548043876
U9916@DOM1,91,1.0,0.0,7,1.0,1.0,-0.15991434548043876
U8105@DOM1,91,1.0,0.0,7,1.0,1.0,-0.15991434548043876
U5222@DOM1,91,1.0,0.0,7,1.0,1.0,-0.15991434548043876
U3614@DOM1,91,1.0,0.0,7,1.0,1.0,-0.15991434548043876
U5279@DOM1,91,1.0,0.0,7,1.0,1.0,-0.15991434548043876
U6000@DOM1,91,1.0,0.0,7,1.0,1.0,-0.15991434548043876
U1122@DOM1,91,1.0,0.0,7,1.0,1.0,-0.15991434548043876
U7054@DOM1,91,1.0,0.0,7,1.0,1.0,-0.15991434548043876
U6069@DOM1,91,1.0,0.0,7,1.0,1.0,-0.15991434548043876
U5618@DOM1,63,1.0,0.0,6,1.0,1.0,-0.16003557247701838
U9334@DOM1,63,1.0,0.0,6,1.0,1.0,-0.16003557247701838
U7598@DOM1,63,1.0,0.0,6,1.0,1.0,-0.16003557247701838
U9231@DOM1,63,1.0,0.0,6,1.0,1.0,-0.16003557247701838
C5744$@DOM1,63,1.0,0.0,6,1.0,1.0,-0.16003557247701838
U4480@DOM1,63,1.0,0.0,6,1.0,1.0,-0.16003557247701838
U4160@DOM1,63,1.0,0.0,6,1.0,1.0,-0.16003557247701838
U5391@DOM1,63,1.0,0.0,6,1.0,1.0,-0.16003557247701838
U9039@DOM1,63,1.0,0.0,6,1.0,1.0,-0.16003557247701838
U580@DOM1,63,1.0,0.0,6,1.0,1.0,-0.16003557247701838
U2339@DOM1,63,1.0,0.0,6,1.0,1.0,-0.16003557247701838
U232@DOM1,63,1.0,0.0,6,1.0,1.0,-0.16003557247701838
U5258@DOM1,63,1.0,0.0,6,1.0,1.0,-0.16003557247701838
U6763@DOM1,63,1.0,0.0,6,1.0,1.0,-0.16003557247701838
U2762@DOM1,63,1.0,0.0,6,1.0,1.0,-0.16003557247701838
U5944@DOM1,84,1.0,0.0,7,1.0,1.0,-0.1600558238581431
U4342@DOM1,84,1.0,0.0,7,1.0,1.0,-0.1600558238581431
U5915@DOM1,84,1.0,0.0,7,1.0,1.0,-0.1600558238581431
U9329@DOM1,84,1.0,0.0,7,1.0,1.0,-0.1600558238581431
U3237@DOM1,84,1.0,0.0,7,1.0,1.0,-0.1600558238581431
U1010@DOM1,84,1.0,0.0,7,1.0,1.0,-0.1600558238581431
U874@DOM1,84,1.0,0.0,7,1.0,1.0,-0.1600558238581431
U5122@DOM1,84,1.0,0.0,7,1.0,1.0,-0.1600558238581431
U8862@DOM1,84,1.0,0.0,7,1.0,1.0,-0.1600558238581431
U2618@DOM1,84,1.0,0.0,7,1.0,1.0,-0.1600558238581431
C3791$@DOM1,84,1.0,0.0,7,1.0,1.0,-0.1600558238581431
U1923@DOM1,84,1.0,0.0,7,1.0,1.0,-0.1600558238581431
U6365@DOM1,84,1.0,0.0,7,1.0,1.0,-0.1600558238581431
U7529@DOM1,84,1.0,0.0,7,1.0,1.0,-0.1600558238581431
U7620@DOM1,84,1.0,0.0,7,1.0,1.0,-0.1600558238581431
U1044@DOM1,84,1.0,0.0,7,1.0,1.0,-0.1600558238581431
U1040@DOM1,84,1.0,0.0,7,1.0,1.0,-0.1600558238581431
U2014@DOM1,84,1.0,0.0,7,1.0,1.0,-0.1600558238581431
U7947@DOM1,84,1.0,0.0,7,1.0,1.0,-0.1600558238581431
C2964$@DOM1,169,1.0,0.0,7,1.0,1.0,-0.1600699935907423
C13097$@DOM1,169,1.0,0.0,7,1.0,1.0,-0.1600699935907423
C16156$@DOM1,169,1.0,0.0,7,1.0,1.0,-0.1600699935907423
C1449$@DOM1,169,1.0,0.0,7,1.0,1.0,-0.1600699935907423
C1174$@DOM1,169,1.0,0.0,7,1.0,1.0,-0.1600699935907423
C1728$@DOM1,169,1.0,0.0,7,1.0,1.0,-0.1600699935907423
C2668$@DOM1,169,1.0,0.0,7,1.0,1.0,-0.1600699935907423
C1920$@DOM1,169,1.0,0.0,7,1.0,1.0,-0.1600699935907423
U5635@DOM1,90,1.0,0.0,7,1.0,1.0,-0.16010939519386558
U3991@DOM1,90,1.0,0.0,7,1.0,1.0,-0.16010939519386558
U4501@DOM1,90,1.0,0.0,7,1.0,1.0,-0.16010939519386558
U4341@DOM1,90,1.0,0.0,7,1.0,1.0,-0.16010939519386558
C3001$@DOM1,90,1.0,0.0,7,1.0,1.0,-0.16010939519386558
U9662@DOM1,90,1.0,0.0,7,1.0,1.0,-0.16010939519386558
U8882@DOM1,90,1.0,0.0,7,1.0,1.0,-0.16010939519386558
U2886@DOM1,90,1.0,0.0,7,1.0,1.0,-0.16010939519386558
C20476$@DOM1,90,1.0,0.0,7,1.0,1.0,-0.16010939519386558
U7418@DOM1,90,1.0,0.0,7,1.0,1.0,-0.16010939519386558
U7709@DOM1,90,1.0,0.0,7,1.0,1.0,-0.16010939519386558
C21614$@DOM1,90,1.0,0.0,7,1.0,1.0,-0.16010939519386558
U753@DOM1,90,1.0,0.0,7,1.0,1.0,-0.16010939519386558
U749@DOM1,69,1.0,0.0,7,1.0,1.0,-0.16012735012461693
U9968@DOM1,69,1.0,0.0,7,1.0,1.0,-0.16012735012461693
U4387@DOM1,69,1.0,0.0,7,1.0,1.0,-0.16012735012461693
U7885@DOM1,69,1.0,0.0,7,1.0,1.0,-0.16012735012461693
U3515@DOM1,69,1.0,0.0,7,1.0,1.0,-0.16012735012461693
U9523@DOM1,69,1.0,0.0,7,1.0,1.0,-0.16012735012461693
U7854@DOM1,69,1.0,0.0,7,1.0,1.0,-0.16012735012461693
U366@DOM1,69,1.0,0.0,7,1.0,1.0,-0.16012735012461693
U7610@DOM1,69,1.0,0.0,7,1.0,1.0,-0.16012735012461693
U3950@DOM1,69,1.0,0.0,7,1.0,1.0,-0.16012735012461693
U3849@DOM1,69,1.0,0.0,7,1.0,1.0,-0.16012735012461693
U6314@DOM1,69,1.0,0.0,7,1.0,1.0,-0.16012735012461693
U5148@DOM1,69,1.0,0.0,7,1.0,1.0,-0.16012735012461693
U2188@DOM1,69,1.0,0.0,7,1.0,1.0,-0.16012735012461693
U8271@DOM1,69,1.0,0.0,7,1.0,1.0,-0.16012735012461693
U8970@DOM1,69,1.0,0.0,7,1.0,1.0,-0.16012735012461693
U8818@DOM1,69,1.0,0.0,7,1.0,1.0,-0.16012735012461693
U8917@DOM1,69,1.0,0.0,7,1.0,1.0,-0.16012735012461693
U554@DOM1,69,1.0,0.0,7,1.0,1.0,-0.16012735012461693
U1282@DOM1,89,1.0,0.0,7,1.0,1.0,-0.16013146051923033
U6278@DOM1,89,1.0,0.0,7,1.0,1.0,-0.16013146051923033
U153@DOM1,89,1.0,0.0,7,1.0,1.0,-0.16013146051923033
U4399@DOM1,89,1.0,0.0,7,1.0,1.0,-0.16013146051923033
U5375@DOM1,89,1.0,0.0,7,1.0,1.0,-0.16013146051923033
U4330@DOM1,89,1.0,0.0,7,1.0,1.0,-0.16013146051923033
U2302@DOM1,89,1.0,0.0,7,1.0,1.0,-0.16013146051923033
U3062@DOM1,89,1.0,0.0,7,1.0,1.0,-0.16013146051923033
U654@DOM1,89,1.0,0.0,7,1.0,1.0,-0.16013146051923033
U2656@DOM1,89,1.0,0.0,7,1.0,1.0,-0.16013146051923033
C1722$@DOM1,89,1.0,0.0,7,1.0,1.0,-0.16013146051923033
U8604@DOM1,89,1.0,0.0,7,1.0,1.0,-0.16013146051923033
C5942$@DOM1,89,1.0,0.0,7,1.0,1.0,-0.16013146051923033
U1992@DOM1,89,1.0,0.0,7,1.0,1.0,-0.16013146051923033
C16928$@DOM1,89,1.0,0.0,7,1.0,1.0,-0.16013146051923033
U4888@DOM1,89,1.0,0.0,7,1.0,1.0,-0.16013146051923033
U1941@DOM1,92,1.0,0.0,7,1.0,1.0,-0.16015682693298522
U5015@DOM1,92,1.0,0.0,7,1.0,1.0,-0.16015682693298522
U3997@DOM1,92,1.0,0.0,7,1.0,1.0,-0.16015682693298522
U6072@DOM1,92,1.0,0.0,7,1.0,1.0,-0.16015682693298522
U3500@DOM1,92,1.0,0.0,7,1.0,1.0,-0.16015682693298522
U3520@DOM1,92,1.0,0.0,7,1.0,1.0,-0.16015682693298522
U8565@DOM1,92,1.0,0.0,7,1.0,1.0,-0.16015682693298522
U4756@DOM1,92,1.0,0.0,7,1.0,1.0,-0.16015682693298522
U2172@DOM1,92,1.0,0.0,7,1.0,1.0,-0.16015682693298522
U4846@DOM1,92,1.0,0.0,7,1.0,1.0,-0.16015682693298522
U5371@DOM1,92,1.0,0.0,7,1.0,1.0,-0.16015682693298522
U8930@DOM1,92,1.0,0.0,7,1.0,1.0,-0.16015682693298522
U4648@DOM1,92,1.0,0.0,7,1.0,1.0,-0.16015682693298522
C10743$@DOM1,166,1.0,0.0,7,1.0,1.0,-0.16017672169352404
C16926$@DOM1,166,1.0,0.0,7,1.0,1.0,-0.16017672169352404
C1416$@DOM1,166,1.0,0.0,7,1.0,1.0,-0.16017672169352404
C16502$@DOM1,166,1.0,0.0,7,1.0,1.0,-0.16017672169352404
C3814$@DOM1,166,1.0,0.0,7,1.0,1.0,-0.16017672169352404
C20520$@DOM1,166,1.0,0.0,7,1.0,1.0,-0.16017672169352404
C12598$@DOM1,166,1.0,0.0,7,1.0,1.0,-0.16017672169352404
C11408$@DOM1,166,1.0,0.0,7,1.0,1.0,-0.16017672169352404
U1916@DOM1,83,1.0,0.0,7,1.0,1.0,-0.16018881250934525
U4533@DOM1,83,1.0,0.0,7,1.0,1.0,-0.16018881250934525
U374@DOM1,83,1.0,0.0,7,1.0,1.0,-0.16018881250934525
U531@DOM1,83,1.0,0.0,7,1.0,1.0,-0.16018881250934525
U5021@DOM1,83,1.0,0.0,7,1.0,1.0,-0.16018881250934525
U2867@DOM1,83,1.0,0.0,7,1.0,1.0,-0.16018881250934525
U8090@DOM1,83,1.0,0.0,7,1.0,1.0,-0.16018881250934525
U2830@DOM1,83,1.0,0.0,7,1.0,1.0,-0.16018881250934525
U5620@DOM1,83,1.0,0.0,7,1.0,1.0,-0.16018881250934525
U4079@DOM1,83,1.0,0.0,7,1.0,1.0,-0.16018881250934525
U2445@DOM1,83,1.0,0.0,7,1.0,1.0,-0.16018881250934525
U4174@DOM1,83,1.0,0.0,7,1.0,1.0,-0.16018881250934525
U5986@DOM1,83,1.0,0.0,7,1.0,1.0,-0.16018881250934525
U1263@DOM1,83,1.0,0.0,7,1.0,1.0,-0.16018881250934525
U2567@DOM1,83,1.0,0.0,7,1.0,1.0,-0.16018881250934525
U455@DOM1,85,1.0,0.0,7,1.0,1.0,-0.16021811124730417
U4019@DOM1,85,1.0,0.0,7,1.0,1.0,-0.16021811124730417
U7181@DOM1,85,1.0,0.0,7,1.0,1.0,-0.16021811124730417
U7172@DOM1,85,1.0,0.0,7,1.0,1.0,-0.16021811124730417
U9282@DOM1,85,1.0,0.0,7,1.0,1.0,-0.16021811124730417
U341@DOM1,85,1.0,0.0,7,1.0,1.0,-0.16021811124730417
U55@DOM1,85,1.0,0.0,7,1.0,1.0,-0.16021811124730417
U4114@DOM1,85,1.0,0.0,7,1.0,1.0,-0.16021811124730417
U3466@DOM1,85,1.0,0.0,7,1.0,1.0,-0.16021811124730417
U4615@DOM1,85,1.0,0.0,7,1.0,1.0,-0.16021811124730417
U3175@DOM1,85,1.0,0.0,7,1.0,1.0,-0.16021811124730417
U241@DOM1,85,1.0,0.0,7,1.0,1.0,-0.16021811124730417
U3116@DOM1,95,1.0,0.0,7,1.0,1.0,-0.16023033953448318
U4332@DOM1,95,1.0,0.0,7,1.0,1.0,-0.16023033953448318
U8689@DOM1,95,1.0,0.0,7,1.0,1.0,-0.16023033953448318
U4606@DOM1,95,1.0,0.0,7,1.0,1.0,-0.16023033953448318
U3512@DOM1,95,1.0,0.0,7,1.0,1.0,-0.16023033953448318
U775@DOM1,95,1.0,0.0,7,1.0,1.0,-0.16023033953448318
U628@DOM1,95,1.0,0.0,7,1.0,1.0,-0.16023033953448318
U1971@DOM1,95,1.0,0.0,7,1.0,1.0,-0.16023033953448318
U509@DOM1,95,1.0,0.0,7,1.0,1.0,-0.16023033953448318
U5074@DOM1,95,1.0,0.0,7,1.0,1.0,-0.16023033953448318
U4002@DOM1,95,1.0,0.0,7,1.0,1.0,-0.16023033953448318
U420@DOM1,95,1.0,0.0,7,1.0,1.0,-0.16023033953448318
C21587$@DOM1,95,1.0,0.0,7,1.0,1.0,-0.16023033953448318
U2966@DOM1,95,1.0,0.0,7,1.0,1.0,-0.16023033953448318
U312@DOM1,95,1.0,0.0,7,1.0,1.0,-0.16023033953448318
U9551@DOM1,95,1.0,0.0,7,1.0,1.0,-0.16023033953448318
C13014$@DOM1,95,1.0,0.0,7,1.0,1.0,-0.16023033953448318
U1314@DOM1,95,1.0,0.0,7,1.0,1.0,-0.16023033953448318
U7007@DOM1,95,1.0,0.0,7,1.0,1.0,-0.16023033953448318
U8072@DOM1,89,1.0,0.0,6,1.0,1.0,-0.16023936081673168
U7026@DOM1,89,1.0,0.0,6,1.0,1.0,-0.16023936081673168
C4278$@DOM1,89,1.0,0.0,6,1.0,1.0,-0.16023936081673168
U4542@DOM1,89,1.0,0.0,6,1.0,1.0,-0.16023936081673168
U8583@DOM1,89,1.0,0.0,6,1.0,1.0,-0.16023936081673168
U4310@DOM1,89,1.0,0.0,6,1.0,1.0,-0.16023936081673168
U5935@DOM1,89,1.0,0.0,6,1.0,1.0,-0.16023936081673168
U1074@DOM1,89,1.0,0.0,6,1.0,1.0,-0.16023936081673168
U4787@DOM1,89,1.0,0.0,6,1.0,1.0,-0.16023936081673168
U617@DOM1,89,1.0,0.0,6,1.0,1.0,-0.16023936081673168
U1275@DOM1,65,1.0,0.0,6,1.0,1.0,-0.16029480536401808
U3954@DOM1,64,1.0,0.0,6,1.0,1.0,-0.16029480536401808
U5463@DOM1,64,1.0,0.0,6,1.0,1.0,-0.16029480536401808
U6140@DOM1,64,1.0,0.0,6,1.0,1.0,-0.16029480536401808
U3855@DOM1,64,1.0,0.0,6,1.0,1.0,-0.16029480536401808
U4125@DOM1,65,1.0,0.0,6,1.0,1.0,-0.16029480536401808
U1098@DOM1,64,1.0,0.0,6,1.0,1.0,-0.16029480536401808
U1241@DOM1,64,1.0,0.0,6,1.0,1.0,-0.16029480536401808
U398@DOM1,64,1.0,0.0,6,1.0,1.0,-0.16029480536401808
U9930@DOM1,65,1.0,0.0,6,1.0,1.0,-0.16029480536401808
U6287@DOM1,64,1.0,0.0,6,1.0,1.0,-0.16029480536401808
U9728@DOM1,64,1.0,0.0,6,1.0,1.0,-0.16029480536401808
U7133@DOM1,65,1.0,0.0,6,1.0,1.0,-0.16029480536401808
U8980@DOM1,64,1.0,0.0,6,1.0,1.0,-0.16029480536401808
U530@DOM1,65,1.0,0.0,6,1.0,1.0,-0.16029480536401808
U444@DOM1,64,1.0,0.0,6,1.0,1.0,-0.16029480536401808
U7491@DOM1,64,1.0,0.0,6,1.0,1.0,-0.16029480536401808
U3827@DOM1,64,1.0,0.0,6,1.0,1.0,-0.16029480536401808
U5967@DOM1,64,1.0,0.0,6,1.0,1.0,-0.16029480536401808
U5889@DOM1,64,1.0,0.0,6,1.0,1.0,-0.16029480536401808
U2547@DOM1,64,1.0,0.0,6,1.0,1.0,-0.16029480536401808
U2581@DOM1,65,1.0,0.0,6,1.0,1.0,-0.16029480536401808
U1915@DOM1,64,1.0,0.0,6,1.0,1.0,-0.16029480536401808
U7659@DOM1,65,1.0,0.0,6,1.0,1.0,-0.16029480536401808
U754@DOM1,64,1.0,0.0,6,1.0,1.0,-0.16029480536401808
U5046@DOM1,64,1.0,0.0,6,1.0,1.0,-0.16029480536401808
U3682@DOM1,65,1.0,0.0,6,1.0,1.0,-0.16029480536401808
U7631@DOM1,65,1.0,0.0,6,1.0,1.0,-0.16029480536401808
U3620@DOM1,64,1.0,0.0,6,1.0,1.0,-0.16029480536401808
U7843@DOM1,64,1.0,0.0,6,1.0,1.0,-0.16029480536401808
U3346@DOM1,64,1.0,0.0,6,1.0,1.0,-0.16029480536401808
U2048@DOM1,65,1.0,0.0,6,1.0,1.0,-0.16029480536401808
U5540@DOM1,64,1.0,0.0,6,1.0,1.0,-0.16029480536401808
U1081@DOM1,65,1.0,0.0,6,1.0,1.0,-0.16029480536401808
U7274@DOM1,65,1.0,0.0,6,1.0,1.0,-0.16029480536401808
U2959@DOM1,65,1.0,0.0,6,1.0,1.0,-0.16029480536401808
U5137@DOM1,65,1.0,0.0,6,1.0,1.0,-0.16029480536401808
U522@DOM1,65,1.0,0.0,6,1.0,1.0,-0.16029480536401808
U9449@DOM1,65,1.0,0.0,6,1.0,1.0,-0.16029480536401808
U2938@DOM1,65,1.0,0.0,6,1.0,1.0,-0.16029480536401808
U3177@DOM1,64,1.0,0.0,6,1.0,1.0,-0.16029480536401808
U865@DOM1,65,1.0,0.0,6,1.0,1.0,-0.16029480536401808
U1453@DOM1,64,1.0,0.0,6,1.0,1.0,-0.16029480536401808
U3112@DOM1,93,1.0,0.0,6,1.0,1.0,-0.1603077698751431
U7194@DOM1,93,1.0,0.0,6,1.0,1.0,-0.1603077698751431
U9567@DOM1,93,1.0,0.0,6,1.0,1.0,-0.1603077698751431
U969@DOM1,70,1.0,0.0,7,1.0,1.0,-0.1603167931968355
U9987@DOM1,70,1.0,0.0,7,1.0,1.0,-0.1603167931968355
U2638@DOM1,70,1.0,0.0,7,1.0,1.0,-0.1603167931968355
U4631@DOM1,70,1.0,0.0,7,1.0,1.0,-0.1603167931968355
U8937@DOM1,70,1.0,0.0,7,1.0,1.0,-0.1603167931968355
U3815@DOM1,70,1.0,0.0,7,1.0,1.0,-0.1603167931968355
U373@DOM1,70,1.0,0.0,7,1.0,1.0,-0.1603167931968355
U6084@DOM1,70,1.0,0.0,7,1.0,1.0,-0.1603167931968355
U4659@DOM1,70,1.0,0.0,7,1.0,1.0,-0.1603167931968355
U6181@DOM1,70,1.0,0.0,7,1.0,1.0,-0.1603167931968355
U9002@DOM1,70,1.0,0.0,7,1.0,1.0,-0.1603167931968355
C4275$@DOM1,70,1.0,0.0,7,1.0,1.0,-0.1603167931968355
U2742@DOM1,70,1.0,0.0,7,1.0,1.0,-0.1603167931968355
U2178@DOM1,70,1.0,0.0,7,1.0,1.0,-0.1603167931968355
C4708$@DOM1,70,1.0,0.0,7,1.0,1.0,-0.1603167931968355
U973@DOM1,70,1.0,0.0,7,1.0,1.0,-0.1603167931968355
C2144$@DOM1,168,1.0,0.0,7,1.0,1.0,-0.16033332365595204
C1377$@DOM1,168,1.0,0.0,7,1.0,1.0,-0.16033332365595204
C4660$@DOM1,168,1.0,0.0,7,1.0,1.0,-0.16033332365595204
C13542$@DOM1,168,1.0,0.0,7,1.0,1.0,-0.16033332365595204
C3910$@DOM1,168,1.0,0.0,7,1.0,1.0,-0.16033332365595204
C246$@DOM1,167,1.0,0.0,7,1.0,1.0,-0.16033332365595204
C2508$@DOM1,167,1.0,0.0,7,1.0,1.0,-0.16033332365595204
C9120$@DOM1,167,1.0,0.0,7,1.0,1.0,-0.16033332365595204
C687$@DOM1,168,1.0,0.0,7,1.0,1.0,-0.16033332365595204
C6$@DOM1,168,1.0,0.0,7,1.0,1.0,-0.16033332365595204
C5515$@DOM1,167,1.0,0.0,7,1.0,1.0,-0.16033332365595204
C6883$@DOM1,167,1.0,0.0,7,1.0,1.0,-0.16033332365595204
C4557$@DOM1,167,1.0,0.0,7,1.0,1.0,-0.16033332365595204
C3488$@DOM1,171,1.0,0.0,6,1.0,1.0,-0.16033386981710063
U351@DOM1,171,1.0,0.0,6,1.0,1.0,-0.16033386981710063
C1203$@DOM1,171,1.0,0.0,6,1.0,1.0,-0.16033386981710063
C12737$@DOM1,171,1.0,0.0,6,1.0,1.0,-0.16033386981710063
U2078@DOM1,86,1.0,0.0,7,1.0,1.0,-0.160338194900009
U6083@DOM1,86,1.0,0.0,7,1.0,1.0,-0.160338194900009
U7755@DOM1,86,1.0,0.0,7,1.0,1.0,-0.160338194900009
U5181@DOM1,86,1.0,0.0,7,1.0,1.0,-0.160338194900009
U6915@DOM1,86,1.0,0.0,7,1.0,1.0,-0.160338194900009
C5000$@DOM1,86,1.0,0.0,7,1.0,1.0,-0.160338194900009
U8996@DOM1,86,1.0,0.0,7,1.0,1.0,-0.160338194900009
U3248@DOM1,86,1.0,0.0,7,1.0,1.0,-0.160338194900009
U7893@DOM1,86,1.0,0.0,7,1.0,1.0,-0.160338194900009
U7178@DOM1,86,1.0,0.0,7,1.0,1.0,-0.160338194900009
U7474@DOM1,86,1.0,0.0,7,1.0,1.0,-0.160338194900009
U3005@DOM1,94,1.0,0.0,7,1.0,1.0,-0.16034943060800716
U2140@DOM1,94,1.0,0.0,7,1.0,1.0,-0.16034943060800716
U1616@DOM1,94,1.0,0.0,7,1.0,1.0,-0.16034943060800716
U260@DOM1,94,1.0,0.0,7,1.0,1.0,-0.16034943060800716
U3437@DOM1,94,1.0,0.0,7,1.0,1.0,-0.16034943060800716
U999@DOM1,94,1.0,0.0,7,1.0,1.0,-0.16034943060800716
U7504@DOM1,94,1.0,0.0,7,1.0,1.0,-0.16034943060800716
C1732$@DOM1,165,1.0,0.0,7,1.0,1.0,-0.16039213883091863
C9195$@DOM1,165,1.0,0.0,7,1.0,1.0,-0.16039213883091863
C566$@DOM1,165,1.0,0.0,7,1.0,1.0,-0.16039213883091863
C7464$@DOM1,165,1.0,0.0,7,1.0,1.0,-0.16039213883091863
C2837$@DOM1,165,1.0,0.0,7,1.0,1.0,-0.16039213883091863
C1648$@DOM1,165,1.0,0.0,7,1.0,1.0,-0.16039213883091863
C9336$@DOM1,165,1.0,0.0,7,1.0,1.0,-0.16039213883091863
U3452@DOM1,84,1.0,0.0,6,1.0,1.0,-0.16040712561954068
U4562@DOM1,84,1.0,0.0,6,1.0,1.0,-0.16040712561954068
C5991$@DOM1,84,1.0,0.0,6,1.0,1.0,-0.16040712561954068
U10046@DOM1,84,1.0,0.0,6,1.0,1.0,-0.16040712561954068
U1682@DOM1,84,1.0,0.0,6,1.0,1.0,-0.16040712561954068
U7730@DOM1,84,1.0,0.0,6,1.0,1.0,-0.16040712561954068
U5628@DOM1,84,1.0,0.0,6,1.0,1.0,-0.16040712561954068
U10082@DOM1,84,1.0,0.0,6,1.0,1.0,-0.16040712561954068
U5597@DOM1,84,1.0,0.0,6,1.0,1.0,-0.16040712561954068
U9494@DOM1,84,1.0,0.0,6,1.0,1.0,-0.16040712561954068
U6334@DOM1,84,1.0,0.0,6,1.0,1.0,-0.16040712561954068
U9159@DOM1,88,1.0,0.0,6,1.0,1.0,-0.1604140477996796
U2655@DOM1,88,1.0,0.0,6,1.0,1.0,-0.1604140477996796
U4536@DOM1,88,1.0,0.0,6,1.0,1.0,-0.1604140477996796
U3523@DOM1,88,1.0,0.0,6,1.0,1.0,-0.1604140477996796
U4521@DOM1,88,1.0,0.0,6,1.0,1.0,-0.1604140477996796
C16277$@DOM1,88,1.0,0.0,6,1.0,1.0,-0.1604140477996796
U4488@DOM1,88,1.0,0.0,6,1.0,1.0,-0.1604140477996796
U577@DOM1,88,1.0,0.0,6,1.0,1.0,-0.1604140477996796
U6361@DOM1,88,1.0,0.0,6,1.0,1.0,-0.1604140477996796
U4434@DOM1,91,1.0,0.0,6,1.0,1.0,-0.16041405442773482
C18302$@DOM1,91,1.0,0.0,6,1.0,1.0,-0.16041405442773482
U1398@DOM1,91,1.0,0.0,6,1.0,1.0,-0.16041405442773482
U50@DOM1,91,1.0,0.0,6,1.0,1.0,-0.16041405442773482
U3630@DOM1,91,1.0,0.0,6,1.0,1.0,-0.16041405442773482
U5049@DOM1,96,1.0,0.0,7,1.0,1.0,-0.16042952543496164
U5173@DOM1,96,1.0,0.0,7,1.0,1.0,-0.16042952543496164
C10085$@DOM1,96,1.0,0.0,7,1.0,1.0,-0.16042952543496164
U474@DOM1,96,1.0,0.0,7,1.0,1.0,-0.16042952543496164
U332@DOM1,96,1.0,0.0,7,1.0,1.0,-0.16042952543496164
C10218$@DOM1,96,1.0,0.0,7,1.0,1.0,-0.16042952543496164
U520@DOM1,95,1.0,0.0,6,1.0,1.0,-0.1604331085984062
U9224@DOM1,87,1.0,0.0,6,1.0,1.0,-0.1604505077449836
C19711$@DOM1,87,1.0,0.0,6,1.0,1.0,-0.1604505077449836
C17113$@DOM1,87,1.0,0.0,6,1.0,1.0,-0.1604505077449836
U5464@DOM1,87,1.0,0.0,6,1.0,1.0,-0.1604505077449836
U6290@DOM1,87,1.0,0.0,6,1.0,1.0,-0.1604505077449836
U9248@DOM1,87,1.0,0.0,6,1.0,1.0,-0.1604505077449836
U6374@DOM1,87,1.0,0.0,7,1.0,1.0,-0.16045308073090975
U411@DOM1,87,1.0,0.0,7,1.0,1.0,-0.16045308073090975
U7864@DOM1,87,1.0,0.0,7,1.0,1.0,-0.16045308073090975
U3234@DOM1,87,1.0,0.0,7,1.0,1.0,-0.16045308073090975
U5848@DOM1,87,1.0,0.0,7,1.0,1.0,-0.16045308073090975
U9094@DOM1,87,1.0,0.0,7,1.0,1.0,-0.16045308073090975
U2642@DOM1,87,1.0,0.0,7,1.0,1.0,-0.16045308073090975
U8751@DOM1,87,1.0,0.0,7,1.0,1.0,-0.16045308073090975
U6457@DOM1,87,1.0,0.0,7,1.0,1.0,-0.16045308073090975
U9381@DOM1,87,1.0,0.0,7,1.0,1.0,-0.16045308073090975
U9421@DOM1,87,1.0,0.0,7,1.0,1.0,-0.16045308073090975
U3429@DOM1,87,1.0,0.0,7,1.0,1.0,-0.16045308073090975
U284@DOM1,87,1.0,0.0,7,1.0,1.0,-0.16045308073090975
U5144@DOM1,87,1.0,0.0,7,1.0,1.0,-0.16045308073090975
U4880@DOM1,87,1.0,0.0,7,1.0,1.0,-0.16045308073090975
U616@DOM1,87,1.0,0.0,7,1.0,1.0,-0.16045308073090975
U3240@DOM1,87,1.0,0.0,7,1.0,1.0,-0.16045308073090975
C11468$@DOM1,87,1.0,0.0,7,1.0,1.0,-0.16045308073090975
U191@DOM1,87,1.0,0.0,7,1.0,1.0,-0.16045308073090975
U2686@DOM1,87,1.0,0.0,7,1.0,1.0,-0.16045308073090975
U2706@DOM1,87,1.0,0.0,7,1.0,1.0,-0.16045308073090975
U271@DOM1,87,1.0,0.0,7,1.0,1.0,-0.16045308073090975
U3473@DOM1,90,1.0,0.0,6,1.0,1.0,-0.1604641316178077
U1391@DOM1,90,1.0,0.0,6,1.0,1.0,-0.1604641316178077
U847@DOM1,90,1.0,0.0,6,1.0,1.0,-0.1604641316178077
C9547$@DOM1,90,1.0,0.0,6,1.0,1.0,-0.1604641316178077
U5596@DOM1,90,1.0,0.0,6,1.0,1.0,-0.1604641316178077
C3307$@DOM1,96,1.0,0.0,6,1.0,1.0,-0.16050245000275137
U548@DOM1,96,1.0,0.0,6,1.0,1.0,-0.16050245000275137
U5130@DOM1,88,1.0,0.0,7,1.0,1.0,-0.16051463526311588
U1211@DOM1,88,1.0,0.0,7,1.0,1.0,-0.16051463526311588
U627@DOM1,88,1.0,0.0,7,1.0,1.0,-0.16051463526311588
U2478@DOM1,88,1.0,0.0,7,1.0,1.0,-0.16051463526311588
U7735@DOM1,88,1.0,0.0,7,1.0,1.0,-0.16051463526311588
U3443@DOM1,88,1.0,0.0,7,1.0,1.0,-0.16051463526311588
C362$@DOM1,88,1.0,0.0,7,1.0,1.0,-0.16051463526311588
U4392@DOM1,88,1.0,0.0,7,1.0,1.0,-0.16051463526311588
U3044@DOM1,88,1.0,0.0,7,1.0,1.0,-0.16051463526311588
U3296@DOM1,88,1.0,0.0,7,1.0,1.0,-0.16051463526311588
U8742@DOM1,88,1.0,0.0,7,1.0,1.0,-0.16051463526311588
U3654@DOM1,83,1.0,0.0,6,1.0,1.0,-0.1605206451392373
U458@DOM1,83,1.0,0.0,6,1.0,1.0,-0.1605206451392373
U1138@DOM1,83,1.0,0.0,6,1.0,1.0,-0.1605206451392373
C3260$@DOM1,83,1.0,0.0,6,1.0,1.0,-0.1605206451392373
C923$@DOM1,83,1.0,0.0,6,1.0,1.0,-0.1605206451392373
U270@DOM1,83,1.0,0.0,6,1.0,1.0,-0.1605206451392373
U1045@DOM1,83,1.0,0.0,6,1.0,1.0,-0.1605206451392373
U8936@DOM1,83,1.0,0.0,6,1.0,1.0,-0.1605206451392373
U8693@DOM1,83,1.0,0.0,6,1.0,1.0,-0.1605206451392373
U7604@DOM1,83,1.0,0.0,6,1.0,1.0,-0.1605206451392373
U685@DOM1,83,1.0,0.0,6,1.0,1.0,-0.1605206451392373
U9333@DOM1,83,1.0,0.0,6,1.0,1.0,-0.1605206451392373
U2193@DOM1,83,1.0,0.0,6,1.0,1.0,-0.1605206451392373
U2874@DOM1,83,1.0,0.0,6,1.0,1.0,-0.1605206451392373
C1341$@DOM1,83,1.0,0.0,6,1.0,1.0,-0.1605206451392373
U2363@DOM1,83,1.0,0.0,6,1.0,1.0,-0.1605206451392373
U4161@DOM1,94,1.0,0.0,6,1.0,1.0,-0.1605380249162755
U1455@DOM1,94,1.0,0.0,6,1.0,1.0,-0.1605380249162755
U866@DOM1,94,1.0,0.0,6,1.0,1.0,-0.1605380249162755
C10766$@DOM1,94,1.0,0.0,6,1.0,1.0,-0.1605380249162755
U9310@DOM1,85,1.0,0.0,6,1.0,1.0,-0.16056924529926692
U4570@DOM1,85,1.0,0.0,6,1.0,1.0,-0.16056924529926692
C14790$@DOM1,85,1.0,0.0,6,1.0,1.0,-0.16056924529926692
U2513@DOM1,85,1.0,0.0,6,1.0,1.0,-0.16056924529926692
U9240@DOM1,85,1.0,0.0,6,1.0,1.0,-0.16056924529926692
U820@DOM1,85,1.0,0.0,6,1.0,1.0,-0.16056924529926692
C10884$@DOM1,92,1.0,0.0,6,1.0,1.0,-0.16057745758598702
U2771@DOM1,92,1.0,0.0,6,1.0,1.0,-0.16057745758598702
U8672@DOM1,92,1.0,0.0,6,1.0,1.0,-0.16057745758598702
C12755$@DOM1,92,1.0,0.0,6,1.0,1.0,-0.16057745758598702
C4798$@DOM1,92,1.0,0.0,6,1.0,1.0,-0.16057745758598702
C2746$@DOM1,164,1.0,0.0,7,1.0,1.0,-0.1605796003054762
C3697$@DOM1,164,1.0,0.0,7,1.0,1.0,-0.1605796003054762
C18359$@DOM1,164,1.0,0.0,7,1.0,1.0,-0.1605796003054762
C15176$@DOM1,164,1.0,0.0,7,1.0,1.0,-0.1605796003054762
U9631@DOM1,98,1.0,0.0,7,1.0,1.0,-0.16059583482043327
C10179$@DOM1,98,1.0,0.0,7,1.0,1.0,-0.16059583482043327
C3517$@DOM1,98,1.0,0.0,7,1.0,1.0,-0.16059583482043327
U4373@DOM1,98,1.0,0.0,7,1.0,1.0,-0.16059583482043327
U5865@DOM1,98,1.0,0.0,7,1.0,1.0,-0.16059583482043327
U6766@DOM1,98,1.0,0.0,7,1.0,1.0,-0.16059583482043327
U2051@DOM1,98,1.0,0.0,7,1.0,1.0,-0.16059583482043327
U8905@DOM1,98,1.0,0.0,7,1.0,1.0,-0.16059583482043327
U6263@DOM1,98,1.0,0.0,7,1.0,1.0,-0.16059583482043327
U9276@DOM1,98,1.0,0.0,7,1.0,1.0,-0.16059583482043327
U7116@DOM1,71,1.0,0.0,7,1.0,1.0,-0.16061035182682287
U9343@DOM1,71,1.0,0.0,7,1.0,1.0,-0.16061035182682287
U6016@DOM1,71,1.0,0.0,7,1.0,1.0,-0.16061035182682287
U6257@DOM1,71,1.0,0.0,7,1.0,1.0,-0.16061035182682287
U4936@DOM1,71,1.0,0.0,7,1.0,1.0,-0.16061035182682287
U2692@DOM1,71,1.0,0.0,7,1.0,1.0,-0.16061035182682287
U2037@DOM1,71,1.0,0.0,7,1.0,1.0,-0.16061035182682287
U2142@DOM1,71,1.0,0.0,7,1.0,1.0,-0.16061035182682287
U3255@DOM1,71,1.0,0.0,7,1.0,1.0,-0.16061035182682287
U7954@DOM1,71,1.0,0.0,7,1.0,1.0,-0.16061035182682287
U8808@DOM1,71,1.0,0.0,7,1.0,1.0,-0.16061035182682287
U2628@DOM1,71,1.0,0.0,7,1.0,1.0,-0.16061035182682287
U7638@DOM1,71,1.0,0.0,7,1.0,1.0,-0.16061035182682287
U799@DOM1,71,1.0,0.0,7,1.0,1.0,-0.16061035182682287
U2935@DOM1,71,1.0,0.0,7,1.0,1.0,-0.16061035182682287
U6199@DOM1,71,1.0,0.0,7,1.0,1.0,-0.16061035182682287
U3341@DOM1,71,1.0,0.0,7,1.0,1.0,-0.16061035182682287
U1072@DOM1,71,1.0,0.0,7,1.0,1.0,-0.16061035182682287
U1530@DOM1,71,1.0,0.0,7,1.0,1.0,-0.16061035182682287
U4863@DOM1,71,1.0,0.0,7,1.0,1.0,-0.16061035182682287
U723@DOM1,74,1.0,0.0,7,1.0,1.0,-0.16064567043339278
U6705@DOM1,74,1.0,0.0,7,1.0,1.0,-0.16064567043339278
U5727@DOM1,74,1.0,0.0,7,1.0,1.0,-0.16064567043339278
U4385@DOM1,74,1.0,0.0,7,1.0,1.0,-0.16064567043339278
U9645@DOM1,74,1.0,0.0,7,1.0,1.0,-0.16064567043339278
U1449@DOM1,74,1.0,0.0,7,1.0,1.0,-0.16064567043339278
U3275@DOM1,74,1.0,0.0,7,1.0,1.0,-0.16064567043339278
U3182@DOM1,74,1.0,0.0,7,1.0,1.0,-0.16064567043339278
U5844@DOM1,74,1.0,0.0,7,1.0,1.0,-0.16064567043339278
U4440@DOM1,74,1.0,0.0,7,1.0,1.0,-0.16064567043339278
U3750@DOM1,74,1.0,0.0,7,1.0,1.0,-0.16064567043339278
U9863@DOM1,74,1.0,0.0,7,1.0,1.0,-0.16064567043339278
U5175@DOM1,74,1.0,0.0,7,1.0,1.0,-0.16064567043339278
U3522@DOM1,74,1.0,0.0,7,1.0,1.0,-0.16064567043339278
U3485@DOM1,74,1.0,0.0,7,1.0,1.0,-0.16064567043339278
U2652@DOM1,74,1.0,0.0,7,1.0,1.0,-0.16064567043339278
U3599@DOM1,74,1.0,0.0,7,1.0,1.0,-0.16064567043339278
U1276@DOM1,74,1.0,0.0,7,1.0,1.0,-0.16064567043339278
U6904@DOM1,74,1.0,0.0,7,1.0,1.0,-0.16064567043339278
C4676$@DOM1,98,1.0,0.0,6,1.0,1.0,-0.16064579792489225
C7373$@DOM1,98,1.0,0.0,6,1.0,1.0,-0.16064579792489225
U1860@DOM1,98,1.0,0.0,6,1.0,1.0,-0.16064579792489225
C7562$@DOM1,98,1.0,0.0,6,1.0,1.0,-0.16064579792489225
C6221$@DOM1,98,1.0,0.0,6,1.0,1.0,-0.16064579792489225
C10067$@DOM1,98,1.0,0.0,6,1.0,1.0,-0.16064579792489225
U6587@DOM1,98,1.0,0.0,6,1.0,1.0,-0.16064579792489225
C446$@DOM1,170,1.0,0.0,6,1.0,1.0,-0.16068869951864567
C1896$@DOM1,170,1.0,0.0,6,1.0,1.0,-0.16068869951864567
C11031$@DOM1,170,1.0,0.0,6,1.0,1.0,-0.16068869951864567
C3227$@DOM1,170,1.0,0.0,6,1.0,1.0,-0.16068869951864567
C3161$@DOM1,170,1.0,0.0,6,1.0,1.0,-0.16068869951864567
U3054@DOM1,86,1.0,0.0,6,1.0,1.0,-0.16068920485630633
U3004@DOM1,86,1.0,0.0,6,1.0,1.0,-0.16068920485630633
U8786@DOM1,86,1.0,0.0,6,1.0,1.0,-0.16068920485630633
U501@DOM1,86,1.0,0.0,6,1.0,1.0,-0.16068920485630633
U8661@DOM1,86,1.0,0.0,6,1.0,1.0,-0.16068920485630633
C4193$@DOM1,163,1.0,0.0,7,1.0,1.0,-0.16070588753349946
C19879$@DOM1,163,1.0,0.0,7,1.0,1.0,-0.16070588753349946
C1823$@DOM1,163,1.0,0.0,7,1.0,1.0,-0.16070588753349946
C11777$@DOM1,163,1.0,0.0,7,1.0,1.0,-0.16070588753349946
C1535$@DOM1,163,1.0,0.0,7,1.0,1.0,-0.16070588753349946
C2027$@DOM1,103,1.0,0.0,6,1.0,1.0,-0.16071198127996933
C8903$@DOM1,103,1.0,0.0,6,1.0,1.0,-0.16071198127996933
C20769$@DOM1,103,1.0,0.0,6,1.0,1.0,-0.16071198127996933
C21063$@DOM1,103,1.0,0.0,6,1.0,1.0,-0.16071198127996933
C3258$@DOM1,103,1.0,0.0,6,1.0,1.0,-0.16071198127996933
C15865$@DOM1,103,1.0,0.0,6,1.0,1.0,-0.16071198127996933
U1416@DOM1,73,1.0,0.0,7,1.0,1.0,-0.16071267958628105
U2570@DOM1,73,1.0,0.0,7,1.0,1.0,-0.16071267958628105
U7273@DOM1,72,1.0,0.0,7,1.0,1.0,-0.16071267958628105
U2993@DOM1,73,1.0,0.0,7,1.0,1.0,-0.16071267958628105
U7759@DOM1,73,1.0,0.0,7,1.0,1.0,-0.16071267958628105
U2047@DOM1,73,1.0,0.0,7,1.0,1.0,-0.16071267958628105
U5278@DOM1,73,1.0,0.0,7,1.0,1.0,-0.16071267958628105
U2402@DOM1,73,1.0,0.0,7,1.0,1.0,-0.16071267958628105
U2860@DOM1,72,1.0,0.0,7,1.0,1.0,-0.16071267958628105
U822@DOM1,73,1.0,0.0,7,1.0,1.0,-0.16071267958628105
U6603@DOM1,72,1.0,0.0,7,1.0,1.0,-0.16071267958628105
U6670@DOM1,73,1.0,0.0,7,1.0,1.0,-0.16071267958628105
U2772@DOM1,72,1.0,0.0,7,1.0,1.0,-0.16071267958628105
U5328@DOM1,72,1.0,0.0,7,1.0,1.0,-0.16071267958628105
U3106@DOM1,72,1.0,0.0,7,1.0,1.0,-0.16071267958628105
U3741@DOM1,73,1.0,0.0,7,1.0,1.0,-0.16071267958628105
U4476@DOM1,73,1.0,0.0,7,1.0,1.0,-0.16071267958628105
U10113@DOM1,72,1.0,0.0,7,1.0,1.0,-0.16071267958628105
U2693@DOM1,73,1.0,0.0,7,1.0,1.0,-0.16071267958628105
U5413@DOM1,72,1.0,0.0,7,1.0,1.0,-0.16071267958628105
U3260@DOM1,73,1.0,0.0,7,1.0,1.0,-0.16071267958628105
U5775@DOM1,72,1.0,0.0,7,1.0,1.0,-0.16071267958628105
U2747@DOM1,73,1.0,0.0,7,1.0,1.0,-0.16071267958628105
U5901@DOM1,73,1.0,0.0,7,1.0,1.0,-0.16071267958628105
U7815@DOM1,73,1.0,0.0,7,1.0,1.0,-0.16071267958628105
U7792@DOM1,73,1.0,0.0,7,1.0,1.0,-0.16071267958628105
U1925@DOM1,72,1.0,0.0,7,1.0,1.0,-0.16071267958628105
U1222@DOM1,72,1.0,0.0,7,1.0,1.0,-0.16071267958628105
U6234@DOM1,72,1.0,0.0,7,1.0,1.0,-0.16071267958628105
U10257@DOM1,72,1.0,0.0,7,1.0,1.0,-0.16071267958628105
U1223@DOM1,73,1.0,0.0,7,1.0,1.0,-0.16071267958628105
U8984@DOM1,72,1.0,0.0,7,1.0,1.0,-0.16071267958628105
U2416@DOM1,72,1.0,0.0,7,1.0,1.0,-0.16071267958628105
U7845@DOM1,73,1.0,0.0,7,1.0,1.0,-0.16071267958628105
U7506@DOM1,72,1.0,0.0,7,1.0,1.0,-0.16071267958628105
U4811@DOM1,72,1.0,0.0,7,1.0,1.0,-0.16071267958628105
U4541@DOM1,73,1.0,0.0,7,1.0,1.0,-0.16071267958628105
U4550@DOM1,72,1.0,0.0,7,1.0,1.0,-0.16071267958628105
U1059@DOM1,72,1.0,0.0,7,1.0,1.0,-0.16071267958628105
U7933@DOM1,73,1.0,0.0,7,1.0,1.0,-0.16071267958628105
U4623@DOM1,73,1.0,0.0,7,1.0,1.0,-0.16071267958628105
U6129@DOM1,72,1.0,0.0,7,1.0,1.0,-0.16071267958628105
U2562@DOM1,72,1.0,0.0,7,1.0,1.0,-0.16071267958628105
U6335@DOM1,72,1.0,0.0,7,1.0,1.0,-0.16071267958628105
U9302@DOM1,72,1.0,0.0,7,1.0,1.0,-0.16071267958628105
U5104@DOM1,101,1.0,0.0,7,1.0,1.0,-0.16071647127665528
C4561$@DOM1,100,1.0,0.0,7,1.0,1.0,-0.16071647127665528
U4508@DOM1,100,1.0,0.0,7,1.0,1.0,-0.16071647127665528
U9861@DOM1,101,1.0,0.0,7,1.0,1.0,-0.16071647127665528
U592@DOM1,100,1.0,0.0,7,1.0,1.0,-0.16071647127665528
U6201@DOM1,100,1.0,0.0,7,1.0,1.0,-0.16071647127665528
C7962$@DOM1,100,1.0,0.0,7,1.0,1.0,-0.16071647127665528
U3148@DOM1,100,1.0,0.0,7,1.0,1.0,-0.16071647127665528
U6828@DOM1,101,1.0,0.0,7,1.0,1.0,-0.16071647127665528
U5481@DOM1,101,1.0,0.0,7,1.0,1.0,-0.16071647127665528
U2564@DOM1,100,1.0,0.0,7,1.0,1.0,-0.16071647127665528
U8896@DOM1,101,1.0,0.0,7,1.0,1.0,-0.16071647127665528
U2357@DOM1,103,1.0,0.0,7,1.0,1.0,-0.16071823417898035
C4460$@DOM1,103,1.0,0.0,7,1.0,1.0,-0.16071823417898035
C12554$@DOM1,103,1.0,0.0,7,1.0,1.0,-0.16071823417898035
C1408$@DOM1,103,1.0,0.0,7,1.0,1.0,-0.16071823417898035
C1962$@DOM1,103,1.0,0.0,7,1.0,1.0,-0.16071823417898035
C3324$@DOM1,103,1.0,0.0,7,1.0,1.0,-0.16071823417898035
U6460@DOM1,103,1.0,0.0,7,1.0,1.0,-0.16071823417898035
U5812@DOM1,103,1.0,0.0,7,1.0,1.0,-0.16071823417898035
U9158@DOM1,99,1.0,0.0,7,1.0,1.0,-0.1607357671077102
U5348@DOM1,99,1.0,0.0,7,1.0,1.0,-0.1607357671077102
U2624@DOM1,99,1.0,0.0,7,1.0,1.0,-0.1607357671077102
C20009$@DOM1,99,1.0,0.0,7,1.0,1.0,-0.1607357671077102
U4321@DOM1,99,1.0,0.0,7,1.0,1.0,-0.1607357671077102
U6709@DOM1,99,1.0,0.0,7,1.0,1.0,-0.1607357671077102
C20958$@DOM1,99,1.0,0.0,7,1.0,1.0,-0.1607357671077102
U226@DOM1,99,1.0,0.0,7,1.0,1.0,-0.1607357671077102
C3319$@DOM1,99,1.0,0.0,7,1.0,1.0,-0.1607357671077102
U2709@DOM1,99,1.0,0.0,7,1.0,1.0,-0.1607357671077102
U324@DOM1,99,1.0,0.0,7,1.0,1.0,-0.1607357671077102
C3765$@DOM1,100,1.0,0.0,6,1.0,1.0,-0.16076641662242863
C16905$@DOM1,100,1.0,0.0,6,1.0,1.0,-0.16076641662242863
C5801$@DOM1,100,1.0,0.0,6,1.0,1.0,-0.16076641662242863
C16177$@DOM1,100,1.0,0.0,6,1.0,1.0,-0.16076641662242863
C13868$@DOM1,99,1.0,0.0,6,1.0,1.0,-0.1607857096129774
C14587$@DOM1,99,1.0,0.0,6,1.0,1.0,-0.1607857096129774
C3159$@DOM1,99,1.0,0.0,6,1.0,1.0,-0.1607857096129774
U4602@DOM1,81,1.0,0.0,7,1.0,1.0,-0.16079410995833354
U5638@DOM1,82,1.0,0.0,7,1.0,1.0,-0.16079410995833354
U853@DOM1,82,1.0,0.0,7,1.0,1.0,-0.16079410995833354
U8598@DOM1,81,1.0,0.0,7,1.0,1.0,-0.16079410995833354
U5858@DOM1,81,1.0,0.0,7,1.0,1.0,-0.16079410995833354
U189@DOM1,81,1.0,0.0,7,1.0,1.0,-0.16079410995833354
U261@DOM1,82,1.0,0.0,7,1.0,1.0,-0.16079410995833354
U4512@DOM1,81,1.0,0.0,7,1.0,1.0,-0.16079410995833354
U552@DOM1,81,1.0,0.0,7,1.0,1.0,-0.16079410995833354
U416@DOM1,81,1.0,0.0,7,1.0,1.0,-0.16079410995833354
U2572@DOM1,81,1.0,0.0,7,1.0,1.0,-0.16079410995833354
U2643@DOM1,82,1.0,0.0,7,1.0,1.0,-0.16079410995833354
U557@DOM1,81,1.0,0.0,7,1.0,1.0,-0.16079410995833354
U1661@DOM1,81,1.0,0.0,7,1.0,1.0,-0.16079410995833354
U7380@DOM1,82,1.0,0.0,7,1.0,1.0,-0.16079410995833354
U585@DOM1,81,1.0,0.0,7,1.0,1.0,-0.16079410995833354
U3633@DOM1,81,1.0,0.0,7,1.0,1.0,-0.16079410995833354
U9391@DOM1,81,1.0,0.0,7,1.0,1.0,-0.16079410995833354
U8966@DOM1,81,1.0,0.0,7,1.0,1.0,-0.16079410995833354
U7756@DOM1,81,1.0,0.0,7,1.0,1.0,-0.16079410995833354
U2176@DOM1,82,1.0,0.0,7,1.0,1.0,-0.16079410995833354
U2087@DOM1,81,1.0,0.0,7,1.0,1.0,-0.16079410995833354
U7571@DOM1,82,1.0,0.0,7,1.0,1.0,-0.16079410995833354
U7480@DOM1,81,1.0,0.0,7,1.0,1.0,-0.16079410995833354
C1141$@DOM1,97,1.0,0.0,6,1.0,1.0,-0.16079818871729112
U3556@DOM1,97,1.0,0.0,6,1.0,1.0,-0.16079818871729112
C3835$@DOM1,97,1.0,0.0,6,1.0,1.0,-0.16079818871729112
C7560$@DOM1,97,1.0,0.0,6,1.0,1.0,-0.16079818871729112
U1294@DOM1,80,1.0,0.0,7,1.0,1.0,-0.16082775583592784
U3472@DOM1,79,1.0,0.0,7,1.0,1.0,-0.16082775583592784
U978@DOM1,80,1.0,0.0,7,1.0,1.0,-0.16082775583592784
U5952@DOM1,79,1.0,0.0,7,1.0,1.0,-0.16082775583592784
U7880@DOM1,79,1.0,0.0,7,1.0,1.0,-0.16082775583592784
U4196@DOM1,79,1.0,0.0,7,1.0,1.0,-0.16082775583592784
U2584@DOM1,80,1.0,0.0,7,1.0,1.0,-0.16082775583592784
U9446@DOM1,80,1.0,0.0,7,1.0,1.0,-0.16082775583592784
U9971@DOM1,79,1.0,0.0,7,1.0,1.0,-0.16082775583592784
U1109@DOM1,79,1.0,0.0,7,1.0,1.0,-0.16082775583592784
U272@DOM1,80,1.0,0.0,7,1.0,1.0,-0.16082775583592784
U612@DOM1,80,1.0,0.0,7,1.0,1.0,-0.16082775583592784
U8878@DOM1,79,1.0,0.0,7,1.0,1.0,-0.16082775583592784
U2852@DOM1,80,1.0,0.0,7,1.0,1.0,-0.16082775583592784
U2862@DOM1,80,1.0,0.0,7,1.0,1.0,-0.16082775583592784
U3140@DOM1,80,1.0,0.0,7,1.0,1.0,-0.16082775583592784
U602@DOM1,80,1.0,0.0,7,1.0,1.0,-0.16082775583592784
U1849@DOM1,80,1.0,0.0,7,1.0,1.0,-0.16082775583592784
U4487@DOM1,79,1.0,0.0,7,1.0,1.0,-0.16082775583592784
U5271@DOM1,80,1.0,0.0,7,1.0,1.0,-0.16082775583592784
U8399@DOM1,80,1.0,0.0,7,1.0,1.0,-0.16082775583592784
U9010@DOM1,79,1.0,0.0,7,1.0,1.0,-0.16082775583592784
U8973@DOM1,79,1.0,0.0,7,1.0,1.0,-0.16082775583592784
U863@DOM1,80,1.0,0.0,7,1.0,1.0,-0.16082775583592784
U4821@DOM1,80,1.0,0.0,7,1.0,1.0,-0.16082775583592784
U7115@DOM1,80,1.0,0.0,7,1.0,1.0,-0.16082775583592784
U5086@DOM1,77,1.0,0.0,7,1.0,1.0,-0.1608591782568825
U9665@DOM1,77,1.0,0.0,7,1.0,1.0,-0.1608591782568825
U1429@DOM1,77,1.0,0.0,7,1.0,1.0,-0.1608591782568825
U9559@DOM1,77,1.0,0.0,7,1.0,1.0,-0.1608591782568825
U6806@DOM1,77,1.0,0.0,7,1.0,1.0,-0.1608591782568825
U2780@DOM1,77,1.0,0.0,7,1.0,1.0,-0.1608591782568825
U2810@DOM1,77,1.0,0.0,7,1.0,1.0,-0.1608591782568825
U891@DOM1,77,1.0,0.0,7,1.0,1.0,-0.1608591782568825
U3805@DOM1,77,1.0,0.0,7,1.0,1.0,-0.1608591782568825
U887@DOM1,77,1.0,0.0,7,1.0,1.0,-0.1608591782568825
U4295@DOM1,77,1.0,0.0,7,1.0,1.0,-0.1608591782568825
U6132@DOM1,77,1.0,0.0,7,1.0,1.0,-0.1608591782568825
U5093@DOM1,77,1.0,0.0,7,1.0,1.0,-0.1608591782568825
U186@DOM1,77,1.0,0.0,7,1.0,1.0,-0.1608591782568825
U2833@DOM1,77,1.0,0.0,7,1.0,1.0,-0.1608591782568825
U9056@DOM1,77,1.0,0.0,7,1.0,1.0,-0.1608591782568825
U3917@DOM1,77,1.0,0.0,7,1.0,1.0,-0.1608591782568825
U3964@DOM1,77,1.0,0.0,7,1.0,1.0,-0.1608591782568825
U3009@DOM1,77,1.0,0.0,7,1.0,1.0,-0.1608591782568825
U2447@DOM1,77,1.0,0.0,7,1.0,1.0,-0.1608591782568825
U5109@DOM1,77,1.0,0.0,7,1.0,1.0,-0.1608591782568825
U3335@DOM1,77,1.0,0.0,7,1.0,1.0,-0.1608591782568825
U3405@DOM1,78,1.0,0.0,7,1.0,1.0,-0.1608693587950164
U9885@DOM1,78,1.0,0.0,7,1.0,1.0,-0.1608693587950164
U2439@DOM1,78,1.0,0.0,7,1.0,1.0,-0.1608693587950164
U9026@DOM1,78,1.0,0.0,7,1.0,1.0,-0.1608693587950164
U4819@DOM1,78,1.0,0.0,7,1.0,1.0,-0.1608693587950164
U4549@DOM1,78,1.0,0.0,7,1.0,1.0,-0.1608693587950164
U797@DOM1,78,1.0,0.0,7,1.0,1.0,-0.1608693587950164
U4717@DOM1,78,1.0,0.0,7,1.0,1.0,-0.1608693587950164
U4100@DOM1,78,1.0,0.0,7,1.0,1.0,-0.1608693587950164
U10174@DOM1,78,1.0,0.0,7,1.0,1.0,-0.1608693587950164
U2553@DOM1,78,1.0,0.0,7,1.0,1.0,-0.1608693587950164
U2689@DOM1,78,1.0,0.0,7,1.0,1.0,-0.1608693587950164
U1749@DOM1,78,1.0,0.0,7,1.0,1.0,-0.1608693587950164
U3539@DOM1,78,1.0,0.0,7,1.0,1.0,-0.1608693587950164
U8326@DOM1,78,1.0,0.0,7,1.0,1.0,-0.1608693587950164
U9063@DOM1,78,1.0,0.0,7,1.0,1.0,-0.1608693587950164
U9532@DOM1,78,1.0,0.0,7,1.0,1.0,-0.1608693587950164
U5017@DOM1,78,1.0,0.0,7,1.0,1.0,-0.1608693587950164
U5512@DOM1,78,1.0,0.0,7,1.0,1.0,-0.1608693587950164
C1759$@DOM1,75,1.0,0.0,7,1.0,1.0,-0.16087323795258301
U2314@DOM1,75,1.0,0.0,7,1.0,1.0,-0.16087323795258301
U8972@DOM1,75,1.0,0.0,7,1.0,1.0,-0.16087323795258301
U3348@DOM1,75,1.0,0.0,7,1.0,1.0,-0.16087323795258301
U7905@DOM1,75,1.0,0.0,7,1.0,1.0,-0.16087323795258301
U5562@DOM1,76,1.0,0.0,7,1.0,1.0,-0.16087323795258301
U5187@DOM1,76,1.0,0.0,7,1.0,1.0,-0.16087323795258301
U1265@DOM1,76,1.0,0.0,7,1.0,1.0,-0.16087323795258301
U3615@DOM1,76,1.0,0.0,7,1.0,1.0,-0.16087323795258301
U1365@DOM1,76,1.0,0.0,7,1.0,1.0,-0.16087323795258301
U1147@DOM1,75,1.0,0.0,7,1.0,1.0,-0.16087323795258301
U4660@DOM1,76,1.0,0.0,7,1.0,1.0,-0.16087323795258301
U1355@DOM1,75,1.0,0.0,7,1.0,1.0,-0.16087323795258301
U4947@DOM1,75,1.0,0.0,7,1.0,1.0,-0.16087323795258301
U10268@DOM1,75,1.0,0.0,7,1.0,1.0,-0.16087323795258301
U7359@DOM1,76,1.0,0.0,7,1.0,1.0,-0.16087323795258301
U5460@DOM1,76,1.0,0.0,7,1.0,1.0,-0.16087323795258301
U6269@DOM1,75,1.0,0.0,7,1.0,1.0,-0.16087323795258301
U7621@DOM1,76,1.0,0.0,7,1.0,1.0,-0.16087323795258301
U10036@DOM1,76,1.0,0.0,7,1.0,1.0,-0.16087323795258301
U9417@DOM1,75,1.0,0.0,7,1.0,1.0,-0.16087323795258301
U5595@DOM1,75,1.0,0.0,7,1.0,1.0,-0.16087323795258301
U1792@DOM1,76,1.0,0.0,7,1.0,1.0,-0.16087323795258301
U9275@DOM1,75,1.0,0.0,7,1.0,1.0,-0.16087323795258301
U165@DOM1,76,1.0,0.0,7,1.0,1.0,-0.16087323795258301
U7515@DOM1,75,1.0,0.0,7,1.0,1.0,-0.16087323795258301
U4041@DOM1,75,1.0,0.0,7,1.0,1.0,-0.16087323795258301
U2958@DOM1,76,1.0,0.0,7,1.0,1.0,-0.16087323795258301
U639@DOM1,76,1.0,0.0,7,1.0,1.0,-0.16087323795258301
U8131@DOM1,76,1.0,0.0,7,1.0,1.0,-0.16087323795258301
U2763@DOM1,75,1.0,0.0,7,1.0,1.0,-0.16087323795258301
U933@DOM1,76,1.0,0.0,7,1.0,1.0,-0.16087323795258301
U4479@DOM1,76,1.0,0.0,7,1.0,1.0,-0.16087323795258301
U1425@DOM1,76,1.0,0.0,7,1.0,1.0,-0.16087323795258301
U1385@DOM1,75,1.0,0.0,7,1.0,1.0,-0.16087323795258301
U7423@DOM1,75,1.0,0.0,7,1.0,1.0,-0.16087323795258301
U8429@DOM1,76,1.0,0.0,7,1.0,1.0,-0.16087323795258301
U8886@DOM1,75,1.0,0.0,7,1.0,1.0,-0.16087323795258301
U3199@DOM1,76,1.0,0.0,7,1.0,1.0,-0.16087323795258301
U3553@DOM1,66,1.0,0.0,6,1.0,1.0,-0.1608733269708354
U1181@DOM1,66,1.0,0.0,6,1.0,1.0,-0.1608733269708354
U8317@DOM1,66,1.0,0.0,6,1.0,1.0,-0.1608733269708354
U1093@DOM1,66,1.0,0.0,6,1.0,1.0,-0.1608733269708354
U152@DOM1,66,1.0,0.0,6,1.0,1.0,-0.1608733269708354
U8782@DOM1,66,1.0,0.0,6,1.0,1.0,-0.1608733269708354
U4897@DOM1,66,1.0,0.0,6,1.0,1.0,-0.1608733269708354
U4022@DOM1,66,1.0,0.0,6,1.0,1.0,-0.1608733269708354
U4764@DOM1,66,1.0,0.0,6,1.0,1.0,-0.1608733269708354
U4437@DOM1,66,1.0,0.0,6,1.0,1.0,-0.1608733269708354
U9379@DOM1,66,1.0,0.0,6,1.0,1.0,-0.1608733269708354
U5883@DOM1,66,1.0,0.0,6,1.0,1.0,-0.1608733269708354
U5816@DOM1,66,1.0,0.0,6,1.0,1.0,-0.1608733269708354
C16451$@DOM1,101,1.0,0.0,6,1.0,1.0,-0.16091221637878894
U1345@DOM1,101,1.0,0.0,6,1.0,1.0,-0.16091221637878894
U6055@DOM1,101,1.0,0.0,6,1.0,1.0,-0.16091221637878894
C9197$@DOM1,101,1.0,0.0,6,1.0,1.0,-0.16091221637878894
C17870$@DOM1,101,1.0,0.0,6,1.0,1.0,-0.16091221637878894
C2738$@DOM1,101,1.0,0.0,6,1.0,1.0,-0.16091221637878894
C16686$@DOM1,82,1.0,0.0,6,1.0,1.0,-0.16092838801310605
U3383@DOM1,82,1.0,0.0,6,1.0,1.0,-0.16092838801310605
U5666@DOM1,82,1.0,0.0,6,1.0,1.0,-0.16092838801310605
C5253$@DOM1,81,1.0,0.0,6,1.0,1.0,-0.16092838801310605
U2461@DOM1,82,1.0,0.0,6,1.0,1.0,-0.16092838801310605
U2334@DOM1,81,1.0,0.0,6,1.0,1.0,-0.16092838801310605
U8557@DOM1,82,1.0,0.0,6,1.0,1.0,-0.16092838801310605
U4324@DOM1,82,1.0,0.0,6,1.0,1.0,-0.16092838801310605
U3039@DOM1,82,1.0,0.0,6,1.0,1.0,-0.16092838801310605
U7413@DOM1,81,1.0,0.0,6,1.0,1.0,-0.16092838801310605
U3143@DOM1,81,1.0,0.0,6,1.0,1.0,-0.16092838801310605
U3731@DOM1,81,1.0,0.0,6,1.0,1.0,-0.16092838801310605
U5876@DOM1,82,1.0,0.0,6,1.0,1.0,-0.16092838801310605
U2492@DOM1,81,1.0,0.0,6,1.0,1.0,-0.16092838801310605
U2499@DOM1,82,1.0,0.0,6,1.0,1.0,-0.16092838801310605
C1624$@DOM1,81,1.0,0.0,6,1.0,1.0,-0.16092838801310605
U4203@DOM1,81,1.0,0.0,6,1.0,1.0,-0.16092838801310605
U787@DOM1,82,1.0,0.0,6,1.0,1.0,-0.16092838801310605
U9858@DOM1,81,1.0,0.0,6,1.0,1.0,-0.16092838801310605
U1129@DOM1,102,1.0,0.0,7,1.0,1.0,-0.16093559914479194
U5479@DOM1,102,1.0,0.0,7,1.0,1.0,-0.16093559914479194
U3860@DOM1,102,1.0,0.0,7,1.0,1.0,-0.16093559914479194
U2345@DOM1,102,1.0,0.0,7,1.0,1.0,-0.16093559914479194
U2070@DOM1,102,1.0,0.0,7,1.0,1.0,-0.16093559914479194
C2972$@DOM1,102,1.0,0.0,7,1.0,1.0,-0.16093559914479194
C1808$@DOM1,102,1.0,0.0,7,1.0,1.0,-0.16093559914479194
U7752@DOM1,102,1.0,0.0,7,1.0,1.0,-0.16093559914479194
U5231@DOM1,77,1.0,0.0,6,1.0,1.0,-0.1609518428151701
U8931@DOM1,77,1.0,0.0,6,1.0,1.0,-0.1609518428151701
U1003@DOM1,77,1.0,0.0,6,1.0,1.0,-0.1609518428151701
U1433@DOM1,77,1.0,0.0,6,1.0,1.0,-0.1609518428151701
U9340@DOM1,77,1.0,0.0,6,1.0,1.0,-0.1609518428151701
U5331@DOM1,77,1.0,0.0,6,1.0,1.0,-0.1609518428151701
U2190@DOM1,80,1.0,0.0,6,1.0,1.0,-0.16096202057164227
U4793@DOM1,78,1.0,0.0,6,1.0,1.0,-0.16096202057164227
U7765@DOM1,79,1.0,0.0,6,1.0,1.0,-0.16096202057164227
U8333@DOM1,80,1.0,0.0,6,1.0,1.0,-0.16096202057164227
U8256@DOM1,80,1.0,0.0,6,1.0,1.0,-0.16096202057164227
U10114@DOM1,78,1.0,0.0,6,1.0,1.0,-0.16096202057164227
C1945$@DOM1,80,1.0,0.0,6,1.0,1.0,-0.16096202057164227
U9192@DOM1,79,1.0,0.0,6,1.0,1.0,-0.16096202057164227
U1313@DOM1,79,1.0,0.0,6,1.0,1.0,-0.16096202057164227
U3418@DOM1,79,1.0,0.0,6,1.0,1.0,-0.16096202057164227
U5908@DOM1,80,1.0,0.0,6,1.0,1.0,-0.16096202057164227
C12659$@DOM1,80,1.0,0.0,6,1.0,1.0,-0.16096202057164227
U9814@DOM1,80,1.0,0.0,6,1.0,1.0,-0.16096202057164227
U8641@DOM1,79,1.0,0.0,6,1.0,1.0,-0.16096202057164227
U2498@DOM1,78,1.0,0.0,6,1.0,1.0,-0.16096202057164227
U2496@DOM1,78,1.0,0.0,6,1.0,1.0,-0.16096202057164227
U2895@DOM1,79,1.0,0.0,6,1.0,1.0,-0.16096202057164227
U2398@DOM1,78,1.0,0.0,6,1.0,1.0,-0.16096202057164227
U4822@DOM1,78,1.0,0.0,6,1.0,1.0,-0.16096202057164227
U6956@DOM1,80,1.0,0.0,6,1.0,1.0,-0.16096202057164227
U7084@DOM1,78,1.0,0.0,6,1.0,1.0,-0.16096202057164227
U9319@DOM1,80,1.0,0.0,6,1.0,1.0,-0.16096202057164227
U9263@DOM1,79,1.0,0.0,6,1.0,1.0,-0.16096202057164227
U3196@DOM1,79,1.0,0.0,6,1.0,1.0,-0.16096202057164227
C3978$@DOM1,79,1.0,0.0,6,1.0,1.0,-0.16096202057164227
C19891$@DOM1,79,1.0,0.0,6,1.0,1.0,-0.16096202057164227
U2408@DOM1,78,1.0,0.0,6,1.0,1.0,-0.16096202057164227
U5875@DOM1,78,1.0,0.0,6,1.0,1.0,-0.16096202057164227
U6519@DOM1,78,1.0,0.0,6,1.0,1.0,-0.16096202057164227
U8630@DOM1,80,1.0,0.0,6,1.0,1.0,-0.16096202057164227
U6494@DOM1,80,1.0,0.0,6,1.0,1.0,-0.16096202057164227
U2493@DOM1,78,1.0,0.0,6,1.0,1.0,-0.16096202057164227
U10211@DOM1,79,1.0,0.0,6,1.0,1.0,-0.16096202057164227
U5673@DOM1,80,1.0,0.0,6,1.0,1.0,-0.16096202057164227
U9927@DOM1,80,1.0,0.0,6,1.0,1.0,-0.16096202057164227
U1080@DOM1,80,1.0,0.0,6,1.0,1.0,-0.16096202057164227
U6792@DOM1,79,1.0,0.0,6,1.0,1.0,-0.16096202057164227
U923@DOM1,97,1.0,0.0,7,1.0,1.0,-0.16096301708732158
U286@DOM1,97,1.0,0.0,7,1.0,1.0,-0.16096301708732158
U2889@DOM1,97,1.0,0.0,7,1.0,1.0,-0.16096301708732158
C1610$@DOM1,97,1.0,0.0,7,1.0,1.0,-0.16096301708732158
U5568@DOM1,97,1.0,0.0,7,1.0,1.0,-0.16096301708732158
U9291@DOM1,97,1.0,0.0,7,1.0,1.0,-0.16096301708732158
C1692$@DOM1,97,1.0,0.0,7,1.0,1.0,-0.16096301708732158
U3353@DOM1,97,1.0,0.0,7,1.0,1.0,-0.16096301708732158
U2358@DOM1,97,1.0,0.0,7,1.0,1.0,-0.16096301708732158
U6739@DOM1,97,1.0,0.0,7,1.0,1.0,-0.16096301708732158
U1407@DOM1,97,1.0,0.0,7,1.0,1.0,-0.16096301708732158
U3882@DOM1,97,1.0,0.0,7,1.0,1.0,-0.16096301708732158
C2046$@DOM1,97,1.0,0.0,7,1.0,1.0,-0.16096301708732158
U7704@DOM1,97,1.0,0.0,7,1.0,1.0,-0.16096301708732158
U3423@DOM1,67,1.0,0.0,6,1.0,1.0,-0.16099992403301416
U2671@DOM1,67,1.0,0.0,6,1.0,1.0,-0.16099992403301416
U3586@DOM1,67,1.0,0.0,6,1.0,1.0,-0.16099992403301416
U8655@DOM1,67,1.0,0.0,6,1.0,1.0,-0.16099992403301416
U5083@DOM1,67,1.0,0.0,6,1.0,1.0,-0.16099992403301416
U8777@DOM1,67,1.0,0.0,6,1.0,1.0,-0.16099992403301416
U6027@DOM1,67,1.0,0.0,6,1.0,1.0,-0.16099992403301416
U1938@DOM1,67,1.0,0.0,6,1.0,1.0,-0.16099992403301416
U8881@DOM1,67,1.0,0.0,6,1.0,1.0,-0.16099992403301416
U4374@DOM1,67,1.0,0.0,6,1.0,1.0,-0.16099992403301416
U3590@DOM1,67,1.0,0.0,6,1.0,1.0,-0.16099992403301416
U3609@DOM1,67,1.0,0.0,6,1.0,1.0,-0.16099992403301416
U5068@DOM1,67,1.0,0.0,6,1.0,1.0,-0.16099992403301416
U668@DOM1,67,1.0,0.0,6,1.0,1.0,-0.16099992403301416
U6428@DOM1,67,1.0,0.0,6,1.0,1.0,-0.16099992403301416
U4895@DOM1,67,1.0,0.0,6,1.0,1.0,-0.16099992403301416
C21716$@DOM1,67,1.0,0.0,6,1.0,1.0,-0.16099992403301416
U5212@DOM1,67,1.0,0.0,6,1.0,1.0,-0.16099992403301416
U9974@DOM1,68,1.0,0.0,6,1.0,1.0,-0.16108633245698745
U8803@DOM1,68,1.0,0.0,6,1.0,1.0,-0.16108633245698745
U8771@DOM1,68,1.0,0.0,6,1.0,1.0,-0.16108633245698745
U8883@DOM1,68,1.0,0.0,6,1.0,1.0,-0.16108633245698745
U2504@DOM1,68,1.0,0.0,6,1.0,1.0,-0.16108633245698745
U4922@DOM1,68,1.0,0.0,6,1.0,1.0,-0.16108633245698745
U8935@DOM1,68,1.0,0.0,6,1.0,1.0,-0.16108633245698745
U2079@DOM1,68,1.0,0.0,6,1.0,1.0,-0.16108633245698745
U4574@DOM1,68,1.0,0.0,6,1.0,1.0,-0.16108633245698745
U9461@DOM1,68,1.0,0.0,6,1.0,1.0,-0.16108633245698745
U5580@DOM1,68,1.0,0.0,6,1.0,1.0,-0.16108633245698745
U2019@DOM1,68,1.0,0.0,6,1.0,1.0,-0.16108633245698745
C3973$@DOM1,68,1.0,0.0,6,1.0,1.0,-0.16108633245698745
U9383@DOM1,68,1.0,0.0,6,1.0,1.0,-0.16108633245698745
U6703@DOM1,68,1.0,0.0,6,1.0,1.0,-0.16108633245698745
U2249@DOM1,68,1.0,0.0,6,1.0,1.0,-0.16108633245698745
U2781@DOM1,68,1.0,0.0,6,1.0,1.0,-0.16108633245698745
U5419@DOM1,68,1.0,0.0,6,1.0,1.0,-0.16108633245698745
U405@DOM1,68,1.0,0.0,6,1.0,1.0,-0.16108633245698745
U8952@DOM1,68,1.0,0.0,6,1.0,1.0,-0.16108633245698745
C1816$@DOM1,68,1.0,0.0,6,1.0,1.0,-0.16108633245698745
C2420$@DOM1,102,1.0,0.0,6,1.0,1.0,-0.1610887198780231
U3727@DOM1,102,1.0,0.0,6,1.0,1.0,-0.1610887198780231
C9096$@DOM1,102,1.0,0.0,6,1.0,1.0,-0.1610887198780231
C8822$@DOM1,102,1.0,0.0,6,1.0,1.0,-0.1610887198780231
C10719$@DOM1,169,1.0,0.0,6,1.0,1.0,-0.1611117635535672
C7588$@DOM1,169,1.0,0.0,6,1.0,1.0,-0.1611117635535672
C9030$@DOM1,169,1.0,0.0,6,1.0,1.0,-0.1611117635535672
C777$@DOM1,169,1.0,0.0,6,1.0,1.0,-0.1611117635535672
C5369$@DOM1,169,1.0,0.0,6,1.0,1.0,-0.1611117635535672
C9956$@DOM1,169,1.0,0.0,6,1.0,1.0,-0.1611117635535672
U1108@DOM1,104,1.0,0.0,6,1.0,1.0,-0.16113444943433347
C13128$@DOM1,104,1.0,0.0,7,1.0,1.0,-0.16114069454747948
U1894@DOM1,104,1.0,0.0,7,1.0,1.0,-0.16114069454747948
C3539$@DOM1,104,1.0,0.0,7,1.0,1.0,-0.16114069454747948
C3356$@DOM1,166,1.0,0.0,6,1.0,1.0,-0.16127525069835563
C2809$@DOM1,165,1.0,0.0,6,1.0,1.0,-0.16127525069835563
C12300$@DOM1,166,1.0,0.0,6,1.0,1.0,-0.16127525069835563
C3320$@DOM1,165,1.0,0.0,6,1.0,1.0,-0.16127525069835563
C4731$@DOM1,165,1.0,0.0,6,1.0,1.0,-0.16127525069835563
C9460$@DOM1,165,1.0,0.0,6,1.0,1.0,-0.16127525069835563
U880@DOM1,165,1.0,0.0,6,1.0,1.0,-0.16127525069835563
C12069$@DOM1,166,1.0,0.0,6,1.0,1.0,-0.16127525069835563
C4979$@DOM1,165,1.0,0.0,6,1.0,1.0,-0.16127525069835563
C8679$@DOM1,166,1.0,0.0,6,1.0,1.0,-0.16127525069835563
C16576$@DOM1,165,1.0,0.0,6,1.0,1.0,-0.16127525069835563
C1800$@DOM1,165,1.0,0.0,6,1.0,1.0,-0.16127525069835563
C114$@DOM1,165,1.0,0.0,6,1.0,1.0,-0.16127525069835563
C3971$@DOM1,166,1.0,0.0,6,1.0,1.0,-0.16127525069835563
C19593$@DOM1,165,1.0,0.0,6,1.0,1.0,-0.16127525069835563
C12244$@DOM1,166,1.0,0.0,6,1.0,1.0,-0.16127525069835563
C13752$@DOM1,166,1.0,0.0,6,1.0,1.0,-0.16127525069835563
C2146$@DOM1,166,1.0,0.0,6,1.0,1.0,-0.16127525069835563
C6739$@DOM1,165,1.0,0.0,6,1.0,1.0,-0.16127525069835563
C5364$@DOM1,166,1.0,0.0,6,1.0,1.0,-0.16127525069835563
C2897$@DOM1,113,1.0,0.0,7,1.0,1.0,-0.1613132522656106
U770@DOM1,113,1.0,0.0,7,1.0,1.0,-0.1613132522656106
C1826$@DOM1,113,1.0,0.0,7,1.0,1.0,-0.1613132522656106
C5071$@DOM1,113,1.0,0.0,7,1.0,1.0,-0.1613132522656106
U1378@DOM1,109,1.0,0.0,7,1.0,1.0,-0.16136119806180427
C2394$@DOM1,109,1.0,0.0,7,1.0,1.0,-0.16136119806180427
U7485@DOM1,109,1.0,0.0,7,1.0,1.0,-0.16136119806180427
U9482@DOM1,107,1.0,0.0,7,1.0,1.0,-0.16136606303391798
C2053$@DOM1,107,1.0,0.0,7,1.0,1.0,-0.16136606303391798
C3726$@DOM1,107,1.0,0.0,7,1.0,1.0,-0.16136606303391798
C3250$@DOM1,107,1.0,0.0,7,1.0,1.0,-0.16136606303391798
C3091$@DOM1,168,1.0,0.0,6,1.0,1.0,-0.16137428660160558
C6473$@DOM1,168,1.0,0.0,6,1.0,1.0,-0.16137428660160558
C6663$@DOM1,168,1.0,0.0,6,1.0,1.0,-0.16137428660160558
C20191$@DOM1,168,1.0,0.0,6,1.0,1.0,-0.16137428660160558
C21579$@DOM1,168,1.0,0.0,6,1.0,1.0,-0.16137428660160558
C15288$@DOM1,168,1.0,0.0,6,1.0,1.0,-0.16137428660160558
C21601$@DOM1,168,1.0,0.0,6,1.0,1.0,-0.16137428660160558
C5181$@DOM1,168,1.0,0.0,6,1.0,1.0,-0.16137428660160558
U1690@DOM1,168,1.0,0.0,6,1.0,1.0,-0.16137428660160558
C15405$@DOM1,168,1.0,0.0,6,1.0,1.0,-0.16137428660160558
C4515$@DOM1,168,1.0,0.0,6,1.0,1.0,-0.16137428660160558
C3438$@DOM1,135,1.0,0.0,7,1.0,1.0,-0.16137461945858045
C18522$@DOM1,135,1.0,0.0,7,1.0,1.0,-0.16137461945858045
C12529$@DOM1,135,1.0,0.0,7,1.0,1.0,-0.16137461945858045
C1075$@DOM1,135,1.0,0.0,7,1.0,1.0,-0.16137461945858045
C818$@DOM1,135,1.0,0.0,7,1.0,1.0,-0.16137461945858045
C18367$@DOM1,135,1.0,0.0,7,1.0,1.0,-0.16137461945858045
U4044@DOM1,70,1.0,0.0,6,1.0,1.0,-0.16138803410754615
U9169@DOM1,69,1.0,0.0,6,1.0,1.0,-0.16138803410754615
U5814@DOM1,69,1.0,0.0,6,1.0,1.0,-0.16138803410754615
U5718@DOM1,70,1.0,0.0,6,1.0,1.0,-0.16138803410754615
U3454@DOM1,70,1.0,0.0,6,1.0,1.0,-0.16138803410754615
U2216@DOM1,69,1.0,0.0,6,1.0,1.0,-0.16138803410754615
U4232@DOM1,69,1.0,0.0,6,1.0,1.0,-0.16138803410754615
U1290@DOM1,70,1.0,0.0,6,1.0,1.0,-0.16138803410754615
U980@DOM1,70,1.0,0.0,6,1.0,1.0,-0.16138803410754615
U2586@DOM1,70,1.0,0.0,6,1.0,1.0,-0.16138803410754615
U5900@DOM1,70,1.0,0.0,6,1.0,1.0,-0.16138803410754615
U3302@DOM1,69,1.0,0.0,6,1.0,1.0,-0.16138803410754615
U2470@DOM1,69,1.0,0.0,6,1.0,1.0,-0.16138803410754615
U6681@DOM1,70,1.0,0.0,6,1.0,1.0,-0.16138803410754615
U3118@DOM1,70,1.0,0.0,6,1.0,1.0,-0.16138803410754615
U3158@DOM1,70,1.0,0.0,6,1.0,1.0,-0.16138803410754615
U2065@DOM1,69,1.0,0.0,6,1.0,1.0,-0.16138803410754615
U9465@DOM1,70,1.0,0.0,6,1.0,1.0,-0.16138803410754615
U2208@DOM1,69,1.0,0.0,6,1.0,1.0,-0.16138803410754615
U9215@DOM1,70,1.0,0.0,6,1.0,1.0,-0.16138803410754615
U7579@DOM1,69,1.0,0.0,6,1.0,1.0,-0.16138803410754615
U1028@DOM1,69,1.0,0.0,6,1.0,1.0,-0.16138803410754615
U10226@DOM1,70,1.0,0.0,6,1.0,1.0,-0.16138803410754615
U4496@DOM1,70,1.0,0.0,6,1.0,1.0,-0.16138803410754615
U5478@DOM1,70,1.0,0.0,6,1.0,1.0,-0.16138803410754615
U5496@DOM1,70,1.0,0.0,6,1.0,1.0,-0.16138803410754615
U6562@DOM1,69,1.0,0.0,6,1.0,1.0,-0.16138803410754615
C4903$@DOM1,69,1.0,0.0,6,1.0,1.0,-0.16138803410754615
U2542@DOM1,112,1.0,0.0,7,1.0,1.0,-0.16139108264575702
C3501$@DOM1,112,1.0,0.0,7,1.0,1.0,-0.16139108264575702
C3469$@DOM1,112,1.0,0.0,7,1.0,1.0,-0.16139108264575702
U9471@DOM1,112,1.0,0.0,7,1.0,1.0,-0.16139108264575702
C19634$@DOM1,164,1.0,0.0,6,1.0,1.0,-0.16141832462019973
C16578$@DOM1,164,1.0,0.0,6,1.0,1.0,-0.16141832462019973
C19160$@DOM1,164,1.0,0.0,6,1.0,1.0,-0.16141832462019973
C15174$@DOM1,164,1.0,0.0,6,1.0,1.0,-0.16141832462019973
C6602$@DOM1,164,1.0,0.0,6,1.0,1.0,-0.16141832462019973
C6104$@DOM1,164,1.0,0.0,6,1.0,1.0,-0.16141832462019973
C6584$@DOM1,164,1.0,0.0,6,1.0,1.0,-0.16141832462019973
C1515$@DOM1,167,1.0,0.0,6,1.0,1.0,-0.1614313464217796
C20085$@DOM1,167,1.0,0.0,6,1.0,1.0,-0.1614313464217796
C11697$@DOM1,167,1.0,0.0,6,1.0,1.0,-0.1614313464217796
C1804$@DOM1,167,1.0,0.0,6,1.0,1.0,-0.1614313464217796
C5498$@DOM1,167,1.0,0.0,6,1.0,1.0,-0.1614313464217796
C5176$@DOM1,167,1.0,0.0,6,1.0,1.0,-0.1614313464217796
C6647$@DOM1,167,1.0,0.0,6,1.0,1.0,-0.1614313464217796
C8258$@DOM1,167,1.0,0.0,6,1.0,1.0,-0.1614313464217796
C301$@DOM1,167,1.0,0.0,6,1.0,1.0,-0.1614313464217796
C2396$@DOM1,167,1.0,0.0,6,1.0,1.0,-0.1614313464217796
C3327$@DOM1,167,1.0,0.0,6,1.0,1.0,-0.1614313464217796
C11893$@DOM1,167,1.0,0.0,6,1.0,1.0,-0.1614313464217796
C359$@DOM1,167,1.0,0.0,6,1.0,1.0,-0.1614313464217796
C35$@DOM1,167,1.0,0.0,6,1.0,1.0,-0.1614313464217796
U7607@DOM1,105,1.0,0.0,7,1.0,1.0,-0.16143889128105204
U2360@DOM1,105,1.0,0.0,7,1.0,1.0,-0.16143889128105204
C12482$@DOM1,105,1.0,0.0,7,1.0,1.0,-0.16143889128105204
U4540@DOM1,105,1.0,0.0,7,1.0,1.0,-0.16143889128105204
U511@DOM1,111,1.0,0.0,7,1.0,1.0,-0.1614398573328053
C17841$@DOM1,111,1.0,0.0,7,1.0,1.0,-0.1614398573328053
U5523@DOM1,111,1.0,0.0,7,1.0,1.0,-0.1614398573328053
C7030$@DOM1,111,1.0,0.0,7,1.0,1.0,-0.1614398573328053
C917$@DOM1,111,1.0,0.0,7,1.0,1.0,-0.1614398573328053
U5953@DOM1,114,1.0,0.0,7,1.0,1.0,-0.16146109976019057
U8946@DOM1,114,1.0,0.0,7,1.0,1.0,-0.16146109976019057
C13214$@DOM1,114,1.0,0.0,7,1.0,1.0,-0.16146109976019057
C442$@DOM1,114,1.0,0.0,7,1.0,1.0,-0.16146109976019057
U6177@DOM1,114,1.0,0.0,7,1.0,1.0,-0.16146109976019057
C15228$@DOM1,160,1.0,0.0,7,1.0,1.0,-0.16150186829189012
C327$@DOM1,160,1.0,0.0,7,1.0,1.0,-0.16150186829189012
C2393$@DOM1,160,1.0,0.0,7,1.0,1.0,-0.16150186829189012
C544$@DOM1,160,1.0,0.0,7,1.0,1.0,-0.16150186829189012
U214@DOM1,160,1.0,0.0,7,1.0,1.0,-0.16150186829189012
C1627$@DOM1,160,1.0,0.0,7,1.0,1.0,-0.16150186829189012
U493@DOM1,110,1.0,0.0,7,1.0,1.0,-0.16153389756088737
C4023$@DOM1,110,1.0,0.0,7,1.0,1.0,-0.16153389756088737
C4818$@DOM1,110,1.0,0.0,7,1.0,1.0,-0.16153389756088737
U950@DOM1,110,1.0,0.0,7,1.0,1.0,-0.16153389756088737
C6532$@DOM1,133,1.0,0.0,7,1.0,1.0,-0.1615507144433626
C2205$@DOM1,133,1.0,0.0,7,1.0,1.0,-0.1615507144433626
C1124$@DOM1,133,1.0,0.0,7,1.0,1.0,-0.1615507144433626
C3500$@DOM1,133,1.0,0.0,7,1.0,1.0,-0.1615507144433626
C3559$@DOM1,133,1.0,0.0,7,1.0,1.0,-0.1615507144433626
C4525$@DOM1,133,1.0,0.0,7,1.0,1.0,-0.1615507144433626
C17991$@DOM1,133,1.0,0.0,7,1.0,1.0,-0.1615507144433626
C16326$@DOM1,133,1.0,0.0,7,1.0,1.0,-0.1615507144433626
C17969$@DOM1,133,1.0,0.0,7,1.0,1.0,-0.1615507144433626
C391$@DOM1,133,1.0,0.0,7,1.0,1.0,-0.1615507144433626
U9483@DOM1,133,1.0,0.0,7,1.0,1.0,-0.1615507144433626
C13515$@DOM1,71,1.0,0.0,6,1.0,1.0,-0.16155329731478052
U9582@DOM1,71,1.0,0.0,6,1.0,1.0,-0.16155329731478052
U9289@DOM1,71,1.0,0.0,6,1.0,1.0,-0.16155329731478052
U8967@DOM1,71,1.0,0.0,6,1.0,1.0,-0.16155329731478052
U2738@DOM1,71,1.0,0.0,6,1.0,1.0,-0.16155329731478052
U2418@DOM1,71,1.0,0.0,6,1.0,1.0,-0.16155329731478052
U2582@DOM1,71,1.0,0.0,6,1.0,1.0,-0.16155329731478052
U9087@DOM1,71,1.0,0.0,6,1.0,1.0,-0.16155329731478052
U2526@DOM1,71,1.0,0.0,6,1.0,1.0,-0.16155329731478052
U4558@DOM1,71,1.0,0.0,6,1.0,1.0,-0.16155329731478052
U2385@DOM1,71,1.0,0.0,6,1.0,1.0,-0.16155329731478052
U218@DOM1,71,1.0,0.0,6,1.0,1.0,-0.16155329731478052
U5560@DOM1,71,1.0,0.0,6,1.0,1.0,-0.16155329731478052
U599@DOM1,71,1.0,0.0,6,1.0,1.0,-0.16155329731478052
U1047@DOM1,71,1.0,0.0,6,1.0,1.0,-0.16155329731478052
U6696@DOM1,71,1.0,0.0,6,1.0,1.0,-0.16155329731478052
U3491@DOM1,71,1.0,0.0,6,1.0,1.0,-0.16155329731478052
U3903@DOM1,71,1.0,0.0,6,1.0,1.0,-0.16155329731478052
U5400@DOM1,71,1.0,0.0,6,1.0,1.0,-0.16155329731478052
U8769@DOM1,106,1.0,0.0,7,1.0,1.0,-0.161556275721094
U2613@DOM1,106,1.0,0.0,7,1.0,1.0,-0.161556275721094
C4565$@DOM1,106,1.0,0.0,7,1.0,1.0,-0.161556275721094
U1364@DOM1,106,1.0,0.0,7,1.0,1.0,-0.161556275721094
U959@DOM1,106,1.0,0.0,7,1.0,1.0,-0.161556275721094
C9228$@DOM1,106,1.0,0.0,7,1.0,1.0,-0.161556275721094
C10705$@DOM1,136,1.0,0.0,7,1.0,1.0,-0.16156085720517305
C1489$@DOM1,136,1.0,0.0,7,1.0,1.0,-0.16156085720517305
C19836$@DOM1,136,1.0,0.0,7,1.0,1.0,-0.16156085720517305
C20087$@DOM1,136,1.0,0.0,7,1.0,1.0,-0.16156085720517305
C12152$@DOM1,136,1.0,0.0,7,1.0,1.0,-0.16156085720517305
C7856$@DOM1,136,1.0,0.0,7,1.0,1.0,-0.16156085720517305
C12010$@DOM1,136,1.0,0.0,7,1.0,1.0,-0.16156085720517305
C8076$@DOM1,136,1.0,0.0,7,1.0,1.0,-0.16156085720517305
C9694$@DOM1,136,1.0,0.0,7,1.0,1.0,-0.16156085720517305
C17763$@DOM1,136,1.0,0.0,7,1.0,1.0,-0.16156085720517305
C7115$@DOM1,136,1.0,0.0,7,1.0,1.0,-0.16156085720517305
U8706@DOM1,76,1.0,0.0,6,1.0,1.0,-0.1615665964236387
U7564@DOM1,76,1.0,0.0,6,1.0,1.0,-0.1615665964236387
U3600@DOM1,75,1.0,0.0,6,1.0,1.0,-0.1615665964236387
U8027@DOM1,76,1.0,0.0,6,1.0,1.0,-0.1615665964236387
U2621@DOM1,76,1.0,0.0,6,1.0,1.0,-0.1615665964236387
U4377@DOM1,76,1.0,0.0,6,1.0,1.0,-0.1615665964236387
U8005@DOM1,75,1.0,0.0,6,1.0,1.0,-0.1615665964236387
C8655$@DOM1,75,1.0,0.0,6,1.0,1.0,-0.1615665964236387
U8857@DOM1,75,1.0,0.0,6,1.0,1.0,-0.1615665964236387
U2866@DOM1,75,1.0,0.0,6,1.0,1.0,-0.1615665964236387
U5226@DOM1,75,1.0,0.0,6,1.0,1.0,-0.1615665964236387
U6091@DOM1,76,1.0,0.0,6,1.0,1.0,-0.1615665964236387
U8448@DOM1,76,1.0,0.0,6,1.0,1.0,-0.1615665964236387
U3097@DOM1,76,1.0,0.0,6,1.0,1.0,-0.1615665964236387
U5761@DOM1,75,1.0,0.0,6,1.0,1.0,-0.1615665964236387
U5177@DOM1,76,1.0,0.0,6,1.0,1.0,-0.1615665964236387
U7358@DOM1,75,1.0,0.0,6,1.0,1.0,-0.1615665964236387
U8665@DOM1,76,1.0,0.0,6,1.0,1.0,-0.1615665964236387
U3043@DOM1,76,1.0,0.0,6,1.0,1.0,-0.1615665964236387
U2022@DOM1,75,1.0,0.0,6,1.0,1.0,-0.1615665964236387
U3105@DOM1,75,1.0,0.0,6,1.0,1.0,-0.1615665964236387
C11220$@DOM1,75,1.0,0.0,6,1.0,1.0,-0.1615665964236387
U826@DOM1,75,1.0,0.0,6,1.0,1.0,-0.1615665964236387
U4388@DOM1,75,1.0,0.0,6,1.0,1.0,-0.1615665964236387
U1935@DOM1,76,1.0,0.0,6,1.0,1.0,-0.1615665964236387
U621@DOM1,76,1.0,0.0,6,1.0,1.0,-0.1615665964236387
U1049@DOM1,75,1.0,0.0,6,1.0,1.0,-0.1615665964236387
U4306@DOM1,75,1.0,0.0,6,1.0,1.0,-0.1615665964236387
C5433$@DOM1,161,1.0,0.0,7,1.0,1.0,-0.16157067644855466
C3410$@DOM1,161,1.0,0.0,7,1.0,1.0,-0.16157067644855466
C3178$@DOM1,161,1.0,0.0,7,1.0,1.0,-0.16157067644855466
C6522$@DOM1,161,1.0,0.0,7,1.0,1.0,-0.16157067644855466
C1466$@DOM1,161,1.0,0.0,7,1.0,1.0,-0.16157067644855466
C2603$@DOM1,161,1.0,0.0,7,1.0,1.0,-0.16157067644855466
C9467$@DOM1,161,1.0,0.0,7,1.0,1.0,-0.16157067644855466
C2459$@DOM1,161,1.0,0.0,7,1.0,1.0,-0.16157067644855466
C13416$@DOM1,161,1.0,0.0,7,1.0,1.0,-0.16157067644855466
C2839$@DOM1,108,1.0,0.0,7,1.0,1.0,-0.16162282160555314
U9004@DOM1,74,1.0,0.0,6,1.0,1.0,-0.16163570636361096
U6747@DOM1,74,1.0,0.0,6,1.0,1.0,-0.16163570636361096
U7919@DOM1,74,1.0,0.0,6,1.0,1.0,-0.16163570636361096
U8358@DOM1,74,1.0,0.0,6,1.0,1.0,-0.16163570636361096
U5799@DOM1,74,1.0,0.0,6,1.0,1.0,-0.16163570636361096
U3372@DOM1,74,1.0,0.0,6,1.0,1.0,-0.16163570636361096
U2158@DOM1,74,1.0,0.0,6,1.0,1.0,-0.16163570636361096
C3623$@DOM1,105,1.0,0.0,6,1.0,1.0,-0.16165315456560425
C518$@DOM1,105,1.0,0.0,6,1.0,1.0,-0.16165315456560425
C18393$@DOM1,105,1.0,0.0,6,1.0,1.0,-0.16165315456560425
C4434$@DOM1,105,1.0,0.0,6,1.0,1.0,-0.16165315456560425
U5323@DOM1,73,1.0,0.0,6,1.0,1.0,-0.16165534077122717
U8629@DOM1,72,1.0,0.0,6,1.0,1.0,-0.16165534077122717
U525@DOM1,72,1.0,0.0,6,1.0,1.0,-0.16165534077122717
U3478@DOM1,73,1.0,0.0,6,1.0,1.0,-0.16165534077122717
U3456@DOM1,72,1.0,0.0,6,1.0,1.0,-0.16165534077122717
U992@DOM1,72,1.0,0.0,6,1.0,1.0,-0.16165534077122717
U6451@DOM1,73,1.0,0.0,6,1.0,1.0,-0.16165534077122717
U4309@DOM1,72,1.0,0.0,6,1.0,1.0,-0.16165534077122717
U6986@DOM1,73,1.0,0.0,6,1.0,1.0,-0.16165534077122717
U4942@DOM1,72,1.0,0.0,6,1.0,1.0,-0.16165534077122717
U1192@DOM1,72,1.0,0.0,6,1.0,1.0,-0.16165534077122717
U4850@DOM1,72,1.0,0.0,6,1.0,1.0,-0.16165534077122717
U192@DOM1,73,1.0,0.0,6,1.0,1.0,-0.16165534077122717
U4048@DOM1,72,1.0,0.0,6,1.0,1.0,-0.16165534077122717
U1375@DOM1,72,1.0,0.0,6,1.0,1.0,-0.16165534077122717
U9265@DOM1,73,1.0,0.0,6,1.0,1.0,-0.16165534077122717
U6331@DOM1,72,1.0,0.0,6,1.0,1.0,-0.16165534077122717
U2896@DOM1,73,1.0,0.0,6,1.0,1.0,-0.16165534077122717
U4675@DOM1,73,1.0,0.0,6,1.0,1.0,-0.16165534077122717
U196@DOM1,72,1.0,0.0,6,1.0,1.0,-0.16165534077122717
U6443@DOM1,73,1.0,0.0,6,1.0,1.0,-0.16165534077122717
U223@DOM1,73,1.0,0.0,6,1.0,1.0,-0.16165534077122717
U7145@DOM1,72,1.0,0.0,6,1.0,1.0,-0.16165534077122717
U2326@DOM1,73,1.0,0.0,6,1.0,1.0,-0.16165534077122717
U252@DOM1,73,1.0,0.0,6,1.0,1.0,-0.16165534077122717
U692@DOM1,73,1.0,0.0,6,1.0,1.0,-0.16165534077122717
U3254@DOM1,73,1.0,0.0,6,1.0,1.0,-0.16165534077122717
U233@DOM1,72,1.0,0.0,6,1.0,1.0,-0.16165534077122717
U9125@DOM1,72,1.0,0.0,6,1.0,1.0,-0.16165534077122717
U9227@DOM1,73,1.0,0.0,6,1.0,1.0,-0.16165534077122717
U1687@DOM1,73,1.0,0.0,6,1.0,1.0,-0.16165534077122717
U5298@DOM1,72,1.0,0.0,6,1.0,1.0,-0.16165534077122717
U9222@DOM1,73,1.0,0.0,6,1.0,1.0,-0.16165534077122717
U2115@DOM1,72,1.0,0.0,6,1.0,1.0,-0.16165534077122717
U9136@DOM1,72,1.0,0.0,6,1.0,1.0,-0.16165534077122717
U2026@DOM1,73,1.0,0.0,6,1.0,1.0,-0.16165534077122717
U9088@DOM1,72,1.0,0.0,6,1.0,1.0,-0.16165534077122717
U601@DOM1,72,1.0,0.0,6,1.0,1.0,-0.16165534077122717
U7408@DOM1,73,1.0,0.0,6,1.0,1.0,-0.16165534077122717
U2950@DOM1,73,1.0,0.0,6,1.0,1.0,-0.16165534077122717
U1023@DOM1,73,1.0,0.0,6,1.0,1.0,-0.16165534077122717
C15622$@DOM1,73,1.0,0.0,6,1.0,1.0,-0.16165534077122717
U2518@DOM1,72,1.0,0.0,6,1.0,1.0,-0.16165534077122717
U1735@DOM1,72,1.0,0.0,6,1.0,1.0,-0.16165534077122717
C2447$@DOM1,132,1.0,0.0,7,1.0,1.0,-0.16166814026570459
C5890$@DOM1,132,1.0,0.0,7,1.0,1.0,-0.16166814026570459
C8341$@DOM1,132,1.0,0.0,7,1.0,1.0,-0.16166814026570459
C439$@DOM1,132,1.0,0.0,7,1.0,1.0,-0.16166814026570459
C4897$@DOM1,134,1.0,0.0,7,1.0,1.0,-0.1616786258756162
C3929$@DOM1,134,1.0,0.0,7,1.0,1.0,-0.1616786258756162
C15274$@DOM1,134,1.0,0.0,7,1.0,1.0,-0.1616786258756162
C9715$@DOM1,107,1.0,0.0,6,1.0,1.0,-0.1617005136239668
U273@DOM1,107,1.0,0.0,6,1.0,1.0,-0.1617005136239668
C1779$@DOM1,107,1.0,0.0,6,1.0,1.0,-0.1617005136239668
C675$@DOM1,107,1.0,0.0,6,1.0,1.0,-0.1617005136239668
C14561$@DOM1,107,1.0,0.0,6,1.0,1.0,-0.1617005136239668
C3521$@DOM1,107,1.0,0.0,6,1.0,1.0,-0.1617005136239668
C4745$@DOM1,107,1.0,0.0,6,1.0,1.0,-0.1617005136239668
C3332$@DOM1,107,1.0,0.0,6,1.0,1.0,-0.1617005136239668
C9055$@DOM1,162,1.0,0.0,7,1.0,1.0,-0.16171613054076955
C15475$@DOM1,162,1.0,0.0,7,1.0,1.0,-0.16171613054076955
C4919$@DOM1,162,1.0,0.0,7,1.0,1.0,-0.16171613054076955
C2048$@DOM1,162,1.0,0.0,7,1.0,1.0,-0.16171613054076955
C4983$@DOM1,162,1.0,0.0,7,1.0,1.0,-0.16171613054076955
C14179$@DOM1,162,1.0,0.0,7,1.0,1.0,-0.16171613054076955
C12590$@DOM1,162,1.0,0.0,7,1.0,1.0,-0.16171613054076955
C2655$@DOM1,162,1.0,0.0,7,1.0,1.0,-0.16171613054076955
C962$@DOM1,162,1.0,0.0,7,1.0,1.0,-0.16171613054076955
C5156$@DOM1,162,1.0,0.0,7,1.0,1.0,-0.16171613054076955
C348$@DOM1,140,1.0,0.0,7,1.0,1.0,-0.161793926560578
C9453$@DOM1,139,1.0,0.0,7,1.0,1.0,-0.161793926560578
C4002$@DOM1,139,1.0,0.0,7,1.0,1.0,-0.161793926560578
C9283$@DOM1,140,1.0,0.0,7,1.0,1.0,-0.161793926560578
C5220$@DOM1,139,1.0,0.0,7,1.0,1.0,-0.161793926560578
C18180$@DOM1,140,1.0,0.0,7,1.0,1.0,-0.161793926560578
C14057$@DOM1,139,1.0,0.0,7,1.0,1.0,-0.161793926560578
C17102$@DOM1,140,1.0,0.0,7,1.0,1.0,-0.161793926560578
U805@DOM1,140,1.0,0.0,7,1.0,1.0,-0.161793926560578
C5406$@DOM1,140,1.0,0.0,7,1.0,1.0,-0.161793926560578
C5268$@DOM1,139,1.0,0.0,7,1.0,1.0,-0.161793926560578
C3110$@DOM1,140,1.0,0.0,7,1.0,1.0,-0.161793926560578
C17831$@DOM1,139,1.0,0.0,7,1.0,1.0,-0.161793926560578
C3010$@DOM1,139,1.0,0.0,7,1.0,1.0,-0.161793926560578
C2826$@DOM1,139,1.0,0.0,7,1.0,1.0,-0.161793926560578
C19997$@DOM1,115,1.0,0.0,7,1.0,1.0,-0.16183599399293985
C5974$@DOM1,115,1.0,0.0,7,1.0,1.0,-0.16183599399293985
C3030$@DOM1,115,1.0,0.0,7,1.0,1.0,-0.16183599399293985
C3563$@DOM1,142,1.0,0.0,7,1.0,1.0,-0.16185401921108944
C19978$@DOM1,142,1.0,0.0,7,1.0,1.0,-0.16185401921108944
C3247$@DOM1,142,1.0,0.0,7,1.0,1.0,-0.16185401921108944
C15462$@DOM1,142,1.0,0.0,7,1.0,1.0,-0.16185401921108944
C17534$@DOM1,142,1.0,0.0,7,1.0,1.0,-0.16185401921108944
C13209$@DOM1,142,1.0,0.0,7,1.0,1.0,-0.16185401921108944
C4016$@DOM1,142,1.0,0.0,7,1.0,1.0,-0.16185401921108944
C2430$@DOM1,159,1.0,0.0,7,1.0,1.0,-0.16186390512240756
C21368$@DOM1,159,1.0,0.0,7,1.0,1.0,-0.16186390512240756
C1580$@DOM1,159,1.0,0.0,7,1.0,1.0,-0.16186390512240756
C13477$@DOM1,159,1.0,0.0,7,1.0,1.0,-0.16186390512240756
C2612$@DOM1,159,1.0,0.0,7,1.0,1.0,-0.16186390512240756
C10807$@DOM1,159,1.0,0.0,7,1.0,1.0,-0.16186390512240756
C12324$@DOM1,159,1.0,0.0,7,1.0,1.0,-0.16186390512240756
C1389$@DOM1,159,1.0,0.0,7,1.0,1.0,-0.16186390512240756
C5012$@DOM1,106,1.0,0.0,6,1.0,1.0,-0.16190612735963472
U6224@DOM1,106,1.0,0.0,6,1.0,1.0,-0.16190612735963472
C10112$@DOM1,106,1.0,0.0,6,1.0,1.0,-0.16190612735963472
C6915$@DOM1,106,1.0,0.0,6,1.0,1.0,-0.16190612735963472
C20721$@DOM1,163,1.0,0.0,6,1.0,1.0,-0.161910975224425
C17060$@DOM1,163,1.0,0.0,6,1.0,1.0,-0.161910975224425
C3886$@DOM1,163,1.0,0.0,6,1.0,1.0,-0.161910975224425
C20216$@DOM1,163,1.0,0.0,6,1.0,1.0,-0.161910975224425
C2952$@DOM1,163,1.0,0.0,6,1.0,1.0,-0.161910975224425
C13496$@DOM1,163,1.0,0.0,6,1.0,1.0,-0.161910975224425
C4615$@DOM1,163,1.0,0.0,6,1.0,1.0,-0.161910975224425
C13101$@DOM1,163,1.0,0.0,6,1.0,1.0,-0.161910975224425
C4448$@DOM1,163,1.0,0.0,6,1.0,1.0,-0.161910975224425
C325$@DOM1,163,1.0,0.0,6,1.0,1.0,-0.161910975224425
C17378$@DOM1,163,1.0,0.0,6,1.0,1.0,-0.161910975224425
C3728$@DOM1,141,1.0,0.0,7,1.0,1.0,-0.16192028114818663
C915$@DOM1,141,1.0,0.0,7,1.0,1.0,-0.16192028114818663
C6675$@DOM1,141,1.0,0.0,7,1.0,1.0,-0.16192028114818663
C7792$@DOM1,141,1.0,0.0,7,1.0,1.0,-0.16192028114818663
C1356$@DOM1,141,1.0,0.0,7,1.0,1.0,-0.16192028114818663
C4567$@DOM1,141,1.0,0.0,7,1.0,1.0,-0.16192028114818663
C11138$@DOM1,141,1.0,0.0,7,1.0,1.0,-0.16192028114818663
C5002$@DOM1,141,1.0,0.0,7,1.0,1.0,-0.16192028114818663
C3820$@DOM1,141,1.0,0.0,7,1.0,1.0,-0.16192028114818663
C1588$@DOM1,158,1.0,0.0,7,1.0,1.0,-0.16194836232283716
C7548$@DOM1,158,1.0,0.0,7,1.0,1.0,-0.16194836232283716
C5225$@DOM1,158,1.0,0.0,7,1.0,1.0,-0.16194836232283716
C11145$@DOM1,158,1.0,0.0,7,1.0,1.0,-0.16194836232283716
C10241$@DOM1,158,1.0,0.0,7,1.0,1.0,-0.16194836232283716
C5186$@DOM1,158,1.0,0.0,7,1.0,1.0,-0.16194836232283716
C2140$@DOM1,158,1.0,0.0,7,1.0,1.0,-0.16194836232283716
U1050@DOM1,158,1.0,0.0,7,1.0,1.0,-0.16194836232283716
C6756$@DOM1,158,1.0,0.0,7,1.0,1.0,-0.16194836232283716
C5519$@DOM1,127,1.0,0.0,7,1.0,1.0,-0.16196905567623543
C4909$@DOM1,127,1.0,0.0,7,1.0,1.0,-0.16196905567623543
C19038$@DOM1,127,1.0,0.0,7,1.0,1.0,-0.16196905567623543
C11567$@DOM1,126,1.0,0.0,7,1.0,1.0,-0.16196905567623543
C15030$@DOM1,126,1.0,0.0,7,1.0,1.0,-0.16196905567623543
C3317$@DOM1,126,1.0,0.0,7,1.0,1.0,-0.16196905567623543
C9576$@DOM1,127,1.0,0.0,7,1.0,1.0,-0.16196905567623543
U1161@DOM1,127,1.0,0.0,7,1.0,1.0,-0.16196905567623543
C10281$@DOM1,126,1.0,0.0,7,1.0,1.0,-0.16196905567623543
C10345$@DOM1,127,1.0,0.0,7,1.0,1.0,-0.16196905567623543
C3044$@DOM1,127,1.0,0.0,7,1.0,1.0,-0.16196905567623543
C3346$@DOM1,126,1.0,0.0,7,1.0,1.0,-0.16196905567623543
C19816$@DOM1,126,1.0,0.0,7,1.0,1.0,-0.16196905567623543
C5014$@DOM1,155,1.0,0.0,7,1.0,1.0,-0.16201843063295773
C6385$@DOM1,155,1.0,0.0,7,1.0,1.0,-0.16201843063295773
C9866$@DOM1,155,1.0,0.0,7,1.0,1.0,-0.16201843063295773
C6456$@DOM1,155,1.0,0.0,7,1.0,1.0,-0.16201843063295773
C19503$@DOM1,155,1.0,0.0,7,1.0,1.0,-0.16201843063295773
C8117$@DOM1,155,1.0,0.0,7,1.0,1.0,-0.16201843063295773
C7176$@DOM1,155,1.0,0.0,7,1.0,1.0,-0.16201843063295773
C16543$@DOM1,156,1.0,0.0,7,1.0,1.0,-0.16202836408021404
C4871$@DOM1,156,1.0,0.0,7,1.0,1.0,-0.16202836408021404
C1752$@DOM1,157,1.0,0.0,7,1.0,1.0,-0.16202836408021404
C3344$@DOM1,156,1.0,0.0,7,1.0,1.0,-0.16202836408021404
C5163$@DOM1,157,1.0,0.0,7,1.0,1.0,-0.16202836408021404
C6853$@DOM1,157,1.0,0.0,7,1.0,1.0,-0.16202836408021404
C19318$@DOM1,157,1.0,0.0,7,1.0,1.0,-0.16202836408021404
C2085$@DOM1,156,1.0,0.0,7,1.0,1.0,-0.16202836408021404
C2098$@DOM1,156,1.0,0.0,7,1.0,1.0,-0.16202836408021404
C4662$@DOM1,157,1.0,0.0,7,1.0,1.0,-0.16202836408021404
C20651$@DOM1,157,1.0,0.0,7,1.0,1.0,-0.16202836408021404
C476$@DOM1,156,1.0,0.0,7,1.0,1.0,-0.16202836408021404
C221$@DOM1,157,1.0,0.0,7,1.0,1.0,-0.16202836408021404
C7487$@DOM1,130,1.0,0.0,7,1.0,1.0,-0.16206782390331942
C4282$@DOM1,130,1.0,0.0,7,1.0,1.0,-0.16206782390331942
C13992$@DOM1,128,1.0,0.0,7,1.0,1.0,-0.16206782390331942
C280$@DOM1,130,1.0,0.0,7,1.0,1.0,-0.16206782390331942
C602$@DOM1,130,1.0,0.0,7,1.0,1.0,-0.16206782390331942
C14792$@DOM1,130,1.0,0.0,7,1.0,1.0,-0.16206782390331942
C4457$@DOM1,130,1.0,0.0,7,1.0,1.0,-0.16206782390331942
C5315$@DOM1,129,1.0,0.0,7,1.0,1.0,-0.16206782390331942
C11634$@DOM1,131,1.0,0.0,7,1.0,1.0,-0.16206782390331942
U8596@DOM1,128,1.0,0.0,7,1.0,1.0,-0.16206782390331942
U29@DOM1,129,1.0,0.0,7,1.0,1.0,-0.16206782390331942
C8102$@DOM1,129,1.0,0.0,7,1.0,1.0,-0.16206782390331942
C2126$@DOM1,131,1.0,0.0,7,1.0,1.0,-0.16206782390331942
C5371$@DOM1,128,1.0,0.0,7,1.0,1.0,-0.16206782390331942
C21104$@DOM1,131,1.0,0.0,7,1.0,1.0,-0.16206782390331942
C2010$@DOM1,128,1.0,0.0,7,1.0,1.0,-0.16206782390331942
C20418$@DOM1,128,1.0,0.0,7,1.0,1.0,-0.16206782390331942
C755$@DOM1,128,1.0,0.0,7,1.0,1.0,-0.16206782390331942
C18648$@DOM1,131,1.0,0.0,7,1.0,1.0,-0.16206782390331942
C12419$@DOM1,128,1.0,0.0,7,1.0,1.0,-0.16206782390331942
C776$@DOM1,130,1.0,0.0,7,1.0,1.0,-0.16206782390331942
C17464$@DOM1,131,1.0,0.0,7,1.0,1.0,-0.16206782390331942
C19856$@DOM1,128,1.0,0.0,7,1.0,1.0,-0.16206782390331942
C9912$@DOM1,129,1.0,0.0,7,1.0,1.0,-0.16206782390331942
C3750$@DOM1,131,1.0,0.0,7,1.0,1.0,-0.16206782390331942
C3183$@DOM1,129,1.0,0.0,7,1.0,1.0,-0.16206782390331942
C21495$@DOM1,129,1.0,0.0,7,1.0,1.0,-0.16206782390331942
C6300$@DOM1,130,1.0,0.0,7,1.0,1.0,-0.16206782390331942
C14068$@DOM1,129,1.0,0.0,7,1.0,1.0,-0.16206782390331942
C5107$@DOM1,108,1.0,0.0,6,1.0,1.0,-0.16207135689545926
C9407$@DOM1,108,1.0,0.0,6,1.0,1.0,-0.16207135689545926
C9564$@DOM1,108,1.0,0.0,6,1.0,1.0,-0.16207135689545926
U8558@DOM1,108,1.0,0.0,6,1.0,1.0,-0.16207135689545926
U2975@DOM1,108,1.0,0.0,6,1.0,1.0,-0.16207135689545926
C12614$@DOM1,122,1.0,0.0,7,1.0,1.0,-0.16212304343736733
C3422$@DOM1,122,1.0,0.0,7,1.0,1.0,-0.16212304343736733
C5236$@DOM1,122,1.0,0.0,7,1.0,1.0,-0.16212304343736733
C5404$@DOM1,122,1.0,0.0,7,1.0,1.0,-0.16212304343736733
C4018$@DOM1,122,1.0,0.0,7,1.0,1.0,-0.16212304343736733
C417$@DOM1,122,1.0,0.0,7,1.0,1.0,-0.16212304343736733
C4531$@DOM1,122,1.0,0.0,7,1.0,1.0,-0.16212304343736733
C17652$@DOM1,138,1.0,0.0,7,1.0,1.0,-0.16212640223886032
C18593$@DOM1,138,1.0,0.0,7,1.0,1.0,-0.16212640223886032
C6480$@DOM1,138,1.0,0.0,7,1.0,1.0,-0.16212640223886032
C4059$@DOM1,138,1.0,0.0,7,1.0,1.0,-0.16212640223886032
C59$@DOM1,138,1.0,0.0,7,1.0,1.0,-0.16212640223886032
C15292$@DOM1,152,1.0,0.0,7,1.0,1.0,-0.16216287393189882
C4763$@DOM1,152,1.0,0.0,7,1.0,1.0,-0.16216287393189882
U4546@DOM1,152,1.0,0.0,7,1.0,1.0,-0.16216287393189882
C16223$@DOM1,152,1.0,0.0,7,1.0,1.0,-0.16216287393189882
C780$@DOM1,152,1.0,0.0,7,1.0,1.0,-0.16216287393189882
C2813$@DOM1,152,1.0,0.0,7,1.0,1.0,-0.16216287393189882
C17094$@DOM1,152,1.0,0.0,7,1.0,1.0,-0.16216287393189882
C4321$@DOM1,113,1.0,0.0,6,1.0,1.0,-0.16216343992864068
C2291$@DOM1,113,1.0,0.0,6,1.0,1.0,-0.16216343992864068
C7288$@DOM1,113,1.0,0.0,6,1.0,1.0,-0.16216343992864068
C15563$@DOM1,113,1.0,0.0,6,1.0,1.0,-0.16216343992864068
C18808$@DOM1,113,1.0,0.0,6,1.0,1.0,-0.16216343992864068
C5084$@DOM1,125,1.0,0.0,7,1.0,1.0,-0.16217464842188034
C3862$@DOM1,125,1.0,0.0,7,1.0,1.0,-0.16217464842188034
U2412@DOM1,125,1.0,0.0,7,1.0,1.0,-0.16217464842188034
C3042$@DOM1,125,1.0,0.0,7,1.0,1.0,-0.16217464842188034
C5388$@DOM1,146,1.0,0.0,7,1.0,1.0,-0.16217671871133327
C16438$@DOM1,146,1.0,0.0,7,1.0,1.0,-0.16217671871133327
C909$@DOM1,146,1.0,0.0,7,1.0,1.0,-0.16217671871133327
C19646$@DOM1,147,1.0,0.0,7,1.0,1.0,-0.16217671871133327
C2711$@DOM1,147,1.0,0.0,7,1.0,1.0,-0.16217671871133327
C3785$@DOM1,146,1.0,0.0,7,1.0,1.0,-0.16217671871133327
C10150$@DOM1,147,1.0,0.0,7,1.0,1.0,-0.16217671871133327
C6565$@DOM1,147,1.0,0.0,7,1.0,1.0,-0.16217671871133327
C3437$@DOM1,147,1.0,0.0,7,1.0,1.0,-0.16217671871133327
C6402$@DOM1,147,1.0,0.0,7,1.0,1.0,-0.16217671871133327
C11971$@DOM1,147,1.0,0.0,7,1.0,1.0,-0.16217671871133327
C17720$@DOM1,147,1.0,0.0,7,1.0,1.0,-0.16217671871133327
C177$@DOM1,147,1.0,0.0,7,1.0,1.0,-0.16217671871133327
C9784$@DOM1,146,1.0,0.0,7,1.0,1.0,-0.16217671871133327
C1887$@DOM1,147,1.0,0.0,7,1.0,1.0,-0.16217671871133327
C10974$@DOM1,146,1.0,0.0,7,1.0,1.0,-0.16217671871133327
C14395$@DOM1,146,1.0,0.0,7,1.0,1.0,-0.16217671871133327
C634$@DOM1,149,1.0,0.0,7,1.0,1.0,-0.16220436066414928
C8404$@DOM1,149,1.0,0.0,7,1.0,1.0,-0.16220436066414928
C6106$@DOM1,149,1.0,0.0,7,1.0,1.0,-0.16220436066414928
C6207$@DOM1,149,1.0,0.0,7,1.0,1.0,-0.16220436066414928
C19487$@DOM1,149,1.0,0.0,7,1.0,1.0,-0.16220436066414928
C4093$@DOM1,149,1.0,0.0,7,1.0,1.0,-0.16220436066414928
C4444$@DOM1,149,1.0,0.0,7,1.0,1.0,-0.16220436066414928
C209$@DOM1,149,1.0,0.0,7,1.0,1.0,-0.16220436066414928
C18988$@DOM1,149,1.0,0.0,7,1.0,1.0,-0.16220436066414928
C3011$@DOM1,144,1.0,0.0,7,1.0,1.0,-0.16220718982736781
C19025$@DOM1,144,1.0,0.0,7,1.0,1.0,-0.16220718982736781
C1885$@DOM1,144,1.0,0.0,7,1.0,1.0,-0.16220718982736781
C2864$@DOM1,144,1.0,0.0,7,1.0,1.0,-0.16220718982736781
C8190$@DOM1,144,1.0,0.0,7,1.0,1.0,-0.16220718982736781
C445$@DOM1,144,1.0,0.0,7,1.0,1.0,-0.16220718982736781
C3935$@DOM1,144,1.0,0.0,7,1.0,1.0,-0.16220718982736781
C413$@DOM1,144,1.0,0.0,7,1.0,1.0,-0.16220718982736781
C10258$@DOM1,144,1.0,0.0,7,1.0,1.0,-0.16220718982736781
C2720$@DOM1,144,1.0,0.0,7,1.0,1.0,-0.16220718982736781
C4487$@DOM1,137,1.0,0.0,7,1.0,1.0,-0.1622206666626796
C2970$@DOM1,137,1.0,0.0,7,1.0,1.0,-0.1622206666626796
C13367$@DOM1,137,1.0,0.0,7,1.0,1.0,-0.1622206666626796
C2716$@DOM1,137,1.0,0.0,7,1.0,1.0,-0.1622206666626796
C5229$@DOM1,137,1.0,0.0,7,1.0,1.0,-0.1622206666626796
C17019$@DOM1,137,1.0,0.0,7,1.0,1.0,-0.1622206666626796
C728$@DOM1,137,1.0,0.0,7,1.0,1.0,-0.1622206666626796
C1224$@DOM1,109,1.0,0.0,6,1.0,1.0,-0.16223173827408088
C17786$@DOM1,109,1.0,0.0,6,1.0,1.0,-0.16223173827408088
C3399$@DOM1,109,1.0,0.0,6,1.0,1.0,-0.16223173827408088
C9756$@DOM1,109,1.0,0.0,6,1.0,1.0,-0.16223173827408088
C3221$@DOM1,154,1.0,0.0,7,1.0,1.0,-0.16232501641419256
C389$@DOM1,154,1.0,0.0,7,1.0,1.0,-0.16232501641419256
C2993$@DOM1,154,1.0,0.0,7,1.0,1.0,-0.16232501641419256
C1200$@DOM1,154,1.0,0.0,7,1.0,1.0,-0.16232501641419256
C19918$@DOM1,154,1.0,0.0,7,1.0,1.0,-0.16232501641419256
C596$@DOM1,154,1.0,0.0,7,1.0,1.0,-0.16232501641419256
C3140$@DOM1,154,1.0,0.0,7,1.0,1.0,-0.16232501641419256
C21631$@DOM1,143,1.0,0.0,7,1.0,1.0,-0.16233875997834912
C1784$@DOM1,143,1.0,0.0,7,1.0,1.0,-0.16233875997834912
C5043$@DOM1,143,1.0,0.0,7,1.0,1.0,-0.16233875997834912
C3914$@DOM1,143,1.0,0.0,7,1.0,1.0,-0.16233875997834912
C2308$@DOM1,143,1.0,0.0,7,1.0,1.0,-0.16233875997834912
C8677$@DOM1,121,1.0,0.0,7,1.0,1.0,-0.16238225431916448
C2865$@DOM1,121,1.0,0.0,7,1.0,1.0,-0.16238225431916448
C15491$@DOM1,121,1.0,0.0,7,1.0,1.0,-0.16238225431916448
C6491$@DOM1,121,1.0,0.0,7,1.0,1.0,-0.16238225431916448
C5317$@DOM1,121,1.0,0.0,7,1.0,1.0,-0.16238225431916448
C11502$@DOM1,116,1.0,0.0,7,1.0,1.0,-0.16240273598545463
C2317$@DOM1,116,1.0,0.0,7,1.0,1.0,-0.16240273598545463
C1152$@DOM1,116,1.0,0.0,7,1.0,1.0,-0.16240273598545463
C3709$@DOM1,151,1.0,0.0,7,1.0,1.0,-0.1624038588443661
C18207$@DOM1,151,1.0,0.0,7,1.0,1.0,-0.1624038588443661
C9423$@DOM1,151,1.0,0.0,7,1.0,1.0,-0.1624038588443661
C21581$@DOM1,151,1.0,0.0,7,1.0,1.0,-0.1624038588443661
C11110$@DOM1,151,1.0,0.0,7,1.0,1.0,-0.1624038588443661
C4583$@DOM1,151,1.0,0.0,7,1.0,1.0,-0.1624038588443661
C1333$@DOM1,151,1.0,0.0,7,1.0,1.0,-0.1624038588443661
C3334$@DOM1,151,1.0,0.0,7,1.0,1.0,-0.1624038588443661
C6437$@DOM1,151,1.0,0.0,7,1.0,1.0,-0.1624038588443661
C5096$@DOM1,151,1.0,0.0,7,1.0,1.0,-0.1624038588443661
C266$@DOM1,151,1.0,0.0,7,1.0,1.0,-0.1624038588443661
C9921$@DOM1,123,1.0,0.0,7,1.0,1.0,-0.16242811197409412
C18240$@DOM1,123,1.0,0.0,7,1.0,1.0,-0.16242811197409412
C5250$@DOM1,123,1.0,0.0,7,1.0,1.0,-0.16242811197409412
C17674$@DOM1,123,1.0,0.0,7,1.0,1.0,-0.16242811197409412
C12917$@DOM1,148,1.0,0.0,7,1.0,1.0,-0.16243044381210792
C981$@DOM1,148,1.0,0.0,7,1.0,1.0,-0.16243044381210792
C21034$@DOM1,148,1.0,0.0,7,1.0,1.0,-0.16243044381210792
C16391$@DOM1,148,1.0,0.0,7,1.0,1.0,-0.16243044381210792
C14477$@DOM1,148,1.0,0.0,7,1.0,1.0,-0.16243044381210792
C21474$@DOM1,148,1.0,0.0,7,1.0,1.0,-0.16243044381210792
C4931$@DOM1,148,1.0,0.0,7,1.0,1.0,-0.16243044381210792
C11338$@DOM1,148,1.0,0.0,7,1.0,1.0,-0.16243044381210792
C4427$@DOM1,148,1.0,0.0,7,1.0,1.0,-0.16243044381210792
C262$@DOM1,148,1.0,0.0,7,1.0,1.0,-0.16243044381210792
C1786$@DOM1,148,1.0,0.0,7,1.0,1.0,-0.16243044381210792
C14047$@DOM1,111,1.0,0.0,6,1.0,1.0,-0.16246494181704596
C11621$@DOM1,111,1.0,0.0,6,1.0,1.0,-0.16246494181704596
C5063$@DOM1,111,1.0,0.0,6,1.0,1.0,-0.16246494181704596
C15640$@DOM1,112,1.0,0.0,6,1.0,1.0,-0.16246494181704596
C1166$@DOM1,112,1.0,0.0,6,1.0,1.0,-0.16246494181704596
C636$@DOM1,111,1.0,0.0,6,1.0,1.0,-0.16246494181704596
C324$@DOM1,112,1.0,0.0,6,1.0,1.0,-0.16246494181704596
C1969$@DOM1,112,1.0,0.0,6,1.0,1.0,-0.16246494181704596
C5035$@DOM1,112,1.0,0.0,6,1.0,1.0,-0.16246494181704596
C7904$@DOM1,145,1.0,0.0,7,1.0,1.0,-0.16248374538883975
C6530$@DOM1,145,1.0,0.0,7,1.0,1.0,-0.16248374538883975
C11270$@DOM1,145,1.0,0.0,7,1.0,1.0,-0.16248374538883975
C3866$@DOM1,145,1.0,0.0,7,1.0,1.0,-0.16248374538883975
C11332$@DOM1,145,1.0,0.0,7,1.0,1.0,-0.16248374538883975
C1153$@DOM1,145,1.0,0.0,7,1.0,1.0,-0.16248374538883975
C6607$@DOM1,145,1.0,0.0,7,1.0,1.0,-0.16248374538883975
C5780$@DOM1,145,1.0,0.0,7,1.0,1.0,-0.16248374538883975
C4208$@DOM1,124,1.0,0.0,7,1.0,1.0,-0.16248631567506094
C3170$@DOM1,124,1.0,0.0,7,1.0,1.0,-0.16248631567506094
C3371$@DOM1,124,1.0,0.0,7,1.0,1.0,-0.16248631567506094
C6041$@DOM1,124,1.0,0.0,7,1.0,1.0,-0.16248631567506094
C5097$@DOM1,124,1.0,0.0,7,1.0,1.0,-0.16248631567506094
C3869$@DOM1,124,1.0,0.0,7,1.0,1.0,-0.16248631567506094
C18323$@DOM1,124,1.0,0.0,7,1.0,1.0,-0.16248631567506094
C20017$@DOM1,124,1.0,0.0,7,1.0,1.0,-0.16248631567506094
C21533$@DOM1,153,1.0,0.0,7,1.0,1.0,-0.16252702234742833
C2102$@DOM1,153,1.0,0.0,7,1.0,1.0,-0.16252702234742833
C13152$@DOM1,153,1.0,0.0,7,1.0,1.0,-0.16252702234742833
C2752$@DOM1,153,1.0,0.0,7,1.0,1.0,-0.16252702234742833
C3013$@DOM1,153,1.0,0.0,7,1.0,1.0,-0.16252702234742833
C2292$@DOM1,153,1.0,0.0,7,1.0,1.0,-0.16252702234742833
C3124$@DOM1,153,1.0,0.0,7,1.0,1.0,-0.16252702234742833
C13134$@DOM1,150,1.0,0.0,7,1.0,1.0,-0.16255389024430922
C7048$@DOM1,150,1.0,0.0,7,1.0,1.0,-0.16255389024430922
C3857$@DOM1,150,1.0,0.0,7,1.0,1.0,-0.16255389024430922
C3468$@DOM1,150,1.0,0.0,7,1.0,1.0,-0.16255389024430922
C1448$@DOM1,150,1.0,0.0,7,1.0,1.0,-0.16255389024430922
C18642$@DOM1,150,1.0,0.0,7,1.0,1.0,-0.16255389024430922
C3402$@DOM1,150,1.0,0.0,7,1.0,1.0,-0.16255389024430922
C1107$@DOM1,150,1.0,0.0,7,1.0,1.0,-0.16255389024430922
C2471$@DOM1,110,1.0,0.0,6,1.0,1.0,-0.16255869731232409
U1312@DOM1,110,1.0,0.0,6,1.0,1.0,-0.16255869731232409
C3443$@DOM1,114,1.0,0.0,6,1.0,1.0,-0.16265092775821355
C7858$@DOM1,114,1.0,0.0,6,1.0,1.0,-0.16265092775821355
U6641@DOM1,114,1.0,0.0,6,1.0,1.0,-0.16265092775821355
C4178$@DOM1,160,1.0,0.0,6,1.0,1.0,-0.16294133136278055
C19908$@DOM1,160,1.0,0.0,6,1.0,1.0,-0.16294133136278055
C11004$@DOM1,160,1.0,0.0,6,1.0,1.0,-0.16294133136278055
C12089$@DOM1,160,1.0,0.0,6,1.0,1.0,-0.16294133136278055
C7701$@DOM1,160,1.0,0.0,6,1.0,1.0,-0.16294133136278055
C16496$@DOM1,160,1.0,0.0,6,1.0,1.0,-0.16294133136278055
C5131$@DOM1,160,1.0,0.0,6,1.0,1.0,-0.16294133136278055
C16088$@DOM1,160,1.0,0.0,6,1.0,1.0,-0.16294133136278055
C5392$@DOM1,160,1.0,0.0,6,1.0,1.0,-0.16294133136278055
C21236$@DOM1,160,1.0,0.0,6,1.0,1.0,-0.16294133136278055
C2117$@DOM1,160,1.0,0.0,6,1.0,1.0,-0.16294133136278055
C4634$@DOM1,160,1.0,0.0,6,1.0,1.0,-0.16294133136278055
C2627$@DOM1,160,1.0,0.0,6,1.0,1.0,-0.16294133136278055
C18159$@DOM1,160,1.0,0.0,6,1.0,1.0,-0.16294133136278055
U1127@DOM1,160,1.0,0.0,6,1.0,1.0,-0.16294133136278055
C18863$@DOM1,160,1.0,0.0,6,1.0,1.0,-0.16294133136278055
C16412$@DOM1,115,1.0,0.0,6,1.0,1.0,-0.16296175176518907
C7137$@DOM1,115,1.0,0.0,6,1.0,1.0,-0.16296175176518907
C8115$@DOM1,115,1.0,0.0,6,1.0,1.0,-0.16296175176518907
C21285$@DOM1,115,1.0,0.0,6,1.0,1.0,-0.16296175176518907
C9426$@DOM1,115,1.0,0.0,6,1.0,1.0,-0.16296175176518907
C7537$@DOM1,115,1.0,0.0,6,1.0,1.0,-0.16296175176518907
C4816$@DOM1,161,1.0,0.0,6,1.0,1.0,-0.1630098469128065
C7679$@DOM1,161,1.0,0.0,6,1.0,1.0,-0.1630098469128065
C5972$@DOM1,161,1.0,0.0,6,1.0,1.0,-0.1630098469128065
C14271$@DOM1,161,1.0,0.0,6,1.0,1.0,-0.1630098469128065
C4905$@DOM1,161,1.0,0.0,6,1.0,1.0,-0.1630098469128065
C353$@DOM1,161,1.0,0.0,6,1.0,1.0,-0.1630098469128065
C14346$@DOM1,161,1.0,0.0,6,1.0,1.0,-0.1630098469128065
C1836$@DOM1,161,1.0,0.0,6,1.0,1.0,-0.1630098469128065
C21347$@DOM1,120,1.0,0.0,7,1.0,1.0,-0.16312028742015072
C60$@DOM1,120,1.0,0.0,7,1.0,1.0,-0.16312028742015072
C8833$@DOM1,120,1.0,0.0,7,1.0,1.0,-0.16312028742015072
C703$@DOM1,120,1.0,0.0,7,1.0,1.0,-0.16312028742015072
C2836$@DOM1,120,1.0,0.0,7,1.0,1.0,-0.16312028742015072
C16028$@DOM1,120,1.0,0.0,7,1.0,1.0,-0.16312028742015072
U5473@DOM1,120,1.0,0.0,7,1.0,1.0,-0.16312028742015072
C10984$@DOM1,120,1.0,0.0,7,1.0,1.0,-0.16312028742015072
C1891$@DOM1,120,1.0,0.0,7,1.0,1.0,-0.16312028742015072
C5521$@DOM1,120,1.0,0.0,7,1.0,1.0,-0.16312028742015072
U295@DOM1,120,1.0,0.0,7,1.0,1.0,-0.16312028742015072
C5424$@DOM1,120,1.0,0.0,7,1.0,1.0,-0.16312028742015072
C3670$@DOM1,120,1.0,0.0,7,1.0,1.0,-0.16312028742015072
C4189$@DOM1,162,1.0,0.0,6,1.0,1.0,-0.1631546824615948
C14294$@DOM1,162,1.0,0.0,6,1.0,1.0,-0.1631546824615948
C14354$@DOM1,162,1.0,0.0,6,1.0,1.0,-0.1631546824615948
C4720$@DOM1,162,1.0,0.0,6,1.0,1.0,-0.1631546824615948
C15792$@DOM1,162,1.0,0.0,6,1.0,1.0,-0.1631546824615948
C4237$@DOM1,162,1.0,0.0,6,1.0,1.0,-0.1631546824615948
C6423$@DOM1,162,1.0,0.0,6,1.0,1.0,-0.1631546824615948
C3637$@DOM1,162,1.0,0.0,6,1.0,1.0,-0.1631546824615948
C15787$@DOM1,162,1.0,0.0,6,1.0,1.0,-0.1631546824615948
C5353$@DOM1,117,1.0,0.0,7,1.0,1.0,-0.1631950402522528
C10488$@DOM1,117,1.0,0.0,7,1.0,1.0,-0.1631950402522528
U5105@DOM1,117,1.0,0.0,7,1.0,1.0,-0.1631950402522528
C2339$@DOM1,117,1.0,0.0,7,1.0,1.0,-0.1631950402522528
U1393@DOM1,117,1.0,0.0,7,1.0,1.0,-0.1631950402522528
C13537$@DOM1,117,1.0,0.0,7,1.0,1.0,-0.1631950402522528
C11541$@DOM1,119,1.0,0.0,7,1.0,1.0,-0.16321689225922265
C2701$@DOM1,119,1.0,0.0,7,1.0,1.0,-0.16321689225922265
C13462$@DOM1,119,1.0,0.0,7,1.0,1.0,-0.16321689225922265
C10008$@DOM1,118,1.0,0.0,7,1.0,1.0,-0.16321689225922265
C16266$@DOM1,118,1.0,0.0,7,1.0,1.0,-0.16321689225922265
C20827$@DOM1,119,1.0,0.0,7,1.0,1.0,-0.16321689225922265
C9163$@DOM1,118,1.0,0.0,7,1.0,1.0,-0.16321689225922265
C4992$@DOM1,119,1.0,0.0,7,1.0,1.0,-0.16321689225922265
C2173$@DOM1,159,1.0,0.0,6,1.0,1.0,-0.16327604982351085
C1435$@DOM1,159,1.0,0.0,6,1.0,1.0,-0.16327604982351085
C3455$@DOM1,159,1.0,0.0,6,1.0,1.0,-0.16327604982351085
C1950$@DOM1,159,1.0,0.0,6,1.0,1.0,-0.16327604982351085
C3550$@DOM1,159,1.0,0.0,6,1.0,1.0,-0.16327604982351085
C10747$@DOM1,159,1.0,0.0,6,1.0,1.0,-0.16327604982351085
C4977$@DOM1,159,1.0,0.0,6,1.0,1.0,-0.16327604982351085
C16979$@DOM1,159,1.0,0.0,6,1.0,1.0,-0.16327604982351085
C350$@DOM1,159,1.0,0.0,6,1.0,1.0,-0.16327604982351085
C21179$@DOM1,159,1.0,0.0,6,1.0,1.0,-0.16327604982351085
C20821$@DOM1,159,1.0,0.0,6,1.0,1.0,-0.16327604982351085
C17490$@DOM1,159,1.0,0.0,6,1.0,1.0,-0.16327604982351085
C11600$@DOM1,159,1.0,0.0,6,1.0,1.0,-0.16327604982351085
C15845$@DOM1,159,1.0,0.0,6,1.0,1.0,-0.16327604982351085
C3373$@DOM1,158,1.0,0.0,6,1.0,1.0,-0.1633601543085993
C20235$@DOM1,158,1.0,0.0,6,1.0,1.0,-0.1633601543085993
C3597$@DOM1,158,1.0,0.0,6,1.0,1.0,-0.1633601543085993
C20681$@DOM1,158,1.0,0.0,6,1.0,1.0,-0.1633601543085993
C18812$@DOM1,158,1.0,0.0,6,1.0,1.0,-0.1633601543085993
C6161$@DOM1,158,1.0,0.0,6,1.0,1.0,-0.1633601543085993
C3782$@DOM1,158,1.0,0.0,6,1.0,1.0,-0.1633601543085993
C4161$@DOM1,158,1.0,0.0,6,1.0,1.0,-0.1633601543085993
C7544$@DOM1,158,1.0,0.0,6,1.0,1.0,-0.1633601543085993
C4410$@DOM1,158,1.0,0.0,6,1.0,1.0,-0.1633601543085993
C12365$@DOM1,158,1.0,0.0,6,1.0,1.0,-0.1633601543085993
C5113$@DOM1,158,1.0,0.0,6,1.0,1.0,-0.1633601543085993
C16074$@DOM1,158,1.0,0.0,6,1.0,1.0,-0.1633601543085993
C11564$@DOM1,158,1.0,0.0,6,1.0,1.0,-0.1633601543085993
C6363$@DOM1,157,1.0,0.0,6,1.0,1.0,-0.16341558650542487
C20163$@DOM1,157,1.0,0.0,6,1.0,1.0,-0.16341558650542487
C11746$@DOM1,157,1.0,0.0,6,1.0,1.0,-0.16341558650542487
C1067$@DOM1,157,1.0,0.0,6,1.0,1.0,-0.16341558650542487
C21386$@DOM1,157,1.0,0.0,6,1.0,1.0,-0.16341558650542487
C4251$@DOM1,157,1.0,0.0,6,1.0,1.0,-0.16341558650542487
C13393$@DOM1,157,1.0,0.0,6,1.0,1.0,-0.16341558650542487
C21363$@DOM1,157,1.0,0.0,6,1.0,1.0,-0.16341558650542487
C12402$@DOM1,157,1.0,0.0,6,1.0,1.0,-0.16341558650542487
C16387$@DOM1,157,1.0,0.0,6,1.0,1.0,-0.16341558650542487
C4585$@DOM1,157,1.0,0.0,6,1.0,1.0,-0.16341558650542487
C19466$@DOM1,156,1.0,0.0,6,1.0,1.0,-0.16352123335234658
C11288$@DOM1,156,1.0,0.0,6,1.0,1.0,-0.16352123335234658
C18152$@DOM1,156,1.0,0.0,6,1.0,1.0,-0.16352123335234658
C16777$@DOM1,156,1.0,0.0,6,1.0,1.0,-0.16352123335234658
C5299$@DOM1,156,1.0,0.0,6,1.0,1.0,-0.16352123335234658
C18178$@DOM1,156,1.0,0.0,6,1.0,1.0,-0.16352123335234658
C3196$@DOM1,156,1.0,0.0,6,1.0,1.0,-0.16352123335234658
C13844$@DOM1,156,1.0,0.0,6,1.0,1.0,-0.16352123335234658
C16631$@DOM1,156,1.0,0.0,6,1.0,1.0,-0.16352123335234658
C9707$@DOM1,156,1.0,0.0,6,1.0,1.0,-0.16352123335234658
C9587$@DOM1,156,1.0,0.0,6,1.0,1.0,-0.16352123335234658
C13711$@DOM1,156,1.0,0.0,6,1.0,1.0,-0.16352123335234658
C1006$@DOM1,156,1.0,0.0,6,1.0,1.0,-0.16352123335234658
C12498$@DOM1,116,1.0,0.0,6,1.0,1.0,-0.1636160316305405
C1875$@DOM1,116,1.0,0.0,6,1.0,1.0,-0.1636160316305405
C5055$@DOM1,116,1.0,0.0,6,1.0,1.0,-0.1636160316305405
C2727$@DOM1,116,1.0,0.0,6,1.0,1.0,-0.1636160316305405
C17001$@DOM1,116,1.0,0.0,6,1.0,1.0,-0.1636160316305405
C4814$@DOM1,116,1.0,0.0,6,1.0,1.0,-0.1636160316305405
C2415$@DOM1,116,1.0,0.0,6,1.0,1.0,-0.1636160316305405
C9585$@DOM1,116,1.0,0.0,6,1.0,1.0,-0.1636160316305405
C4493$@DOM1,155,1.0,0.0,6,1.0,1.0,-0.16363975049609586
C4569$@DOM1,155,1.0,0.0,6,1.0,1.0,-0.16363975049609586
C1670$@DOM1,155,1.0,0.0,6,1.0,1.0,-0.16363975049609586
C4971$@DOM1,155,1.0,0.0,6,1.0,1.0,-0.16363975049609586
C1177$@DOM1,155,1.0,0.0,6,1.0,1.0,-0.16363975049609586
C2540$@DOM1,155,1.0,0.0,6,1.0,1.0,-0.16363975049609586
C12777$@DOM1,155,1.0,0.0,6,1.0,1.0,-0.16363975049609586
C2486$@DOM1,155,1.0,0.0,6,1.0,1.0,-0.16363975049609586
C15149$@DOM1,155,1.0,0.0,6,1.0,1.0,-0.16363975049609586
C3235$@DOM1,155,1.0,0.0,6,1.0,1.0,-0.16363975049609586
C753$@DOM1,155,1.0,0.0,6,1.0,1.0,-0.16363975049609586
C19440$@DOM1,155,1.0,0.0,6,1.0,1.0,-0.16363975049609586
C14168$@DOM1,155,1.0,0.0,6,1.0,1.0,-0.16363975049609586
C4508$@DOM1,135,1.0,0.0,6,1.0,1.0,-0.1636991060469195
C1864$@DOM1,135,1.0,0.0,6,1.0,1.0,-0.1636991060469195
C504$@DOM1,135,1.0,0.0,6,1.0,1.0,-0.1636991060469195
C18074$@DOM1,135,1.0,0.0,6,1.0,1.0,-0.1636991060469195
C4264$@DOM1,135,1.0,0.0,6,1.0,1.0,-0.1636991060469195
C15293$@DOM1,135,1.0,0.0,6,1.0,1.0,-0.1636991060469195
C18306$@DOM1,135,1.0,0.0,6,1.0,1.0,-0.1636991060469195
C6263$@DOM1,135,1.0,0.0,6,1.0,1.0,-0.1636991060469195
C4491$@DOM1,135,1.0,0.0,6,1.0,1.0,-0.1636991060469195
C6817$@DOM1,135,1.0,0.0,6,1.0,1.0,-0.1636991060469195
C6992$@DOM1,136,1.0,0.0,6,1.0,1.0,-0.16375525573820254
C16563$@DOM1,136,1.0,0.0,6,1.0,1.0,-0.16375525573820254
C4887$@DOM1,136,1.0,0.0,6,1.0,1.0,-0.16375525573820254
C1873$@DOM1,136,1.0,0.0,6,1.0,1.0,-0.16375525573820254
C4429$@DOM1,136,1.0,0.0,6,1.0,1.0,-0.16375525573820254
C672$@DOM1,136,1.0,0.0,6,1.0,1.0,-0.16375525573820254
C3730$@DOM1,136,1.0,0.0,6,1.0,1.0,-0.16375525573820254
C2893$@DOM1,136,1.0,0.0,6,1.0,1.0,-0.16375525573820254
C17055$@DOM1,136,1.0,0.0,6,1.0,1.0,-0.16375525573820254
C3475$@DOM1,152,1.0,0.0,6,1.0,1.0,-0.16389090973755266
C5111$@DOM1,152,1.0,0.0,6,1.0,1.0,-0.16389090973755266
C3982$@DOM1,152,1.0,0.0,6,1.0,1.0,-0.16389090973755266
C11255$@DOM1,152,1.0,0.0,6,1.0,1.0,-0.16389090973755266
C11902$@DOM1,152,1.0,0.0,6,1.0,1.0,-0.16389090973755266
C2929$@DOM1,152,1.0,0.0,6,1.0,1.0,-0.16389090973755266
C16909$@DOM1,133,1.0,0.0,6,1.0,1.0,-0.1639106709795886
C1856$@DOM1,133,1.0,0.0,6,1.0,1.0,-0.1639106709795886
C10944$@DOM1,133,1.0,0.0,6,1.0,1.0,-0.1639106709795886
C21539$@DOM1,133,1.0,0.0,6,1.0,1.0,-0.1639106709795886
C8418$@DOM1,133,1.0,0.0,6,1.0,1.0,-0.1639106709795886
C7590$@DOM1,133,1.0,0.0,6,1.0,1.0,-0.1639106709795886
C14829$@DOM1,133,1.0,0.0,6,1.0,1.0,-0.1639106709795886
C12087$@DOM1,133,1.0,0.0,6,1.0,1.0,-0.1639106709795886
C19322$@DOM1,133,1.0,0.0,6,1.0,1.0,-0.1639106709795886
C9947$@DOM1,133,1.0,0.0,6,1.0,1.0,-0.1639106709795886
C3720$@DOM1,133,1.0,0.0,6,1.0,1.0,-0.1639106709795886
C3089$@DOM1,133,1.0,0.0,6,1.0,1.0,-0.1639106709795886
C3405$@DOM1,133,1.0,0.0,6,1.0,1.0,-0.1639106709795886
C3694$@DOM1,154,1.0,0.0,6,1.0,1.0,-0.16394486556513233
C883$@DOM1,154,1.0,0.0,6,1.0,1.0,-0.16394486556513233
C20021$@DOM1,154,1.0,0.0,6,1.0,1.0,-0.16394486556513233
C18409$@DOM1,154,1.0,0.0,6,1.0,1.0,-0.16394486556513233
C12596$@DOM1,154,1.0,0.0,6,1.0,1.0,-0.16394486556513233
C9110$@DOM1,154,1.0,0.0,6,1.0,1.0,-0.16394486556513233
C14349$@DOM1,154,1.0,0.0,6,1.0,1.0,-0.16394486556513233
C3134$@DOM1,154,1.0,0.0,6,1.0,1.0,-0.16394486556513233
C19869$@DOM1,154,1.0,0.0,6,1.0,1.0,-0.16394486556513233
C9570$@DOM1,149,1.0,0.0,6,1.0,1.0,-0.16400358594279235
C20533$@DOM1,149,1.0,0.0,6,1.0,1.0,-0.16400358594279235
C8182$@DOM1,149,1.0,0.0,6,1.0,1.0,-0.16400358594279235
C1698$@DOM1,149,1.0,0.0,6,1.0,1.0,-0.16400358594279235
C18460$@DOM1,149,1.0,0.0,6,1.0,1.0,-0.16400358594279235
C8548$@DOM1,149,1.0,0.0,6,1.0,1.0,-0.16400358594279235
C2947$@DOM1,149,1.0,0.0,6,1.0,1.0,-0.16400358594279235
C795$@DOM1,149,1.0,0.0,6,1.0,1.0,-0.16400358594279235
C20046$@DOM1,149,1.0,0.0,6,1.0,1.0,-0.16400358594279235
U1097@DOM1,149,1.0,0.0,6,1.0,1.0,-0.16400358594279235
C1108$@DOM1,149,1.0,0.0,6,1.0,1.0,-0.16400358594279235
C18403$@DOM1,149,1.0,0.0,6,1.0,1.0,-0.16400358594279235
C11510$@DOM1,149,1.0,0.0,6,1.0,1.0,-0.16400358594279235
C15010$@DOM1,149,1.0,0.0,6,1.0,1.0,-0.16400358594279235
C12958$@DOM1,149,1.0,0.0,6,1.0,1.0,-0.16400358594279235
C3589$@DOM1,149,1.0,0.0,6,1.0,1.0,-0.16400358594279235
C2334$@DOM1,134,1.0,0.0,6,1.0,1.0,-0.16403769050444716
C17536$@DOM1,134,1.0,0.0,6,1.0,1.0,-0.16403769050444716
C3852$@DOM1,134,1.0,0.0,6,1.0,1.0,-0.16403769050444716
C4316$@DOM1,134,1.0,0.0,6,1.0,1.0,-0.16403769050444716
C6005$@DOM1,134,1.0,0.0,6,1.0,1.0,-0.16403769050444716
C3719$@DOM1,134,1.0,0.0,6,1.0,1.0,-0.16403769050444716
U2805@DOM1,134,1.0,0.0,6,1.0,1.0,-0.16403769050444716
C4005$@DOM1,134,1.0,0.0,6,1.0,1.0,-0.16403769050444716
C9824$@DOM1,134,1.0,0.0,6,1.0,1.0,-0.16403769050444716
C5082$@DOM1,134,1.0,0.0,6,1.0,1.0,-0.16403769050444716
U7660@DOM1,132,1.0,0.0,6,1.0,1.0,-0.16404698980536025
C1747$@DOM1,132,1.0,0.0,6,1.0,1.0,-0.16404698980536025
C8242$@DOM1,132,1.0,0.0,6,1.0,1.0,-0.16404698980536025
C7691$@DOM1,132,1.0,0.0,6,1.0,1.0,-0.16404698980536025
C3649$@DOM1,132,1.0,0.0,6,1.0,1.0,-0.16404698980536025
C12494$@DOM1,132,1.0,0.0,6,1.0,1.0,-0.16404698980536025
C2651$@DOM1,132,1.0,0.0,6,1.0,1.0,-0.16404698980536025
C8891$@DOM1,132,1.0,0.0,6,1.0,1.0,-0.16404698980536025
C11057$@DOM1,132,1.0,0.0,6,1.0,1.0,-0.16404698980536025
C6587$@DOM1,132,1.0,0.0,6,1.0,1.0,-0.16404698980536025
C4839$@DOM1,132,1.0,0.0,6,1.0,1.0,-0.16404698980536025
C3605$@DOM1,139,1.0,0.0,6,1.0,1.0,-0.16406566574815074
C16418$@DOM1,140,1.0,0.0,6,1.0,1.0,-0.16406566574815074
C17524$@DOM1,140,1.0,0.0,6,1.0,1.0,-0.16406566574815074
C20938$@DOM1,140,1.0,0.0,6,1.0,1.0,-0.16406566574815074
C95$@DOM1,140,1.0,0.0,6,1.0,1.0,-0.16406566574815074
C5190$@DOM1,140,1.0,0.0,6,1.0,1.0,-0.16406566574815074
C15162$@DOM1,140,1.0,0.0,6,1.0,1.0,-0.16406566574815074
C8838$@DOM1,139,1.0,0.0,6,1.0,1.0,-0.16406566574815074
C19829$@DOM1,139,1.0,0.0,6,1.0,1.0,-0.16406566574815074
C17971$@DOM1,139,1.0,0.0,6,1.0,1.0,-0.16406566574815074
C7624$@DOM1,140,1.0,0.0,6,1.0,1.0,-0.16406566574815074
C5117$@DOM1,139,1.0,0.0,6,1.0,1.0,-0.16406566574815074
C21788$@DOM1,139,1.0,0.0,6,1.0,1.0,-0.16406566574815074
C3906$@DOM1,140,1.0,0.0,6,1.0,1.0,-0.16406566574815074
C1862$@DOM1,140,1.0,0.0,6,1.0,1.0,-0.16406566574815074
C11090$@DOM1,139,1.0,0.0,6,1.0,1.0,-0.16406566574815074
C12042$@DOM1,140,1.0,0.0,6,1.0,1.0,-0.16406566574815074
C20309$@DOM1,140,1.0,0.0,6,1.0,1.0,-0.16406566574815074
C8623$@DOM1,139,1.0,0.0,6,1.0,1.0,-0.16406566574815074
C11149$@DOM1,139,1.0,0.0,6,1.0,1.0,-0.16406566574815074
C17425$@DOM1,140,1.0,0.0,6,1.0,1.0,-0.16406566574815074
C3612$@DOM1,142,1.0,0.0,6,1.0,1.0,-0.16412535475473106
C7794$@DOM1,142,1.0,0.0,6,1.0,1.0,-0.16412535475473106
C3293$@DOM1,142,1.0,0.0,6,1.0,1.0,-0.16412535475473106
C4271$@DOM1,142,1.0,0.0,6,1.0,1.0,-0.16412535475473106
C11772$@DOM1,142,1.0,0.0,6,1.0,1.0,-0.16412535475473106
C9842$@DOM1,142,1.0,0.0,6,1.0,1.0,-0.16412535475473106
C2672$@DOM1,142,1.0,0.0,6,1.0,1.0,-0.16412535475473106
C20044$@DOM1,142,1.0,0.0,6,1.0,1.0,-0.16412535475473106
C17982$@DOM1,142,1.0,0.0,6,1.0,1.0,-0.16412535475473106
C1883$@DOM1,142,1.0,0.0,6,1.0,1.0,-0.16412535475473106
C4620$@DOM1,142,1.0,0.0,6,1.0,1.0,-0.16412535475473106
C19012$@DOM1,142,1.0,0.0,6,1.0,1.0,-0.16412535475473106
C4365$@DOM1,142,1.0,0.0,6,1.0,1.0,-0.16412535475473106
C15447$@DOM1,142,1.0,0.0,6,1.0,1.0,-0.16412535475473106
C6037$@DOM1,142,1.0,0.0,6,1.0,1.0,-0.16412535475473106
C19304$@DOM1,142,1.0,0.0,6,1.0,1.0,-0.16412535475473106
C13581$@DOM1,142,1.0,0.0,6,1.0,1.0,-0.16412535475473106
C5463$@DOM1,120,1.0,0.0,6,1.0,1.0,-0.16414046666445836
C4726$@DOM1,120,1.0,0.0,6,1.0,1.0,-0.16414046666445836
C220$@DOM1,120,1.0,0.0,6,1.0,1.0,-0.16414046666445836
C15729$@DOM1,144,1.0,0.0,6,1.0,1.0,-0.1641548340287481
C18969$@DOM1,144,1.0,0.0,6,1.0,1.0,-0.1641548340287481
C6791$@DOM1,144,1.0,0.0,6,1.0,1.0,-0.1641548340287481
C5957$@DOM1,144,1.0,0.0,6,1.0,1.0,-0.1641548340287481
C10219$@DOM1,144,1.0,0.0,6,1.0,1.0,-0.1641548340287481
C974$@DOM1,144,1.0,0.0,6,1.0,1.0,-0.1641548340287481
C10144$@DOM1,144,1.0,0.0,6,1.0,1.0,-0.1641548340287481
C1596$@DOM1,144,1.0,0.0,6,1.0,1.0,-0.1641548340287481
C1215$@DOM1,144,1.0,0.0,6,1.0,1.0,-0.1641548340287481
C19250$@DOM1,144,1.0,0.0,6,1.0,1.0,-0.1641548340287481
C2192$@DOM1,144,1.0,0.0,6,1.0,1.0,-0.1641548340287481
C19295$@DOM1,144,1.0,0.0,6,1.0,1.0,-0.1641548340287481
C17026$@DOM1,144,1.0,0.0,6,1.0,1.0,-0.1641548340287481
C15453$@DOM1,144,1.0,0.0,6,1.0,1.0,-0.1641548340287481
C4728$@DOM1,144,1.0,0.0,6,1.0,1.0,-0.1641548340287481
C2069$@DOM1,144,1.0,0.0,6,1.0,1.0,-0.1641548340287481
C268$@DOM1,144,1.0,0.0,6,1.0,1.0,-0.1641548340287481
U2471@DOM1,144,1.0,0.0,6,1.0,1.0,-0.1641548340287481
C13408$@DOM1,153,1.0,0.0,6,1.0,1.0,-0.1641562607088375
C11481$@DOM1,153,1.0,0.0,6,1.0,1.0,-0.1641562607088375
C13966$@DOM1,153,1.0,0.0,6,1.0,1.0,-0.1641562607088375
C1397$@DOM1,153,1.0,0.0,6,1.0,1.0,-0.1641562607088375
C20754$@DOM1,153,1.0,0.0,6,1.0,1.0,-0.1641562607088375
C632$@DOM1,153,1.0,0.0,6,1.0,1.0,-0.1641562607088375
C14525$@DOM1,153,1.0,0.0,6,1.0,1.0,-0.1641562607088375
C2283$@DOM1,153,1.0,0.0,6,1.0,1.0,-0.1641562607088375
C14225$@DOM1,153,1.0,0.0,6,1.0,1.0,-0.1641562607088375
C6645$@DOM1,153,1.0,0.0,6,1.0,1.0,-0.1641562607088375
C1210$@DOM1,153,1.0,0.0,6,1.0,1.0,-0.1641562607088375
C7483$@DOM1,153,1.0,0.0,6,1.0,1.0,-0.1641562607088375
C10803$@DOM1,141,1.0,0.0,6,1.0,1.0,-0.16419117160863494
C7842$@DOM1,141,1.0,0.0,6,1.0,1.0,-0.16419117160863494
C2983$@DOM1,141,1.0,0.0,6,1.0,1.0,-0.16419117160863494
C2212$@DOM1,141,1.0,0.0,6,1.0,1.0,-0.16419117160863494
C2529$@DOM1,141,1.0,0.0,6,1.0,1.0,-0.16419117160863494
C1438$@DOM1,141,1.0,0.0,6,1.0,1.0,-0.16419117160863494
C21192$@DOM1,141,1.0,0.0,6,1.0,1.0,-0.16419117160863494
C19129$@DOM1,141,1.0,0.0,6,1.0,1.0,-0.16419117160863494
C19733$@DOM1,141,1.0,0.0,6,1.0,1.0,-0.16419117160863494
C9731$@DOM1,141,1.0,0.0,6,1.0,1.0,-0.16419117160863494
C15611$@DOM1,141,1.0,0.0,6,1.0,1.0,-0.16419117160863494
C20322$@DOM1,141,1.0,0.0,6,1.0,1.0,-0.16419117160863494
C5538$@DOM1,141,1.0,0.0,6,1.0,1.0,-0.16419117160863494
C1360$@DOM1,141,1.0,0.0,6,1.0,1.0,-0.16419117160863494
C7728$@DOM1,141,1.0,0.0,6,1.0,1.0,-0.16419117160863494
C3189$@DOM1,141,1.0,0.0,6,1.0,1.0,-0.16419117160863494
C21728$@DOM1,151,1.0,0.0,6,1.0,1.0,-0.16423770520959408
C13551$@DOM1,151,1.0,0.0,6,1.0,1.0,-0.16423770520959408
C6657$@DOM1,151,1.0,0.0,6,1.0,1.0,-0.16423770520959408
C4293$@DOM1,151,1.0,0.0,6,1.0,1.0,-0.16423770520959408
C15414$@DOM1,151,1.0,0.0,6,1.0,1.0,-0.16423770520959408
C458$@DOM1,151,1.0,0.0,6,1.0,1.0,-0.16423770520959408
C4464$@DOM1,151,1.0,0.0,6,1.0,1.0,-0.16423770520959408
C1465$@DOM1,151,1.0,0.0,6,1.0,1.0,-0.16423770520959408
C2846$@DOM1,151,1.0,0.0,6,1.0,1.0,-0.16423770520959408
C16140$@DOM1,151,1.0,0.0,6,1.0,1.0,-0.16423770520959408
C2301$@DOM1,122,1.0,0.0,6,1.0,1.0,-0.16424881107813177
C21093$@DOM1,122,1.0,0.0,6,1.0,1.0,-0.16424881107813177
C11525$@DOM1,122,1.0,0.0,6,1.0,1.0,-0.16424881107813177
C3688$@DOM1,122,1.0,0.0,6,1.0,1.0,-0.16424881107813177
C1523$@DOM1,122,1.0,0.0,6,1.0,1.0,-0.16424881107813177
C1895$@DOM1,122,1.0,0.0,6,1.0,1.0,-0.16424881107813177
C4332$@DOM1,122,1.0,0.0,6,1.0,1.0,-0.16424881107813177
C2354$@DOM1,122,1.0,0.0,6,1.0,1.0,-0.16424881107813177
C16637$@DOM1,122,1.0,0.0,6,1.0,1.0,-0.16424881107813177
C10486$@DOM1,121,1.0,0.0,6,1.0,1.0,-0.16426515452673113
C5157$@DOM1,121,1.0,0.0,6,1.0,1.0,-0.16426515452673113
C8531$@DOM1,121,1.0,0.0,6,1.0,1.0,-0.16426515452673113
C3770$@DOM1,121,1.0,0.0,6,1.0,1.0,-0.16426515452673113
C1731$@DOM1,121,1.0,0.0,6,1.0,1.0,-0.16426515452673113
C11174$@DOM1,143,1.0,0.0,6,1.0,1.0,-0.16428564557316971
C2370$@DOM1,143,1.0,0.0,6,1.0,1.0,-0.16428564557316971
C3186$@DOM1,143,1.0,0.0,6,1.0,1.0,-0.16428564557316971
C1103$@DOM1,143,1.0,0.0,6,1.0,1.0,-0.16428564557316971
C4962$@DOM1,143,1.0,0.0,6,1.0,1.0,-0.16428564557316971
C16126$@DOM1,143,1.0,0.0,6,1.0,1.0,-0.16428564557316971
C4722$@DOM1,143,1.0,0.0,6,1.0,1.0,-0.16428564557316971
C15119$@DOM1,143,1.0,0.0,6,1.0,1.0,-0.16428564557316971
C1638$@DOM1,143,1.0,0.0,6,1.0,1.0,-0.16428564557316971
C6067$@DOM1,143,1.0,0.0,6,1.0,1.0,-0.16428564557316971
C2501$@DOM1,138,1.0,0.0,6,1.0,1.0,-0.16431713384618474
C18009$@DOM1,138,1.0,0.0,6,1.0,1.0,-0.16431713384618474
C15095$@DOM1,138,1.0,0.0,6,1.0,1.0,-0.16431713384618474
C5386$@DOM1,138,1.0,0.0,6,1.0,1.0,-0.16431713384618474
C11629$@DOM1,138,1.0,0.0,6,1.0,1.0,-0.16431713384618474
C7639$@DOM1,138,1.0,0.0,6,1.0,1.0,-0.16431713384618474
C5018$@DOM1,138,1.0,0.0,6,1.0,1.0,-0.16431713384618474
C5039$@DOM1,138,1.0,0.0,6,1.0,1.0,-0.16431713384618474
C3084$@DOM1,138,1.0,0.0,6,1.0,1.0,-0.16431713384618474
C15937$@DOM1,117,1.0,0.0,6,1.0,1.0,-0.16431727066415297
C16508$@DOM1,117,1.0,0.0,6,1.0,1.0,-0.16431727066415297
C19760$@DOM1,117,1.0,0.0,6,1.0,1.0,-0.16431727066415297
C5037$@DOM1,118,1.0,0.0,6,1.0,1.0,-0.16433904986047654
C10847$@DOM1,119,1.0,0.0,6,1.0,1.0,-0.16433904986047654
C12170$@DOM1,118,1.0,0.0,6,1.0,1.0,-0.16433904986047654
C5379$@DOM1,119,1.0,0.0,6,1.0,1.0,-0.16433904986047654
C19339$@DOM1,119,1.0,0.0,6,1.0,1.0,-0.16433904986047654
C6413$@DOM1,118,1.0,0.0,6,1.0,1.0,-0.16433904986047654
C15112$@DOM1,118,1.0,0.0,6,1.0,1.0,-0.16433904986047654
C13126$@DOM1,118,1.0,0.0,6,1.0,1.0,-0.16433904986047654
C4025$@DOM1,118,1.0,0.0,6,1.0,1.0,-0.16433904986047654
C4618$@DOM1,119,1.0,0.0,6,1.0,1.0,-0.16433904986047654
C5105$@DOM1,119,1.0,0.0,6,1.0,1.0,-0.16433904986047654
C21254$@DOM1,119,1.0,0.0,6,1.0,1.0,-0.16433904986047654
C2863$@DOM1,119,1.0,0.0,6,1.0,1.0,-0.16433904986047654
C3703$@DOM1,118,1.0,0.0,6,1.0,1.0,-0.16433904986047654
C4891$@DOM1,119,1.0,0.0,6,1.0,1.0,-0.16433904986047654
C3622$@DOM1,119,1.0,0.0,6,1.0,1.0,-0.16433904986047654
C1707$@DOM1,118,1.0,0.0,6,1.0,1.0,-0.16433904986047654
C4940$@DOM1,118,1.0,0.0,6,1.0,1.0,-0.16433904986047654
C21054$@DOM1,150,1.0,0.0,6,1.0,1.0,-0.1643512537983382
C8285$@DOM1,150,1.0,0.0,6,1.0,1.0,-0.1643512537983382
C15455$@DOM1,150,1.0,0.0,6,1.0,1.0,-0.1643512537983382
C3261$@DOM1,150,1.0,0.0,6,1.0,1.0,-0.1643512537983382
C12296$@DOM1,150,1.0,0.0,6,1.0,1.0,-0.1643512537983382
C7335$@DOM1,150,1.0,0.0,6,1.0,1.0,-0.1643512537983382
C2287$@DOM1,150,1.0,0.0,6,1.0,1.0,-0.1643512537983382
C2725$@DOM1,150,1.0,0.0,6,1.0,1.0,-0.1643512537983382
C5165$@DOM1,150,1.0,0.0,6,1.0,1.0,-0.1643512537983382
C12939$@DOM1,150,1.0,0.0,6,1.0,1.0,-0.1643512537983382
C21202$@DOM1,150,1.0,0.0,6,1.0,1.0,-0.1643512537983382
C19574$@DOM1,150,1.0,0.0,6,1.0,1.0,-0.1643512537983382
C9873$@DOM1,150,1.0,0.0,6,1.0,1.0,-0.1643512537983382
C19483$@DOM1,127,1.0,0.0,6,1.0,1.0,-0.16437270324935588
C16023$@DOM1,127,1.0,0.0,6,1.0,1.0,-0.16437270324935588
C12806$@DOM1,127,1.0,0.0,6,1.0,1.0,-0.16437270324935588
C4398$@DOM1,127,1.0,0.0,6,1.0,1.0,-0.16437270324935588
C7109$@DOM1,127,1.0,0.0,6,1.0,1.0,-0.16437270324935588
C3352$@DOM1,127,1.0,0.0,6,1.0,1.0,-0.16437270324935588
C10165$@DOM1,127,1.0,0.0,6,1.0,1.0,-0.16437270324935588
C4337$@DOM1,127,1.0,0.0,6,1.0,1.0,-0.16437270324935588
C3150$@DOM1,127,1.0,0.0,6,1.0,1.0,-0.16437270324935588
C13847$@DOM1,127,1.0,0.0,6,1.0,1.0,-0.16437270324935588
C2608$@DOM1,127,1.0,0.0,6,1.0,1.0,-0.16437270324935588
C3114$@DOM1,127,1.0,0.0,6,1.0,1.0,-0.16437270324935588
C16314$@DOM1,148,1.0,0.0,6,1.0,1.0,-0.16437912661886817
C16490$@DOM1,148,1.0,0.0,6,1.0,1.0,-0.16437912661886817
U1653@DOM1,148,1.0,0.0,6,1.0,1.0,-0.16437912661886817
C4543$@DOM1,148,1.0,0.0,6,1.0,1.0,-0.16437912661886817
C4183$@DOM1,148,1.0,0.0,6,1.0,1.0,-0.16437912661886817
C3716$@DOM1,148,1.0,0.0,6,1.0,1.0,-0.16437912661886817
C9082$@DOM1,148,1.0,0.0,6,1.0,1.0,-0.16437912661886817
C6981$@DOM1,148,1.0,0.0,6,1.0,1.0,-0.16437912661886817
C4829$@DOM1,148,1.0,0.0,6,1.0,1.0,-0.16437912661886817
C4440$@DOM1,148,1.0,0.0,6,1.0,1.0,-0.16437912661886817
C18751$@DOM1,148,1.0,0.0,6,1.0,1.0,-0.16437912661886817
C7863$@DOM1,148,1.0,0.0,6,1.0,1.0,-0.16437912661886817
C3565$@DOM1,148,1.0,0.0,6,1.0,1.0,-0.16437912661886817
C16890$@DOM1,148,1.0,0.0,6,1.0,1.0,-0.16437912661886817
C2127$@DOM1,148,1.0,0.0,6,1.0,1.0,-0.16437912661886817
C4574$@DOM1,137,1.0,0.0,6,1.0,1.0,-0.16441078707086298
C4497$@DOM1,137,1.0,0.0,6,1.0,1.0,-0.16441078707086298
C16360$@DOM1,137,1.0,0.0,6,1.0,1.0,-0.16441078707086298
C12445$@DOM1,137,1.0,0.0,6,1.0,1.0,-0.16441078707086298
C19491$@DOM1,137,1.0,0.0,6,1.0,1.0,-0.16441078707086298
C18874$@DOM1,137,1.0,0.0,6,1.0,1.0,-0.16441078707086298
C18349$@DOM1,137,1.0,0.0,6,1.0,1.0,-0.16441078707086298
C18835$@DOM1,137,1.0,0.0,6,1.0,1.0,-0.16441078707086298
C19940$@DOM1,137,1.0,0.0,6,1.0,1.0,-0.16441078707086298
C5295$@DOM1,137,1.0,0.0,6,1.0,1.0,-0.16441078707086298
C14438$@DOM1,147,1.0,0.0,6,1.0,1.0,-0.1644617575623838
C2304$@DOM1,147,1.0,0.0,6,1.0,1.0,-0.1644617575623838
C18688$@DOM1,147,1.0,0.0,6,1.0,1.0,-0.1644617575623838
C17907$@DOM1,145,1.0,0.0,6,1.0,1.0,-0.1644617575623838
C20613$@DOM1,145,1.0,0.0,6,1.0,1.0,-0.1644617575623838
C4495$@DOM1,145,1.0,0.0,6,1.0,1.0,-0.1644617575623838
C4459$@DOM1,145,1.0,0.0,6,1.0,1.0,-0.1644617575623838
C4856$@DOM1,145,1.0,0.0,6,1.0,1.0,-0.1644617575623838
C4556$@DOM1,147,1.0,0.0,6,1.0,1.0,-0.1644617575623838
C6566$@DOM1,147,1.0,0.0,6,1.0,1.0,-0.1644617575623838
C2966$@DOM1,145,1.0,0.0,6,1.0,1.0,-0.1644617575623838
C2440$@DOM1,145,1.0,0.0,6,1.0,1.0,-0.1644617575623838
C5286$@DOM1,145,1.0,0.0,6,1.0,1.0,-0.1644617575623838
C21553$@DOM1,145,1.0,0.0,6,1.0,1.0,-0.1644617575623838
C9875$@DOM1,147,1.0,0.0,6,1.0,1.0,-0.1644617575623838
C3076$@DOM1,147,1.0,0.0,6,1.0,1.0,-0.1644617575623838
C2113$@DOM1,145,1.0,0.0,6,1.0,1.0,-0.1644617575623838
C3548$@DOM1,147,1.0,0.0,6,1.0,1.0,-0.1644617575623838
C15616$@DOM1,145,1.0,0.0,6,1.0,1.0,-0.1644617575623838
C3645$@DOM1,145,1.0,0.0,6,1.0,1.0,-0.1644617575623838
C2582$@DOM1,147,1.0,0.0,6,1.0,1.0,-0.1644617575623838
C4405$@DOM1,145,1.0,0.0,6,1.0,1.0,-0.1644617575623838
C5402$@DOM1,147,1.0,0.0,6,1.0,1.0,-0.1644617575623838
C13095$@DOM1,146,1.0,0.0,6,1.0,1.0,-0.1644617575623838
C4335$@DOM1,146,1.0,0.0,6,1.0,1.0,-0.1644617575623838
C13164$@DOM1,145,1.0,0.0,6,1.0,1.0,-0.1644617575623838
C5327$@DOM1,145,1.0,0.0,6,1.0,1.0,-0.1644617575623838
C20069$@DOM1,147,1.0,0.0,6,1.0,1.0,-0.1644617575623838
C12267$@DOM1,147,1.0,0.0,6,1.0,1.0,-0.1644617575623838
C15741$@DOM1,145,1.0,0.0,6,1.0,1.0,-0.1644617575623838
C2732$@DOM1,145,1.0,0.0,6,1.0,1.0,-0.1644617575623838
C8567$@DOM1,147,1.0,0.0,6,1.0,1.0,-0.1644617575623838
C12273$@DOM1,146,1.0,0.0,6,1.0,1.0,-0.1644617575623838
C4761$@DOM1,147,1.0,0.0,6,1.0,1.0,-0.1644617575623838
C21594$@DOM1,146,1.0,0.0,6,1.0,1.0,-0.1644617575623838
C4769$@DOM1,147,1.0,0.0,6,1.0,1.0,-0.1644617575623838
C3450$@DOM1,145,1.0,0.0,6,1.0,1.0,-0.1644617575623838
C14506$@DOM1,146,1.0,0.0,6,1.0,1.0,-0.1644617575623838
C3884$@DOM1,129,1.0,0.0,6,1.0,1.0,-0.16447076916201175
C6841$@DOM1,130,1.0,0.0,6,1.0,1.0,-0.16447076916201175
C2687$@DOM1,130,1.0,0.0,6,1.0,1.0,-0.16447076916201175
C4716$@DOM1,130,1.0,0.0,6,1.0,1.0,-0.16447076916201175
C1552$@DOM1,129,1.0,0.0,6,1.0,1.0,-0.16447076916201175
C20760$@DOM1,128,1.0,0.0,6,1.0,1.0,-0.16447076916201175
C2395$@DOM1,129,1.0,0.0,6,1.0,1.0,-0.16447076916201175
C21006$@DOM1,128,1.0,0.0,6,1.0,1.0,-0.16447076916201175
C5412$@DOM1,130,1.0,0.0,6,1.0,1.0,-0.16447076916201175
C3804$@DOM1,129,1.0,0.0,6,1.0,1.0,-0.16447076916201175
C2473$@DOM1,131,1.0,0.0,6,1.0,1.0,-0.16447076916201175
C19963$@DOM1,130,1.0,0.0,6,1.0,1.0,-0.16447076916201175
C1825$@DOM1,129,1.0,0.0,6,1.0,1.0,-0.16447076916201175
C8863$@DOM1,128,1.0,0.0,6,1.0,1.0,-0.16447076916201175
C597$@DOM1,131,1.0,0.0,6,1.0,1.0,-0.16447076916201175
C10161$@DOM1,130,1.0,0.0,6,1.0,1.0,-0.16447076916201175
C5$@DOM1,130,1.0,0.0,6,1.0,1.0,-0.16447076916201175
C3151$@DOM1,130,1.0,0.0,6,1.0,1.0,-0.16447076916201175
C17322$@DOM1,128,1.0,0.0,6,1.0,1.0,-0.16447076916201175
C17141$@DOM1,129,1.0,0.0,6,1.0,1.0,-0.16447076916201175
C19361$@DOM1,130,1.0,0.0,6,1.0,1.0,-0.16447076916201175
C5216$@DOM1,130,1.0,0.0,6,1.0,1.0,-0.16447076916201175
C4485$@DOM1,131,1.0,0.0,6,1.0,1.0,-0.16447076916201175
C21162$@DOM1,130,1.0,0.0,6,1.0,1.0,-0.16447076916201175
C3675$@DOM1,131,1.0,0.0,6,1.0,1.0,-0.16447076916201175
C14174$@DOM1,131,1.0,0.0,6,1.0,1.0,-0.16447076916201175
C4889$@DOM1,130,1.0,0.0,6,1.0,1.0,-0.16447076916201175
C2564$@DOM1,129,1.0,0.0,6,1.0,1.0,-0.16447076916201175
C2565$@DOM1,131,1.0,0.0,6,1.0,1.0,-0.16447076916201175
C15775$@DOM1,131,1.0,0.0,6,1.0,1.0,-0.16447076916201175
C3578$@DOM1,130,1.0,0.0,6,1.0,1.0,-0.16447076916201175
C2261$@DOM1,128,1.0,0.0,6,1.0,1.0,-0.16447076916201175
C16989$@DOM1,131,1.0,0.0,6,1.0,1.0,-0.16447076916201175
C3816$@DOM1,130,1.0,0.0,6,1.0,1.0,-0.16447076916201175
C4741$@DOM1,130,1.0,0.0,6,1.0,1.0,-0.16447076916201175
C17329$@DOM1,131,1.0,0.0,6,1.0,1.0,-0.16447076916201175
C7002$@DOM1,130,1.0,0.0,6,1.0,1.0,-0.16447076916201175
C15694$@DOM1,130,1.0,0.0,6,1.0,1.0,-0.16447076916201175
C2918$@DOM1,129,1.0,0.0,6,1.0,1.0,-0.16447076916201175
C3506$@DOM1,131,1.0,0.0,6,1.0,1.0,-0.16447076916201175
C19210$@DOM1,131,1.0,0.0,6,1.0,1.0,-0.16447076916201175
C4877$@DOM1,130,1.0,0.0,6,1.0,1.0,-0.16447076916201175
C18471$@DOM1,128,1.0,0.0,6,1.0,1.0,-0.16447076916201175
C5401$@DOM1,128,1.0,0.0,6,1.0,1.0,-0.16447076916201175
C5147$@DOM1,129,1.0,0.0,6,1.0,1.0,-0.16447076916201175
C7630$@DOM1,130,1.0,0.0,6,1.0,1.0,-0.16447076916201175
C18745$@DOM1,130,1.0,0.0,6,1.0,1.0,-0.16447076916201175
C15399$@DOM1,126,1.0,0.0,6,1.0,1.0,-0.16447432503930193
C5345$@DOM1,126,1.0,0.0,6,1.0,1.0,-0.16447432503930193
C18789$@DOM1,126,1.0,0.0,6,1.0,1.0,-0.16447432503930193
C11178$@DOM1,126,1.0,0.0,6,1.0,1.0,-0.16447432503930193
C3024$@DOM1,126,1.0,0.0,6,1.0,1.0,-0.16447432503930193
C1675$@DOM1,126,1.0,0.0,6,1.0,1.0,-0.16447432503930193
C4950$@DOM1,126,1.0,0.0,6,1.0,1.0,-0.16447432503930193
C3949$@DOM1,123,1.0,0.0,6,1.0,1.0,-0.16448344595937758
C13879$@DOM1,123,1.0,0.0,6,1.0,1.0,-0.16448344595937758
C4603$@DOM1,123,1.0,0.0,6,1.0,1.0,-0.16448344595937758
C18294$@DOM1,123,1.0,0.0,6,1.0,1.0,-0.16448344595937758
C2498$@DOM1,123,1.0,0.0,6,1.0,1.0,-0.16448344595937758
C3977$@DOM1,123,1.0,0.0,6,1.0,1.0,-0.16448344595937758
C18444$@DOM1,123,1.0,0.0,6,1.0,1.0,-0.16448344595937758
C3938$@DOM1,123,1.0,0.0,6,1.0,1.0,-0.16448344595937758
C5090$@DOM1,124,1.0,0.0,6,1.0,1.0,-0.16460944895229046
C4994$@DOM1,124,1.0,0.0,6,1.0,1.0,-0.16460944895229046
C6281$@DOM1,124,1.0,0.0,6,1.0,1.0,-0.16460944895229046
C16762$@DOM1,124,1.0,0.0,6,1.0,1.0,-0.16460944895229046
C4893$@DOM1,124,1.0,0.0,6,1.0,1.0,-0.16460944895229046
C2669$@DOM1,124,1.0,0.0,6,1.0,1.0,-0.16460944895229046
C10423$@DOM1,124,1.0,0.0,6,1.0,1.0,-0.16460944895229046
C4782$@DOM1,125,1.0,0.0,6,1.0,1.0,-0.16467839406288642
C4020$@DOM1,125,1.0,0.0,6,1.0,1.0,-0.16467839406288642
C5047$@DOM1,125,1.0,0.0,6,1.0,1.0,-0.16467839406288642
C2706$@DOM1,125,1.0,0.0,6,1.0,1.0,-0.16467839406288642
C14184$@DOM1,125,1.0,0.0,6,1.0,1.0,-0.16467839406288642
C2633$@DOM1,125,1.0,0.0,6,1.0,1.0,-0.16467839406288642
C16430$@DOM1,125,1.0,0.0,6,1.0,1.0,-0.16467839406288642
C650$@DOM1,125,1.0,0.0,6,1.0,1.0,-0.16467839406288642
C5277$@DOM1,125,1.0,0.0,6,1.0,1.0,-0.16467839406288642
C5536$@DOM1,125,1.0,0.0,6,1.0,1.0,-0.16467839406288642
C5455$@DOM1,125,1.0,0.0,6,1.0,1.0,-0.16467839406288642
C8466$@DOM1,125,1.0,0.0,6,1.0,1.0,-0.16467839406288642
